,Player,Squad,90s,Tackles - Tkl,Tackles - TklW,Tackles - Def 3rd,Tackles - Mid 3rd,Tackles - Att 3rd,Challenges - Tkl,Challenges - Att,Challenges - Tkl%,Challenges - Lost,Blocks - Blocks,Blocks - Sh,Blocks - Pass,Int,Tkl+Int,Clr,Err
0,Brenden Aaronson,Leeds United,26.4,45,18,16,22,7,15,46,32.6,31,43,3,40,5,50,6,1
1,Paxten Aaronson,Eint Frankfurt,1.9,6,5,2,2,2,2,3,66.7,1,2,1,1,0,6,2,0
2,James Abankwah,Udinese,0.7,1,1,0,1,0,0,0,0.0,0,4,2,2,0,1,5,0
3,George Abbott,Tottenham,0.0,0,0,0,0,0,0,0,0.0,0,0,0,0,1,1,0,0
4,Yunis Abdelhamid,Reims,37.0,82,50,47,33,2,39,52,75.0,13,65,27,38,64,146,116,1
5,Himad Abdelli,Angers,23.7,64,38,22,32,10,31,67,46.3,36,30,1,29,28,92,15,0
6,Salis Abdul Samed,Lens,32.2,46,26,18,23,5,29,52,55.8,23,38,9,29,36,82,26,0
7,Laurent Abergel,Lorient,26.0,92,52,59,30,3,39,92,42.4,53,47,8,39,34,126,39,0
8,Oliver Abildgaard,Hellas Verona,6.6,10,6,6,3,1,7,16,43.8,9,7,1,6,5,15,17,0
9,Matthis Abline,Auxerre,9.0,4,2,0,3,1,0,5,0.0,5,6,1,5,1,5,1,0
10,Matthis Abline,Rennes,1.2,1,1,0,0,1,1,1,100.0,0,1,0,1,2,3,1,0
11,Abner,Betis,6.7,12,9,9,2,1,7,16,43.8,9,8,2,6,8,20,24,0
12,Zakaria Aboukhlal,Toulouse,27.5,33,23,13,9,11,14,45,31.1,31,18,1,17,22,55,23,0
13,Tammy Abraham,Roma,24.3,17,10,4,8,5,3,16,18.8,13,10,4,6,3,20,14,0
14,Christian Acella,Cremonese,0.2,1,0,1,0,0,0,2,0.0,2,0,0,0,0,1,0,0
15,Francesco Acerbi,Inter,26.9,33,19,22,7,4,20,27,74.1,7,25,18,7,41,74,85,2
16,Alvaro Aceves,Valladolid,0.1,0,0,0,0,0,0,0,0.0,0,0,0,0,0,0,0,0
17,Mohamed Achi,Nantes,0.4,1,1,1,0,0,1,1,100.0,0,0,0,0,0,1,0,0
18,Marcos Acuna,Sevilla,21.2,57,36,34,17,6,30,42,71.4,12,16,5,11,23,80,36,0
19,Che Adams,Southampton,22.1,17,13,7,8,2,7,12,58.3,5,13,4,9,4,21,22,0
20,Tyler Adams,Leeds United,24.0,89,46,44,35,10,50,77,64.9,27,48,8,40,35,124,29,0
21,Sargis Adamyan,Köln,7.2,14,7,5,3,6,7,17,41.2,10,12,0,12,4,18,5,0
22,Tosin Adarabioyo,Fulham,23.2,30,13,22,6,2,16,23,69.6,7,20,15,5,26,56,140,1
23,Martin Adeline,Reims,1.2,3,3,2,1,0,3,4,75.0,1,3,1,2,3,6,3,0
24,Karim Adeyemi,Dortmund,15.4,16,11,6,6,4,8,30,26.7,22,18,1,17,7,23,3,0
26,Amine Adli,Leverkusen,15.9,18,10,4,6,8,5,17,29.4,12,28,2,26,6,24,7,0
27,Yacine Adli,Milan,1.6,6,3,2,4,0,2,2,100.0,0,2,0,2,1,7,1,0
28,Michel Aebischer,Bologna,17.1,12,6,3,6,3,2,18,11.1,16,14,2,12,7,19,9,0
29,Felix Afena-Gyan,Cremonese,9.1,7,3,4,1,2,2,10,20.0,8,5,1,4,1,8,6,0
30,Emmanuel Agbadou,Reims,26.5,71,49,53,16,2,42,65,64.6,23,30,14,16,32,103,107,3
31,Julen Agirrezabala,Athletic Club,7.5,0,0,0,0,0,0,0,0.0,0,0,0,0,0,0,2,0
32,Lucien Agoume,Troyes,12.2,42,25,18,15,9,17,33,51.5,16,14,5,9,27,69,24,0
33,Felix Agu,Werder Bremen,0.5,1,0,0,1,0,0,0,0.0,0,1,1,0,0,1,0,0
34,Alvaro Aguado,Valladolid,21.0,27,15,13,11,3,15,25,60.0,10,16,4,12,13,40,15,0
35,Kevin Agudelo,Spezia,23.7,71,38,22,30,19,25,59,42.4,34,39,5,34,10,81,6,0
36,Nayef Aguerd,West Ham,17.7,27,18,18,8,1,13,20,65.0,7,26,24,2,18,45,79,2
37,Ruben Aguilar,Monaco,13.0,19,9,7,7,5,8,22,36.4,14,13,1,12,18,37,28,1
38,Naouirou Ahamada,Crystal Palace,1.0,3,2,3,0,0,1,3,33.3,2,2,0,2,0,3,0,0
39,Naouirou Ahamada,Stuttgart,15.5,17,11,7,7,3,8,20,40.0,12,16,5,11,8,25,7,0
40,Amar Ahmed,Troyes,0.2,1,1,0,1,0,0,1,0.0,1,0,0,0,1,2,0,0
41,Jean-Eudes Aholou,Strasbourg,14.4,34,20,10,20,4,12,31,38.7,19,25,0,25,24,58,15,0
42,Joseph Aidoo,Celta Vigo,34.7,51,36,33,17,1,16,28,57.1,12,26,14,12,31,82,150,0
43,Ola Aina,Torino,9.7,17,13,5,8,4,9,15,60.0,6,12,2,10,11,28,26,0
44,Rayan Ait Nouri,Wolves,12.0,33,20,25,7,1,9,15,60.0,6,3,0,3,9,42,28,0
45,Emanuel Aiwum,Cremonese,18.4,55,34,36,17,2,33,47,70.2,14,28,16,12,25,80,52,3
46,Kristoffer Ajer,Brentford,8.5,11,8,5,4,2,9,16,56.3,7,6,5,1,7,18,22,0
47,Ludovic Ajorque,Strasbourg,8.6,5,4,1,4,0,3,9,33.3,6,3,1,2,2,7,7,0
48,Ludovic Ajorque,Mainz 05,13.5,6,5,1,4,1,1,9,11.1,8,8,2,6,1,7,8,0
49,Manuel Akanji,Manchester City,25.4,36,25,15,18,3,23,36,63.9,13,27,9,18,16,52,33,0
50,Nathan Ake,Manchester City,20.8,26,12,15,9,2,11,15,73.3,4,20,10,10,20,46,48,0
52,Sergio Akieme,Almería,25.5,27,16,19,6,2,12,22,54.5,10,22,6,16,14,41,41,0
53,Babatunde Akinsola,Valladolid,0.1,1,1,0,0,1,0,0,0.0,0,0,0,0,0,1,0,0
54,Maghnes Akliouche,Monaco,4.5,7,4,4,3,0,2,8,25.0,6,2,0,2,3,10,2,0
55,Paul Akouokou,Betis,5.0,16,9,13,3,0,13,20,65.0,7,2,2,0,12,28,17,1
56,Jean-Daniel Akpa-Akpro,Empoli,15.1,53,37,25,19,9,23,42,54.8,19,35,4,31,13,66,27,0
57,Kevin Akpoguma,Hoffenheim,21.7,75,44,45,27,3,32,45,71.1,13,45,16,29,24,99,70,1
58,David Alaba,Real Madrid,20.4,15,11,8,4,3,9,15,60.0,6,18,9,9,14,29,37,1
59,Angel Alarcon,Barcelona,0.3,0.0,0,0.0,0.0,0.0,0.0,0.0,0.0,0.0,0.0,0.0,0.0,0,0.0,0.0,0.0
60,Tomas Alarcon,Cádiz,2.5,3,2,0,2,1,1,2,50.0,1,1,0,1,2,5,2,0
61,Lucas Alario,Eint Frankfurt,3.7,3,2,1,0,2,0,1,0.0,1,0,0,0,2,5,13,0
62,Jordi Alba,Barcelona,15.8,25,18,13,11,1,12,28,42.9,16,12,5,7,11,36,23,0
63,Luis Alberto,Lazio,27.1,49,29,18,20,11,23,72,31.9,49,35,6,29,9,58,4,0
64,Raul Albiol,Villarreal,23.5,25,17,17,6,2,14,18,77.8,4,17,13,4,14,39,111,0
65,Marc Albrighton,Leicester City,2.6,4,1,0,2,2,1,8,12.5,7,6,2,4,1,5,5,0
66,Thiago Alcantara,Liverpool,13.9,43,24,20,21,2,14,23,60.9,9,15,3,12,21,64,13,2
67,Carlos Alcaraz,Southampton,11.4,10,5,2,7,1,6,22,27.3,16,14,5,9,1,11,11,0
68,Ruben Alcaraz,Cádiz,22.7,43,31,24,18,1,19,54,35.2,35,23,8,15,19,62,37,0
69,Omar Alderete,Getafe,22.7,35,20,21,14,0,28,40,70.0,12,23,16,7,26,61,85,0
70,Ivan Alejo,Cádiz,14.6,32,21,19,9,4,17,37,45.9,20,18,3,15,5,37,12,1
71,Dogan Alemdar,Rennes,4.5,0,0,0,0,0,0,0,0.0,0,0,0,0,0,0,1,1
72,Carles Alena,Getafe,23.5,18,10,7,5,6,5,34,14.7,29,19,1,18,4,22,18,0
73,Trent Alexander-Arnold,Liverpool,32.5,57,40,32,16,9,42,79,53.2,37,25,7,18,43,100,41,2
74,Alejandro Alfaro,Elche,0.2,0,0,0,0,0,0,0,0.0,0,0,0,0,0,0,0,0
75,Angel Algobia,Getafe,12.6,27,13,14,13,0,22,48,45.8,26,15,5,10,3,30,11,0
76,Mohamed Ali Cho,Real Sociedad,6.5,13,10,6,5,2,4,10,40.0,6,9,0,9,2,15,2,0
78,Faride Alidou,Eint Frankfurt,2.0,8,5,3,4,1,3,9,33.3,6,3,0,3,1,9,3,0
79,Alisson,Liverpool,37.0,0,0,0,0,0,0,3,0.0,3,3,0,3,0,0,20,0
80,Jim Allevinah,Clermont Foot,24.9,39,24,24,11,4,19,62,30.6,43,24,2,22,24,63,26,1
81,Dele Alli,Everton,0.4,0,0,0,0,0,0,0,0.0,0,0,0,0,0,0,0,0
82,Domingos Andre Ribeiro Almeida,Valencia,28.2,66,42,23,32,11,26,57,45.6,31,26,0,26,20,86,16,1
83,Miguel Almiron,Newcastle Utd,27.7,46,30,16,19,11,18,42,42.9,24,25,2,23,10,56,17,0
84,Marcos Alonso,Barcelona,13.0,15,10,10,5,0,9,12,75.0,3,14,10,4,11,26,32,0
85,Mickael Alphonse,Ajaccio,15.1,35,23,20,11,4,20,33,60.6,13,17,5,12,35,70,44,1
86,Eder Alvarez Balanta,Schalke 04,2.6,5,4,2,3,0,2,6,33.3,4,0,0,0,3,8,4,0
87,Carlos Alvarez,Sevilla,0.1,1,1,0,1,0,0,0,0.0,0,0,0,0,0,1,0,0
88,Gaston Alvarez,Getafe,16.7,38,30,24,9,5,23,42,54.8,19,15,5,10,15,53,35,0
89,Julian Alvarez,Manchester City,16.3,26,16,3,13,10,9,29,31.0,20,13,0,13,2,28,6,0
90,Agustin Alvarez Martinez,Sassuolo,4.1,6,3,0,5,1,1,4,25.0,3,5,1,4,3,9,3,0
91,Yeray Alvarez,Athletic Club,25.9,34,23,26,7,1,24,31,77.4,7,23,13,10,48,82,101,0
92,Ibrahim Amadou,Angers,4.7,10,7,6,3,1,7,11,63.6,4,7,3,4,10,20,20,0
93,Selim Amallah,Valladolid,3.0,15,9,7,8,0,5,8,62.5,3,2,0,2,5,20,2,0
94,Daniel Amartey,Leicester City,17.9,19,8,13,5,1,12,14,85.7,2,24,17,7,8,27,71,0
95,Amath,Mallorca,13.6,29,19,14,8,7,14,22,63.6,8,13,1,12,5,34,5,0
96,Jordan Amavi,Getafe,2.2,3,2,3,0,0,1,3,33.3,2,3,0,3,4,7,7,0
97,Lukas Ambros,Wolfsburg,0.2,1,0,1,0,0,1,4,25.0,3,1,0,1,0,1,2,1
98,Kelvin Amian,Spezia,26.4,54,32,33,12,9,24,31,77.4,7,34,12,22,22,76,87,1
99,Bruno Amione,Hellas Verona,0.6,1,1,1,0,0,1,2,50.0,1,1,0,1,0,1,4,0
100,Bruno Amione,Sampdoria,23.2,50,33,36,14,0,19,43,44.2,24,26,11,15,25,75,62,1
101,Nadiem Amiri,Leverkusen,10.9,15,6,5,8,2,9,20,45.0,11,12,1,11,6,21,10,2
102,Samuel Amo-Ameyaw,Southampton,0.0,0,0,0,0,0,0,1,0.0,1,0,0,0,0,0,0,0
104,Ethan Ampadu,Spezia,29.3,66,37,33,28,5,17,41,41.5,24,48,23,25,36,102,98,0
105,Sofyan Amrabat,Fiorentina,22.2,39,24,15,17,7,16,29,55.2,13,23,5,18,21,60,18,2
106,Ayoub Amraoui,Nice,3.3,6,5,3,3,0,2,5,40.0,3,1,0,1,4,10,4,0
107,Joachim Andersen,Crystal Palace,30.9,42,22,30,12,0,16,32,50.0,16,28,13,15,24,66,188,0
108,Elliot Anderson,Newcastle Utd,4.6,11,5,5,3,3,6,12,50.0,6,11,2,9,6,17,2,0
109,Felipe Anderson,Lazio,32.9,80,50,31,41,8,31,88,35.2,57,58,6,52,31,111,27,0
110,Benjamin Andre,Lille,32.4,128,74,51,60,17,65,121,53.7,56,50,8,42,47,175,60,0
111,Marcos Andre,Valencia,5.0,4,1,1,1,2,1,2,50.0,1,4,1,3,0,4,0,0
112,Komnen Andric,Clermont Foot,16.1,13,5,2,7,4,2,15,13.3,13,8,1,7,8,21,13,0
113,Robert Andrich,Leverkusen,26.7,61,38,30,27,4,26,45,57.8,19,27,9,18,42,103,55,2
114,Angelino,Hoffenheim,29.1,40,24,19,18,3,23,37,62.2,14,32,6,26,25,65,67,0
115,Fabrizio Angileri,Getafe,6.5,12,9,8,3,1,10,17,58.8,7,8,3,5,7,19,10,0
116,Jaidon Anthony,Bournemouth,14.0,30,17,15,9,6,8,24,33.3,16,30,3,27,10,40,19,0
117,Janis Antiste,Sassuolo,0.6,1,0,1,0,0,1,1,100.0,0,0,0,0,0,1,0,0
118,Waldemar Anton,Stuttgart,32.6,49,27,27,19,3,27,51,52.9,24,44,16,28,38,87,123,2
119,Josep Antoni Gaya,Mallorca,1.1,0,0,0,0,0,0,0,0.0,0,4,2,2,1,1,6,0
120,Jose Antonio,Cádiz,0.5,2,1,0,0,2,0,0,0.0,0,0,0,0,0,2,0,0
121,Marcos Antonio,Lazio,6.6,9,6,4,5,0,9,20,45.0,11,7,2,5,11,20,18,0
122,Michail Antonio,West Ham,20.3,14,7,1,8,5,3,12,25.0,9,13,5,8,5,19,9,0
123,Antony,Manchester Utd,20.0,22,9,9,9,4,8,28,28.6,20,18,0,18,11,33,6,0
124,Valentin Antov,Monza,3.4,6,5,3,3,0,1,5,20.0,4,5,4,1,4,10,14,1
125,Christopher Antwi-Adjei,Bochum,22.0,23,15,7,8,8,10,29,34.5,19,17,0,17,5,28,16,0
126,Anuar,Valladolid,2.3,4,4,0,1,3,0,0,0.0,0,5,2,3,3,7,3,0
127,Houssem Aouar,Lyon,5.8,12,5,5,5,2,3,9,33.3,6,12,2,10,8,20,3,0
128,Adil Aouchiche,Lorient,2.8,5,2,3,1,1,1,9,11.1,8,1,0,1,4,9,1,0
130,Dennis Appiah,Nantes,8.8,21,11,14,7,0,10,27,37.0,17,13,5,8,10,31,16,0
131,Stredair Appuah,Nantes,0.7,2,1,0,2,0,0,0,0.0,0,2,0,2,1,3,0,0
132,Mauro Arambarri,Getafe,11.0,14,6,9,4,1,3,17,17.6,14,17,5,12,14,28,19,0
133,Charles Aranguiz,Leverkusen,5.5,17,7,7,10,0,12,20,60.0,8,4,0,4,7,24,4,0
134,Ronald Araujo,Barcelona,20.0,26,18,12,13,1,6,9,66.7,3,15,7,8,12,38,41,1
135,Cameron Archer,Aston Villa,0.5,0,0,0,0,0,0,0,0.0,0,0,0,0,0,0,0,0
136,Tairyk Arconte,Brest,1.4,1,1,0,0,1,0,3,0.0,3,1,0,1,0,1,2,0
137,Alphonse Areola,West Ham,3.4,0,0,0,0,0,0,0,0.0,0,0,0,0,0,0,0,0
138,Adu Ares,Athletic Club,0.9,4,2,2,1,1,4,4,100.0,0,1,0,1,2,6,1,0
139,Joe Aribo,Southampton,13.6,31,20,15,12,4,11,20,55.0,9,14,1,13,10,41,11,0
140,Adam Armstrong,Southampton,14.8,14,9,6,5,3,3,10,30.0,7,15,3,12,5,19,6,0
141,Stuart Armstrong,Southampton,15.6,32,21,15,13,4,14,39,35.9,25,18,0,18,10,42,9,1
142,Marko Arnautovic,Bologna,17.0,9,6,2,5,2,1,6,16.7,5,11,1,10,2,11,10,0
143,Maximilian Arnold,Wolfsburg,30.7,62,31,25,28,9,28,54,51.9,26,34,11,23,26,88,65,2
144,Mohamed El Arouch,Lyon,0.0,1,1,1,0,0,0,0,0.0,0,0,0,0,0,1,0,0
145,Sergio Arribas,Real Madrid,0.2,0,0,0,0,0,0,0,0.0,0,1,0,1,0,0,0,0
146,Kepa Arrizabalaga,Chelsea,28.5,2,2,2,0,0,2,3,66.7,1,0,0,0,1,3,16,2
147,Roberto Arroyo,Valladolid,0.2,1,1,0,1,0,1,1,100.0,0,0,0,0,0,1,0,0
148,Tolgay Arslan,Udinese,13.5,29,18,13,15,1,14,39,35.9,25,19,0,19,12,41,9,1
149,Ricard Artero,Girona,1.5,3,3,2,1,0,1,1,100.0,0,2,0,2,1,4,3,0
150,Arthur,Fiorentina,15.9,9,2,1,4,4,4,8,50.0,4,10,1,9,1,10,12,0
151,Santiago Arzamendia,Cádiz,5.4,9,8,7,1,1,6,21,28.6,15,11,1,10,2,11,15,1
152,Takuma Asano,Bochum,19.0,14,9,4,4,6,7,16,43.8,9,17,1,16,8,22,8,0
153,Santiago Ascacibar,Cremonese,8.1,29,14,17,10,2,14,35,40.0,21,14,2,12,13,42,11,0
154,Sergio Asenjo,Valladolid,10.0,0,0,0,0,0,0,0,0.0,0,0,0,0,0,0,10,2
156,Marco Asensio,Real Madrid,16.0,16,10,8,6,2,8,19,42.1,11,8,3,5,5,21,4,0
157,Kristoffer Askildsen,Lecce,8.1,7,3,2,3,2,4,10,40.0,6,15,4,11,11,18,6,0
158,Fisnik Asllani,Hoffenheim,1.9,0,0,0,0,0,0,4,0.0,4,2,0,2,3,3,3,0
159,Kristjan Asllani,Inter,6.6,11,5,1,8,2,7,10,70.0,3,3,1,2,6,17,4,0
160,Iago Aspas,Celta Vigo,31.9,8,4,0,4,4,3,22,13.6,19,10,1,9,7,15,23,0
161,Lorenz Assignon,Rennes,2.9,6,2,4,2,0,2,4,50.0,2,6,0,6,2,8,9,0
162,Youcef Atal,Nice,8.7,38,22,18,15,5,23,32,71.9,9,9,0,9,14,52,13,0
163,Valentin Atangana Edoa,Reims,1.9,8,3,4,2,2,3,6,50.0,3,2,1,1,0,8,1,0
164,Pierre-Emerick Aubameyang,Chelsea,6.2,1,0,1,0,0,0,1,0.0,1,2,0,2,2,3,4,2
165,Pierre-Emerick Aubameyang,Barcelona,0.1,0,0,0,0,0,0,0,0.0,0,0,0,0,0,0,0,0
166,Emil Audero,Sampdoria,25.0,0,0,0,0,0,0,2,0.0,2,0,0,0,0,0,7,1
167,Tommaso Augello,Sampdoria,34.0,17,14,13,2,2,9,20,45.0,11,23,7,16,17,34,61,1
168,Ludwig Augustinsson,Aston Villa,0.9,1,1,1,0,0,0,0,0.0,0,0,0,0,0,1,1,0
169,Ludwig Augustinsson,Mallorca,1.5,2,1,2,0,0,1,3,33.3,2,1,0,1,1,3,3,0
170,Serge Aurier,Nott'ham Forest,21.6,64,41,41,18,5,23,33,69.7,10,34,11,23,29,93,75,0
171,Mathias Autret,Auxerre,14.3,22,10,10,10,2,7,16,43.8,9,14,2,12,12,34,13,0
172,Ezequiel Avila,Osasuna,19.0,8,5,2,4,2,6,23,26.1,17,12,1,11,8,16,16,0
173,Cedric Avinel,Ajaccio,19.9,13,7,8,5,0,8,12,66.7,4,20,13,7,15,28,91,1
174,Taiwo Awoniyi,Nott'ham Forest,15.6,17,10,2,10,5,6,10,60.0,4,18,4,14,4,21,20,0
175,Yasin Ayari,Brighton,0.7,2,2,1,1,0,0,4,0.0,4,1,0,1,0,2,0,0
176,Mehmet Aydin,Schalke 04,6.3,25,18,14,9,2,11,24,45.8,13,11,0,11,10,35,15,0
177,Andre Ayew,Nott'ham Forest,3.5,5,3,0,4,1,2,4,50.0,2,6,1,5,0,5,7,0
178,Jordan Ayew,Crystal Palace,30.2,66,41,23,20,23,21,53,39.6,32,35,4,31,15,81,31,0
179,Kaan Ayhan,Sassuolo,6.1,10,4,6,4,0,7,7,100.0,0,5,4,1,5,15,26,1
180,Luke Ayling,Leeds United,22.8,66,37,42,15,9,42,85,49.4,43,34,11,23,26,92,52,2
182,Ayman Azhil,Leverkusen,0.0,0,0,0,0,0,0,0,0.0,0,0,0,0,0,0,0,0
183,Sardar Azmoun,Leverkusen,10.3,6,3,1,4,1,1,7,14.3,6,4,0,4,2,8,14,0
184,Cesar Azpilicueta,Chelsea,17.0,43,25,23,15,5,22,37,59.5,15,26,5,21,19,62,54,1
185,Sanoussy Ba,RB Leipzig,0.0,0,0,0,0,0,0,0,0.0,0,0,0,0,0,0,0,0
186,Iddrisu Baba,Mallorca,18.9,31,17,15,16,0,15,32,46.9,17,18,8,10,11,42,39,0
187,Srdan Babic,Almería,33.3,28,18,20,8,0,15,32,46.9,17,34,22,12,29,57,124,1
188,Loic Bade,Sevilla,16.1,27,20,23,3,1,17,30,56.7,13,21,13,8,23,50,77,0
189,Loic Bade,Rennes,1.0,1,1,1,0,0,0,0,0.0,0,0,0,0,1,2,3,0
190,Edgar Badia,Elche,36.0,1,0,1,0,0,1,2,50.0,1,0,0,0,0,1,19,3
191,Benoit Badiashile,Chelsea,10.1,14,8,10,4,0,9,14,64.3,5,5,2,3,16,30,34,1
192,Benoit Badiashile,Monaco,9.3,10,8,6,4,0,5,10,50.0,5,9,6,3,17,27,40,1
193,Alex Baena,Villarreal,21.6,30,17,9,15,6,15,45,33.3,30,15,3,12,7,37,16,0
194,Jaime Baez,Cremonese,1.1,4,2,3,0,1,3,6,50.0,3,0,0,0,0,4,2,1
195,Leon Bailey,Aston Villa,21.9,14,6,6,7,1,5,20,25.0,15,13,0,13,6,20,12,0
196,Eric Bailly,Marseille,6.0,13,10,6,6,1,7,7,100.0,0,15,12,3,12,25,18,1
197,Denys Bain,Auxerre,1.4,4,3,3,1,0,1,2,50.0,1,2,1,1,2,6,4,0
198,Brandon Baiye,Clermont Foot,0.6,3,2,2,1,0,2,3,66.7,1,1,0,1,1,4,3,0
199,Stefan Bajcetic,Liverpool,5.8,9,6,5,3,1,8,27,29.6,19,7,0,7,9,18,4,0
200,Nedim Bajrami,Empoli,10.4,8,4,3,3,2,4,6,66.7,2,5,0,5,7,15,4,0
201,Nedim Bajrami,Sassuolo,9.1,12,7,6,2,4,5,11,45.5,6,9,1,8,7,19,6,0
202,Cedric Bakambu,Marseille,0.7,2,1,2,0,0,2,2,100.0,0,0,0,0,0,2,0,0
203,Tiemoue Bakayoko,Milan,0.5,5,5,4,1,0,3,3,100.0,0,0,0,0,0,5,0,1
204,Mitchel Bakker,Leverkusen,18.4,16,8,9,7,0,6,15,40.0,9,20,2,18,15,31,20,2
205,Ridle Baku,Wolfsburg,28.7,50,26,29,17,4,32,58,55.2,26,44,6,38,21,71,59,0
206,Tommaso Baldanzi,Empoli,19.7,25,12,9,13,3,7,32,21.9,25,21,1,20,2,27,5,0
208,Alejandro Balde,Barcelona,27.5,42,30,22,16,4,24,41,58.5,17,25,3,22,12,54,17,1
209,Thierno Balde,Troyes,23.9,27,14,19,4,4,18,30,60.0,12,15,3,12,23,50,39,0
210,Carlos Baleba,Lille,5.3,13,11,2,9,2,9,14,64.3,5,13,3,10,1,14,3,2
211,Mikel Balenziaga,Athletic Club,1.3,4,4,1,2,1,4,4,100.0,0,0,0,0,1,5,2,0
212,Leonardo Balerdi,Marseille,29.3,57,37,43,12,2,32,45,71.1,13,48,29,19,63,120,91,1
213,Dominic Ballard,Southampton,0.3,0,0,0,0,0,0,0,0.0,0,0,0,0,1,1,0,0
214,Ivan Balliu,Rayo Vallecano,35.9,52,29,26,20,6,18,30,60.0,12,26,3,23,25,77,72,1
215,Fode Ballo-Toure,Milan,5.8,14,9,7,6,1,7,10,70.0,3,11,3,8,2,16,3,0
216,Folarin Balogun,Reims,33.3,9,5,1,5,3,2,20,10.0,18,20,1,19,3,12,15,0
217,Abdoulaye Bamba,Angers,15.2,22,12,15,5,2,16,19,84.2,3,7,3,4,18,40,38,0
218,Jonathan Bamba,Lille,30.9,37,17,12,14,11,14,45,31.1,31,36,1,35,22,59,14,0
219,Patrick Bamford,Leeds United,16.8,9,6,0,6,3,4,20,20.0,16,12,5,7,5,14,13,0
220,Lameck Banda,Lecce,18.2,30,20,13,14,3,15,41,36.6,26,24,2,22,8,38,5,0
221,Filippo Bandinelli,Empoli,25.1,55,34,19,26,10,17,45,37.8,28,20,7,13,18,73,40,0
222,Leo Baptistao,Almería,19.2,32,20,13,16,3,13,33,39.4,20,17,2,15,19,51,12,0
223,Shandon Baptiste,Brentford,6.9,15,9,6,6,3,7,17,41.2,10,10,2,8,7,22,10,0
224,Antonin Barak,Hellas Verona,0.3,0,0,0,0,0,0,0,0.0,0,0,0,0,0,0,0,0
225,Antonin Barak,Fiorentina,20.0,21,9,5,7,9,6,16,37.5,10,16,2,14,3,24,13,0
226,Andrea Barberis,Monza,3.8,7,2,4,3,0,5,11,45.5,6,0,0,0,8,15,1,0
227,Tommaso Barbieri,Juventus,1.2,3,3,3,0,0,3,8,37.5,5,3,0,3,0,3,2,0
228,Bradley Barcola,Lyon,16.0,25,16,8,10,7,8,39,20.5,31,29,0,29,19,44,10,0
229,Melvin Bard,Nice,27.3,96,60,61,29,6,59,89,66.3,30,35,4,31,64,160,40,1
230,Francesco Bardi,Bologna,1.0,0,0,0,0,0,0,0,0.0,0,0,0,0,0,0,0,0
231,Keidi Bare,Espanyol,5.6,15,8,7,5,3,7,13,53.8,6,8,2,6,11,26,8,0
232,Nicolo Barella,Inter,29.0,49,25,17,26,6,28,53,52.8,25,29,5,24,12,61,12,0
234,Kike Barja,Osasuna,14.6,15,9,6,5,4,8,24,33.3,16,7,0,7,4,19,3,0
235,Ross Barkley,Nice,10.7,16,9,7,4,5,7,13,53.8,6,7,2,5,8,24,6,0
236,Aymen Barkok,Mainz 05,6.5,18,8,10,5,3,5,10,50.0,5,7,0,7,3,21,9,0
237,Harvey Barnes,Leicester City,30.1,26,14,8,14,4,14,42,33.3,28,32,1,31,8,34,12,0
238,Leandro Barreiro Martins,Mainz 05,23.8,60,38,19,28,13,22,49,44.9,27,38,13,25,41,101,39,1
239,Enzo Barrenechea,Juventus,1.8,8,3,3,4,1,3,5,60.0,2,3,0,3,2,10,3,0
240,Ander Barrenetxea,Real Sociedad,9.8,21,15,15,6,0,12,28,42.9,16,15,1,14,5,26,7,0
241,Mickael Barreto,Ajaccio,14.7,32,20,12,17,3,8,45,17.8,37,17,0,17,18,50,11,0
242,Pablo Barrios,Atlético Madrid,8.0,19,10,3,10,6,8,15,53.3,7,12,2,10,9,28,6,1
243,Musa Barrow,Bologna,21.8,21,4,10,6,5,8,14,57.1,6,25,1,24,1,22,7,0
244,Federico Baschirotto,Lecce,37.0,40,30,35,5,0,22,36,61.1,14,45,29,16,36,76,192,0
245,Toma Basic,Lazio,5.7,6,4,4,1,1,3,8,37.5,5,9,0,9,7,13,8,0
246,Alberto Basso,Cremonese,0.2,0,0,0,0,0,0,0,0.0,0,0,0,0,0,0,0,0
247,Gil Bastiao Dias,Stuttgart,4.4,8,6,3,4,1,3,12,25.0,9,7,0,7,2,10,3,0
248,Alessandro Bastoni,Inter,24.0,41,20,20,14,7,11,27,40.7,16,27,13,14,24,65,45,0
249,Simone Bastoni,Spezia,13.2,47,24,23,19,5,15,33,45.5,18,20,5,15,8,55,14,0
250,Rodrigo Battaglia,Mallorca,7.6,12,5,7,5,0,6,14,42.9,8,16,7,9,5,17,18,0
251,Maximilian Bauer,Augsburg,20.5,31,17,18,12,1,17,34,50.0,17,25,9,16,23,54,79,1
252,Oliver Baumann,Hoffenheim,34.0,0,0,0,0,0,0,0,0.0,0,0,0,0,0,0,15,1
253,Timo Baumgartl,Union Berlin,6.2,11,6,5,4,2,5,18,27.8,13,12,4,8,2,13,14,0
254,Julian Baumgartlinger,Augsburg,6.2,15,4,5,6,4,6,19,31.6,13,4,2,2,4,19,15,0
255,Christoph Baumgartner,Hoffenheim,28.5,36,19,12,17,7,9,52,17.3,43,57,5,52,15,51,19,1
256,Cyrille Bayala,Ajaccio,22.3,53,37,16,20,17,23,47,48.9,24,20,3,17,25,78,21,0
257,Brian Bayeye,Torino,0.7,3,0,3,0,0,1,1,100.0,0,1,1,0,1,4,2,0
258,Noah Joel Sarenren Bazee,Augsburg,0.2,0,0,0,0,0,0,1,0.0,1,1,0,1,0,0,0,0
260,Gavin Bazunu,Southampton,32.0,1,0,1,0,0,1,1,100.0,0,0,0,0,1,2,24,2
261,Bebe,Rayo Vallecano,0.7,0,0,0,0,0,0,2,0.0,2,1,0,1,0,0,0,0
262,Ihlas Bebou,Hoffenheim,15.7,19,16,8,7,4,11,17,64.7,6,9,2,7,7,26,15,0
263,Rodrigo Becao,Udinese,27.6,70,36,50,17,3,40,53,75.5,13,44,24,20,26,96,68,2
264,Mads Bech Sorensen,Brentford,0.2,0,0,0,0,0,0,0,0.0,0,0,0,0,1,1,1,0
265,Julius Beck,Spezia,0.1,2,1,1,1,0,0,0,0.0,0,0,0,0,0,2,0,0
266,Sheraldo Becker,Union Berlin,28.4,15,5,1,7,7,2,11,18.2,9,13,1,12,3,18,7,1
267,Jan Bednarek,Southampton,18.6,27,21,20,7,0,12,16,75.0,4,38,27,11,49,76,87,0
268,Jan Bednarek,Aston Villa,1.1,3,3,0,3,0,1,1,100.0,0,3,1,2,2,5,5,0
269,Donny van de Beek,Manchester Utd,1.9,0,0,0,0,0,0,1,0.0,1,2,1,1,1,1,1,0
270,Asmir Begovic,Everton,1.0,0,0,0,0,0,0,0,0.0,0,0,0,0,0,0,1,0
271,Yanis Begraoui,Toulouse,0.7,2,0,1,0,1,1,2,50.0,1,0,0,0,1,3,0,0
272,Kevin Behrens,Union Berlin,17.1,11,7,4,4,3,4,18,22.2,14,18,3,15,5,16,25,0
273,Alexis Beka Beka,Nice,6.1,16,5,6,9,1,4,15,26.7,11,9,1,8,12,28,6,0
274,Jeremie Bela,Clermont Foot,8.3,6,4,2,1,3,3,4,75.0,1,10,1,9,9,15,8,0
275,Reda Belahyane,Nice,2.0,8,6,5,3,0,3,5,60.0,2,5,1,4,2,10,0,0
276,Youcef Belaili,Ajaccio,12.8,18,10,3,9,6,8,20,40.0,12,10,1,9,5,23,4,0
277,Youcef Belaili,Brest,4.0,5,2,3,2,0,2,7,28.6,5,2,0,2,1,6,1,0
278,Haris Belkebla,Brest,29.5,80,48,35,40,5,44,85,51.8,41,32,6,26,52,132,21,3
279,Stefan Bell,Mainz 05,26.6,43,28,32,10,1,22,44,50.0,22,42,15,27,44,87,133,0
280,Armel Bella Kotchap,Southampton,20.9,37,17,28,9,0,15,20,75.0,5,29,12,17,44,81,110,0
281,Raoul Bellanova,Inter,5.5,14,6,11,2,1,9,14,64.3,5,6,1,5,4,18,14,0
282,Karim Bellarabi,Leverkusen,0.9,2,0,1,1,0,2,3,66.7,1,0,0,0,0,2,0,0
283,Jean-Ricner Bellegarde,Strasbourg,26.9,47,25,15,21,11,11,25,44.0,14,26,3,23,26,73,22,0
284,Hector Bellerin,Barcelona,1.6,2,0,0,2,0,2,3,66.7,1,2,0,2,3,5,2,0
286,Jude Bellingham,Dortmund,29.9,76,42,28,34,14,34,51,66.7,17,51,4,47,35,111,30,0
287,Jeanoel Belocian,Rennes,5.6,10,7,3,5,2,5,9,55.6,4,6,3,3,6,16,11,0
288,Andrea Belotti,Roma,12.7,12,5,3,5,4,5,11,45.5,6,11,1,10,3,15,5,0
289,Fran Beltran,Celta Vigo,31.7,34,22,15,14,5,14,55,25.5,41,29,5,24,53,87,35,2
290,Eliesse Ben Seghir,Monaco,11.7,18,10,4,12,2,4,12,33.3,8,18,1,17,4,22,1,0
291,Salim Ben Seghir,Marseille,0.0,0,0,0,0,0,0,0,0.0,0,1,0,1,0,0,0,0
292,Wissam Ben Yedder,Monaco,23.5,16,9,2,5,9,4,13,30.8,9,15,0,15,4,20,0,0
293,Marco Benassi,Fiorentina,1.0,3,3,2,0,1,3,4,75.0,1,0,0,0,1,4,1,0
294,Marco Benassi,Cremonese,11.1,26,15,9,11,6,15,24,62.5,9,13,1,12,12,38,19,0
295,Iker Benito,Osasuna,2.0,4,3,0,3,1,2,4,50.0,2,0,0,0,2,6,4,0
296,Ismael Bennacer,Milan,22.3,59,33,26,31,2,30,51,58.8,21,25,7,18,26,85,16,1
297,Said Benrahma,West Ham,23.0,25,15,11,7,7,11,27,40.7,16,23,1,22,9,34,13,0
298,Ramy Bensebaini,M'Gladbach,27.6,34,21,21,10,3,26,39,66.7,13,44,14,30,36,70,98,1
299,Nabil Bentaleb,Angers,27.7,74,40,31,35,8,36,61,59.0,25,33,11,22,44,118,29,3
300,Rodrigo Bentancur,Tottenham,16.7,45,28,15,21,9,16,28,57.1,12,28,15,13,20,65,22,0
301,Daniel Bentley,Wolves,2.0,1,1,1,0,0,1,1,100.0,0,0,0,0,0,1,0,0
302,Karim Benzema,Real Madrid,22.6,9,5,2,4,3,2,11,18.2,9,11,0,11,2,11,5,0
303,Domenico Berardi,Sassuolo,20.7,23,14,8,10,5,9,40,22.5,31,13,0,13,19,42,18,0
304,Yuri Berchiche,Athletic Club,26.7,56,32,28,20,8,35,59,59.3,24,37,12,25,40,96,59,1
305,Alex Berenguer,Athletic Club,25.5,58,37,17,25,16,23,60,38.3,37,37,4,33,10,68,6,0
306,Bartosz Bereszynski,Sampdoria,13.3,28,18,15,11,2,17,26,65.4,9,18,4,14,21,49,25,0
307,Bartosz Bereszynski,Napoli,1.8,3,2,1,1,1,2,2,100.0,0,4,0,4,3,6,3,0
308,Patrick Berg,Lens,0.3,0,0,0,0,0,0,1,0.0,1,0,0,0,1,1,0,0
309,Mitchell van Bergen,Reims,10.1,18,8,6,7,5,8,20,40.0,12,8,2,6,6,24,11,0
310,Mergim Berisha,Augsburg,18.7,11,6,4,3,4,4,14,28.6,10,16,1,15,0,11,19,0
312,Quentin Bernard,Auxerre,7.0,9,7,4,2,3,7,15,46.7,8,9,1,8,15,24,17,0
313,Paul Bernardoni,Angers,27.0,2,0,2,0,0,2,3,66.7,1,1,0,1,1,3,12,1
314,Juan Bernat,Paris S-G,18.3,32,16,18,9,5,21,39,53.8,18,11,2,9,9,41,22,1
315,Victor Bernth Kristiansen,Leicester City,9.9,38,23,18,16,4,22,30,73.3,8,16,4,12,3,41,26,0
316,Jason Berthomier,Clermont Foot,0.3,0,0,0,0,0,0,0,0.0,0,0,0,0,0,0,0,0
317,Marco Bertini,Lazio,0.0,0,0,0,0,0,0,0,0.0,0,0,0,0,0,0,0,0
318,Beto,Udinese,23.7,16,9,0,9,7,4,17,23.5,13,18,3,15,6,22,30,0
319,Owen Bevan,Bournemouth,0.1,0,0,0,0,0,0,0,0.0,0,0,0,0,0,0,0,0
320,Matteo Bianchetti,Cremonese,23.7,32,19,21,9,2,20,32,62.5,12,31,17,14,20,52,111,0
321,Alessandro Bianco,Fiorentina,1.7,5,2,2,3,0,2,3,66.7,1,1,0,1,0,5,0,0
322,Giulian Biancone,Nott'ham Forest,0.2,2,1,2,0,0,1,1,100.0,0,0,0,0,1,3,0,0
323,Ermin Bicakcic,Hoffenheim,2.9,8,4,6,1,1,2,6,33.3,4,4,3,1,5,13,14,0
324,Pedro Bigas,Elche,22.4,37,20,30,7,0,18,29,62.1,11,25,14,11,33,70,95,0
325,Jaka Bijol,Udinese,30.3,39,23,32,7,0,16,27,59.3,11,41,25,16,29,68,165,0
326,El Bilal Toure,Almería,14.0,4,3,2,1,1,0,3,0.0,3,6,1,5,1,5,23,0
327,El Bilal Toure,Reims,1.0,0,0,0,0,0,0,0,0.0,0,2,0,2,0,0,1,0
328,Philip Billing,Bournemouth,30.7,63,36,21,33,9,11,40,27.5,29,48,8,40,31,94,58,1
329,Jean-Claude Billong,Clermont Foot,0.3,0,0,0,0,0,0,0,0.0,0,1,1,0,1,1,0,0
330,Cristiano Biraghi,Fiorentina,28.3,65,38,29,29,7,32,65,49.2,33,32,7,25,14,79,42,1
331,Samuele Birindelli,Monza,15.6,35,19,21,10,4,18,29,62.1,11,28,8,20,16,51,30,0
332,Veljko Birmancevic,Toulouse,4.9,13,7,5,4,4,7,21,33.3,14,12,2,10,7,20,1,0
333,Tom Bischof,Hoffenheim,3.5,15,10,8,3,4,7,10,70.0,3,5,1,4,1,16,1,0
334,Yves Bissouma,Tottenham,11.2,16,13,6,6,4,2,7,28.6,5,15,6,9,12,28,10,0
335,Kristijan Bistrovic,Lecce,5.1,3,1,3,0,0,0,5,0.0,5,3,0,3,0,3,4,0
336,Leonardo Bittencourt,Werder Bremen,18.1,53,28,20,25,8,25,62,40.3,37,13,0,13,10,63,15,0
338,Marco Bizot,Brest,37.0,0,0,0,0,0,0,1,0.0,1,1,0,1,0,0,24,4
339,Lautaro Blanco,Elche,9.7,16,9,10,4,2,9,26,34.6,17,8,1,7,2,18,10,1
340,Ruben Blanco,Marseille,5.5,0,0,0,0,0,0,0,0.0,0,0,0,0,0,0,1,0
341,Ludovic Blas,Nantes,31.3,47,30,17,19,11,17,49,34.7,32,26,1,25,19,66,8,0
342,Janis Blaswich,RB Leipzig,26.0,0,0,0,0,0,0,0,0.0,0,0,0,0,0,0,10,0
343,Miha Blazic,Angers,22.0,8,6,8,0,0,7,15,46.7,8,25,19,6,22,30,80,1
344,Joaquin Blazquez,Brest,1.0,0,0,0,0,0,0,0,0.0,0,0,0,0,0,0,2,0
345,Alexis Blin,Lecce,26.4,69,39,27,33,9,38,73,52.1,35,55,15,40,34,103,74,0
346,Daley Blind,Bayern Munich,1.5,2,0,2,0,0,0,1,0.0,1,4,2,2,2,4,6,0
347,Myron Boadu,Monaco,3.3,3,3,0,2,1,1,7,14.3,6,1,0,1,0,3,1,0
348,Jerome Boateng,Lyon,4.8,3,0,2,1,0,2,6,33.3,4,8,5,3,6,9,16,0
349,Kevin-Prince Boateng,Hertha BSC,5.2,8,6,4,2,2,3,9,33.3,6,11,3,8,3,11,5,0
350,Antonin Bobichon,Angers,0.2,0,0,0,0,0,0,0,0.0,0,1,0,1,0,0,0,0
351,Jean-Paul Boetius,Hertha BSC,11.7,30,16,19,9,2,8,25,32.0,17,25,5,20,14,44,10,0
352,Jeremie Boga,Atalanta,8.7,9,5,3,2,4,2,5,40.0,3,6,0,6,1,10,1,0
353,Emil Bohinen,Salernitana,9.2,25,13,15,8,2,12,23,52.2,11,25,7,18,17,42,21,0
354,Quentin Boisgard,Lorient,2.0,6,2,1,4,1,3,4,75.0,1,3,1,2,4,10,2,0
355,Willy Boly,Nott'ham Forest,7.6,13,6,8,3,2,8,13,61.5,5,13,4,9,12,25,45,0
356,Giacomo Bonaventura,Fiorentina,21.2,35,23,14,15,6,24,37,64.9,13,14,0,14,16,51,5,1
357,Federico Bonazzoli,Salernitana,12.4,5,3,0,3,2,0,9,0.0,9,9,1,8,3,8,0,0
358,Warren Bondo,Monza,0.7,1,0,1,0,0,0,0,0.0,0,1,0,1,0,1,0,0
359,Theo Bongonda,Cádiz,21.5,28,20,11,14,3,17,40,42.5,23,21,2,19,6,34,14,0
360,Kevin Bonifazi,Bologna,10.0,13,8,7,6,0,6,12,50.0,6,11,8,3,12,25,39,0
361,Leonardo Bonucci,Juventus,9.8,5,4,1,4,0,2,4,50.0,2,12,8,4,13,18,29,0
362,Neto Borges,Clermont Foot,31.5,75,45,45,20,10,46,75,61.3,29,45,11,34,41,116,62,1
364,Yvandro Borges Sanches,M'Gladbach,0.3,2,2,0,2,0,2,2,100.0,0,0,0,0,0,2,0,0
365,Sebastiaan Bornauw,Wolfsburg,21.4,29,17,17,10,2,16,22,72.7,6,27,12,15,31,60,83,1
366,Rafael Borre,Eint Frankfurt,12.0,25,15,4,13,8,4,17,23.5,13,10,2,8,2,27,9,0
367,Erik Botheim,Salernitana,9.6,11,7,3,4,4,6,13,46.2,7,3,0,3,0,11,4,0
368,Sven Botman,Newcastle Utd,34.7,38,24,31,7,0,22,28,78.6,6,44,24,20,34,72,126,2
369,Kenji-Van Boto,Auxerre,2.0,3,2,2,0,1,2,4,50.0,2,0,0,0,1,4,3,0
370,Kouame Botue,Ajaccio,2.5,4,2,2,1,1,0,2,0.0,2,1,0,1,0,4,1,0
371,Badredine Bouanani,Nice,9.6,13,9,2,7,4,7,14,50.0,7,4,0,4,1,14,2,0
372,Hicham Boudaoui,Nice,20.8,67,32,31,30,6,35,53,66.0,18,34,5,29,36,103,16,0
373,Franci Bouebari,Strasbourg,0.8,3,0,1,2,0,3,5,60.0,2,0,0,0,2,5,2,0
374,Sofiane Boufal,Angers,9.3,14,9,7,4,3,3,14,21.4,11,6,0,6,5,19,1,0
375,Yassine Bounou,Sevilla,23.9,2,1,2,0,0,1,4,25.0,3,0,0,0,2,4,11,1
376,Ismaelben Boura,Lens,1.0,6,4,4,2,0,5,6,83.3,1,2,1,1,2,8,3,0
377,Mehdi Bourabia,Spezia,30.8,41,20,13,22,6,19,41,46.3,22,39,12,27,32,73,57,0
378,Benjamin Bourigeaud,Rennes,34.1,45,29,16,23,6,21,65,32.3,44,38,3,35,31,76,32,0
379,Edoardo Bove,Roma,11.0,35,18,12,15,8,16,39,41.0,23,15,1,14,10,45,11,0
380,Jarrod Bowen,West Ham,35.9,39,16,14,11,14,16,57,28.1,41,47,9,38,36,75,25,0
381,Lucas Boye,Elche,27.4,36,16,12,16,8,17,35,48.6,18,33,5,28,15,51,46,0
382,Jayden Braaf,Hellas Verona,3.2,5,3,2,3,0,0,0,0.0,0,1,0,1,2,7,1,0
383,Domagoj Bradaric,Salernitana,25.0,26,19,14,8,4,7,16,43.8,9,20,5,15,21,47,44,0
384,Bilal Brahimi,Nice,8.9,8,5,2,5,1,1,7,14.3,6,4,0,4,4,12,0,0
385,Martin Braithwaite,Espanyol,27.3,12,2,2,4,6,5,14,35.7,9,10,0,10,5,17,11,0
386,Juan Brandariz,Almería,16.5,29,16,18,9,2,14,23,60.9,9,20,7,13,15,44,53,0
387,Julian Brandt,Dortmund,26.6,29,20,6,14,9,12,43,27.9,31,23,0,23,15,44,9,1
388,Darko Brasanac,Osasuna,11.6,29,20,12,10,7,12,23,52.2,11,14,2,12,12,41,9,0
390,Lilian Brassier,Brest,34.4,42,30,31,8,3,23,32,71.9,9,42,19,23,53,95,132,1
391,Claudio Bravo,Betis,12.0,0,0,0,0,0,0,0,0.0,0,0,0,0,2,2,1,1
392,Fabian Bredlow,Stuttgart,15.0,1,1,1,0,0,1,1,100.0,0,0,0,0,0,1,4,2
393,James Bree,Southampton,4.1,5,3,4,1,0,3,4,75.0,1,3,1,2,6,11,11,0
394,Josip Brekalo,Fiorentina,2.5,2,1,0,1,1,1,4,25.0,3,1,0,1,1,3,1,0
395,Josip Brekalo,Wolfsburg,3.0,2,1,2,0,0,0,4,0.0,4,0,0,0,2,4,2,0
396,Gleison Bremer,Juventus,29.3,29,20,23,5,1,19,26,73.1,7,44,22,22,42,71,120,2
397,Armando Broja,Chelsea,3.3,4,1,0,3,1,1,1,100.0,0,10,1,9,1,5,1,0
398,Dylan Bronn,Salernitana,18.7,34,18,17,16,1,20,30,66.7,10,32,20,12,20,54,58,1
399,David Brooks,Bournemouth,1.9,1,0,1,0,0,0,1,0.0,1,2,0,2,2,3,5,0
400,John Brooks,Hoffenheim,15.0,18,12,10,8,0,13,18,72.2,5,17,12,5,10,28,105,0
401,Moritz Broschinski,Bochum,2.4,0,0,0,0,0,0,5,0.0,5,1,0,1,0,0,6,0
402,Marcelo Brozovic,Inter,19.7,37,22,13,22,2,11,37,29.7,26,23,7,16,22,59,28,0
403,Cedric Brunner,Schalke 04,25.7,39,27,26,11,2,30,45,66.7,15,24,7,17,43,82,79,0
404,Lewis Brunt,Leicester City,0.3,0,0,0,0,0,0,0,0.0,0,0,0,0,0,0,2,0
405,Jacob Bruun Larsen,Hoffenheim,3.6,4,3,0,1,3,3,4,75.0,1,3,1,2,1,5,0,0
406,Andreas Bruus,Troyes,18.1,12,6,9,3,0,8,20,40.0,12,13,2,11,17,29,24,0
407,Joe Bryan,Nice,2.0,5,4,3,2,0,4,4,100.0,0,2,0,2,1,6,1,0
408,Lee Buchanan,Werder Bremen,5.2,14,10,2,11,1,6,12,50.0,6,5,0,5,12,26,21,0
409,Ante Budimir,Osasuna,20.0,19,9,0,12,7,2,10,20.0,8,10,0,10,5,24,19,0
410,Emi Buendia,Aston Villa,26.8,52,23,20,20,12,21,74,28.4,53,20,2,18,20,72,17,0
411,Hugo Bueno,Wolves,14.6,33,16,23,6,4,17,33,51.5,16,14,1,13,10,43,36,0
412,Santiago Bueno,Girona,33.4,63,38,43,19,1,24,36,66.7,12,34,22,12,31,94,105,2
413,Adam Buksa,Lens,1.1,1,0,0,0,1,0,3,0.0,3,0,0,0,0,1,0,0
414,Marius Bulter,Schalke 04,28.9,22,11,8,7,7,12,32,37.5,20,34,1,33,10,32,20,0
416,Cristian Buonaiuto,Cremonese,10.9,25,16,8,11,6,12,26,46.2,14,11,0,11,14,39,7,0
417,Facundo Buonanotte,Brighton,6.3,2,1,1,1,0,1,22,4.5,21,5,2,3,4,6,3,0
418,Alessandro Buongiorno,Torino,30.2,38,25,22,16,0,16,31,51.6,15,38,19,19,60,98,105,2
419,Delano Burgzorg,Mainz 05,2.7,3,3,1,1,1,2,3,66.7,1,2,0,2,0,3,2,0
420,Jonathan Burkardt,Mainz 05,5.9,3,1,0,1,2,1,4,25.0,3,6,1,5,1,4,1,0
421,Oliver Burke,Werder Bremen,3.0,1,0,0,0,1,0,0,0.0,0,2,0,2,0,1,0,0
422,Dan Burn,Newcastle Utd,34.6,60,38,29,23,8,34,67,50.7,33,42,16,26,32,92,120,2
423,Maxime Busi,Reims,11.6,21,16,9,11,1,13,29,44.8,16,14,6,8,14,35,24,0
424,Sergio Busquets,Barcelona,26.0,58,26,24,26,8,29,51,56.9,22,32,6,26,27,85,36,2
425,Aurelio Buta,Eint Frankfurt,14.6,33,19,15,13,5,15,27,55.6,12,18,1,17,9,42,34,0
426,Leonardo Buta,Udinese,0.2,1,1,0,1,0,0,0,0.0,0,0,0,0,0,1,0,0
427,Marcin Bulka,Nice,2.0,0,0,0,0,0,0,1,0.0,1,0,0,0,1,1,0,0
428,Jamie Bynoe-Gittens,Dortmund,5.9,8,4,2,5,1,2,7,28.6,5,1,0,1,1,9,2,0
429,Juan Cabal,Hellas Verona,4.9,10,6,7,3,0,7,12,58.3,5,8,5,3,13,23,12,0
430,Remy Cabella,Lille,28.1,64,37,21,28,15,29,64,45.3,35,41,5,36,17,81,7,1
431,Jimmy Cabot,Lens,5.7,20,12,10,8,2,12,26,46.2,14,5,0,5,4,24,12,0
432,Leandro Cabrera,Espanyol,29.7,46,24,34,12,0,28,43,65.1,15,37,23,14,43,89,114,2
433,Liberato Cacace,Empoli,6.5,25,10,12,8,5,9,15,60.0,6,15,7,8,4,29,16,0
434,Anthony Caci,Mainz 05,22.6,58,33,32,20,6,28,42,66.7,14,28,4,24,54,112,40,0
435,Cafu,Nott'ham Forest,0.1,0,0,0,0,0,0,0,0.0,0,0,0,0,0,0,1,0
436,Moises Caicedo,Brighton,34.9,100,50,41,47,12,40,68,58.8,28,43,7,36,56,156,31,3
437,Tom Cairney,Fulham,11.0,17,6,4,8,5,7,10,70.0,3,18,3,15,5,22,3,0
438,Jens Cajuste,Reims,17.0,46,25,25,14,7,25,48,52.1,23,30,6,24,18,64,22,0
439,Cala,Cádiz,1.5,2,1,1,1,0,1,2,50.0,1,2,1,1,1,3,12,0
440,Davide Calabria,Milan,18.8,71,44,31,32,8,38,61,62.3,23,22,7,15,25,96,34,0
442,Mattia Caldara,Spezia,13.9,23,14,10,11,2,9,20,45.0,11,23,16,7,17,40,88,2
443,Luca Caldirola,Monza,26.1,26,14,19,4,3,13,26,50.0,13,32,18,14,25,51,66,1
444,Fernando Calero,Espanyol,17.9,46,29,27,15,4,21,34,61.8,13,31,13,18,13,59,52,0
445,Duje Caleta-Car,Southampton,10.5,14,10,9,4,1,6,9,66.7,3,15,11,4,15,29,65,1
446,Duje Caleta-Car,Marseille,0.1,0,0,0,0,0,0,0,0.0,0,0,0,0,0,0,1,0
447,Hakan Calhanoglu,Inter,26.3,48,27,17,26,5,16,43,37.2,27,30,5,25,25,73,13,1
448,Kerim Calhanoglu,Schalke 04,0.7,2,1,2,0,0,2,2,100.0,0,1,0,1,0,2,3,0
449,Daniel Caligiuri,Augsburg,3.2,8,5,5,3,0,4,5,80.0,1,3,2,1,3,11,2,0
450,Alexander Callens,Girona,1.3,3,3,2,1,0,3,4,75.0,1,3,1,2,1,4,9,0
451,Dominic Calvert-Lewin,Everton,12.9,4,2,1,0,3,1,5,20.0,4,5,1,4,3,7,18,0
452,Mahdi Camara,Brest,20.2,63,36,18,38,7,25,43,58.1,18,35,4,31,40,103,16,0
453,Mohamed Camara,Roma,7.7,13,10,3,7,3,5,15,33.3,10,5,1,4,10,23,8,0
454,Mohamed Camara,Monaco,24.4,83,45,38,39,6,48,92,52.2,44,45,6,39,27,110,14,1
455,Ousmane Camara,Auxerre,0.3,1,1,0,0,1,0,0,0.0,0,0,0,0,0,1,0,0
456,Ousmane Camara,Angers,5.8,10,6,5,5,0,5,12,41.7,7,4,2,2,11,21,15,0
457,Eduardo Camavinga,Real Madrid,22.3,68,48,32,21,15,24,64,37.5,40,24,5,19,17,85,25,0
458,Nicolo Cambiaghi,Empoli,14.3,30,22,11,12,7,8,27,29.6,19,19,1,18,9,39,8,0
459,Andrea Cambiaso,Bologna,24.1,57,34,34,20,3,28,65,43.1,37,26,2,24,26,83,33,1
460,Axel Camblan,Brest,0.8,2,2,1,1,0,0,1,0.0,1,0,0,0,0,2,0,0
461,Sergio Camello,Rayo Vallecano,26.7,16,10,3,9,4,5,17,29.4,12,9,1,8,2,18,26,0
462,Chem Campbell,Wolves,0.8,2,1,1,1,0,0,1,0.0,1,2,0,2,1,3,0,0
463,Emre Can,Dortmund,21.1,57,28,25,27,5,22,43,51.2,21,16,6,10,25,82,39,1
464,Sergio Canales,Betis,26.7,25,14,10,8,7,14,33,42.4,19,18,0,18,14,39,8,0
465,Matteo Cancellieri,Lazio,2.8,10,4,5,3,2,5,9,55.6,4,4,0,4,1,11,2,0
466,Joao Cancelo,Manchester City,14.2,29,21,16,9,4,17,24,70.8,7,7,1,6,19,48,9,1
468,Joao Cancelo,Bayern Munich,11.2,23,14,9,10,4,10,23,43.5,13,14,2,12,15,38,22,0
469,Antonio Candreva,Salernitana,30.3,17,7,13,2,2,11,38,28.9,27,7,3,4,17,34,32,0
470,Thomas Cannon,Everton,0.3,0,0,0,0,0,0,0,0.0,0,0,0,0,0,0,0,0
471,Sergi Canos,Brentford,0.9,0,0,0,0,0,0,2,0.0,2,3,1,2,0,0,1,0
472,Ander Capa,Athletic Club,1.2,1,1,1,0,0,1,5,20.0,4,5,0,5,0,1,2,0
473,Pierrick Capelle,Angers,15.9,36,21,17,15,4,22,55,40.0,33,24,3,21,15,51,24,0
474,Etienne Capoue,Villarreal,21.7,21,12,6,13,2,10,18,55.6,8,12,5,7,19,40,20,1
475,Gianluca Caprari,Monza,27.1,16,6,3,11,2,8,26,30.8,18,22,1,21,8,24,3,0
476,Francesco Caputo,Sampdoria,12.2,3,1,0,0,3,0,3,0.0,3,0,0,0,1,4,3,0
477,Francesco Caputo,Empoli,19.0,2,2,0,1,1,0,1,0.0,1,7,2,5,2,4,8,0
478,Maxence Caqueret,Lyon,30.7,87,54,27,38,22,43,109,39.4,66,45,3,42,39,126,27,0
479,Andrea Carboni,Monza,1.9,3,2,2,0,1,2,5,40.0,3,3,2,1,3,6,2,1
480,Franco Carboni,Monza,0.7,1,1,1,0,0,0,2,0.0,2,3,0,3,1,2,0,0
481,Valentin Carboni,Inter,0.3,1,1,0,1,0,1,3,33.3,2,1,0,1,0,1,0,0
482,Isaac Carcelen,Cádiz,24.4,69,51,41,22,6,41,63,65.1,22,35,11,24,19,88,80,1
483,Irvin Cardona,Brest,2.6,2,0,1,1,0,0,3,0.0,3,3,0,3,2,4,2,0
484,Irvin Cardona,Augsburg,3.5,1,1,1,0,0,1,5,20.0,4,3,0,3,4,5,8,0
485,Igor Carioca,Lorient,5.1,18,11,12,2,4,12,21,57.1,9,7,0,7,5,23,17,0
486,Carlos,Monza,34.3,73,38,42,23,8,33,54,61.1,21,24,6,18,24,97,85,1
487,Diego Carlos,Aston Villa,2.3,1,0,0,1,0,0,1,0.0,1,2,2,0,1,2,2,0
488,Juan Carlos,Girona,10.0,0,0,0,0,0,0,0,0.0,0,0,0,0,1,1,7,1
489,Jose Carlos Lazo,Almería,0.2,0,0,0,0,0,0,0,0.0,0,0,0,0,0,0,0,0
490,Jose Carlos Lazo,Espanyol,1.8,5,3,2,2,1,3,3,100.0,0,2,0,2,3,8,5,0
491,Carmona,Elche,6.5,16,9,7,6,3,6,16,37.5,10,14,2,12,8,24,9,0
492,Carmona,Sevilla,5.9,13,11,5,3,5,9,16,56.3,7,10,6,4,7,20,17,1
494,Marco Carnesecchi,Cremonese,27.0,1,1,1,0,0,1,2,50.0,1,0,0,0,0,1,11,2
495,Yannick Carrasco,Atlético Madrid,25.7,35,14,21,10,4,23,54,42.6,31,23,1,22,12,47,19,0
496,Dani Carvajal,Real Madrid,19.8,32,18,15,12,5,18,35,51.4,17,24,6,18,15,47,49,0
497,Fabio Carvalho,Liverpool,3.9,8,8,3,3,2,3,6,50.0,3,6,0,6,6,14,0,0
498,Matis Carvalho,Montpellier,1.5,0,0,0,0,0,0,0,0.0,0,0,0,0,1,1,0,0
499,William Carvalho,Betis,27.1,43,27,18,23,2,17,44,38.6,27,27,6,21,16,59,22,0
500,Nicolo Casale,Lazio,27.1,42,20,28,14,0,22,34,64.7,12,25,17,8,17,59,73,1
501,Casemiro,Manchester Utd,23.6,89,46,43,35,11,48,92,52.2,44,49,11,38,34,123,64,0
502,Casemiro,Real Madrid,0.1,0,0,0,0,0,0,0,0.0,0,0,0,0,0,0,1,0
503,Matty Cash,Aston Villa,20.2,55,32,36,15,4,26,37,70.3,11,20,5,15,26,81,43,0
504,Tommaso Cassandro,Lecce,0.1,1,1,0,1,0,0,0,0.0,0,1,1,0,0,1,0,0
505,Timothy Castagne,Leicester City,36.2,87,44,53,27,7,41,84,48.8,43,50,13,37,43,130,110,0
506,Michele Castagnetti,Cremonese,15.7,46,21,20,24,2,18,54,33.3,36,14,4,10,15,61,22,0
507,Koen Casteels,Wolfsburg,34.0,0,0,0,0,0,0,0,0.0,0,0,0,0,1,1,10,1
508,Valentin Castellanos,Girona,28.9,12,5,2,7,3,0,18,0.0,18,22,2,20,6,18,26,0
509,Jean-Charles Castelletto,Nantes,28.5,43,26,29,12,2,22,36,61.1,14,35,22,13,58,101,90,0
510,Samu Castillejo,Valencia,15.1,21,12,8,9,4,8,40,20.0,32,21,2,19,9,30,2,0
511,Jonny Castro,Wolves,14.0,34,15,23,10,1,18,37,48.6,19,26,5,21,14,48,28,2
512,Gaetano Castrovilli,Fiorentina,8.0,10,8,1,7,2,2,9,22.2,7,5,1,4,8,18,5,0
513,Danilo Cataldi,Lazio,21.3,25,16,7,15,3,14,40,35.0,26,23,9,14,24,49,33,0
514,Catena,Rayo Vallecano,34.5,29,14,23,4,2,13,27,48.1,14,32,25,7,28,57,159,1
515,Yoann Cathline,Lorient,12.1,19,12,7,6,6,5,12,41.7,7,10,1,9,8,27,16,1
516,Maximiliano Caufriez,Clermont Foot,24.7,40,24,31,8,1,20,28,71.4,8,33,18,15,34,74,70,0
517,Edinson Cavani,Valencia,16.1,7,4,3,3,1,3,15,20.0,12,10,3,7,2,9,11,0
518,Dani Ceballos,Real Madrid,17.4,43,29,13,15,15,25,64,39.1,39,23,2,21,25,68,6,1
520,Pietro Ceccaroni,Lecce,0.5,0,0,0,0,0,0,0,0.0,0,1,1,0,3,3,2,0
521,Federico Ceccherini,Hellas Verona,15.7,25,19,15,9,1,13,23,56.5,10,17,10,7,19,44,55,0
522,Assan Ceesay,Lecce,20.1,23,18,7,8,8,9,17,52.9,8,15,2,13,3,26,24,0
523,Emil Ceide,Sassuolo,5.7,5,2,5,0,0,3,5,60.0,2,3,1,2,1,6,0,0
524,Zeki Celik,Roma,16.7,42,21,19,21,2,24,41,58.5,17,33,6,27,14,56,36,2
525,Alex Centelles,Almería,12.5,22,14,16,3,3,16,22,72.7,6,13,2,11,11,33,40,0
526,Fabien Centonze,Nantes,18.8,58,37,30,22,6,30,42,71.4,12,24,7,17,44,102,55,1
527,Michele Cerofolini,Fiorentina,5.0,0,0,0,0,0,0,0,0.0,0,0,0,0,1,1,2,0
528,Franco Cervi,Celta Vigo,21.0,76,46,29,36,11,33,66,50.0,33,33,1,32,36,112,16,0
529,Julio Cesar Enciso,Brighton,9.0,13,4,3,6,4,8,13,61.5,5,9,0,9,4,17,2,0
530,Julian Chabot,Köln,20.0,36,23,19,14,3,20,35,57.1,15,30,18,12,41,77,105,0
531,Florian Chabrolle,Ajaccio,3.7,6,4,1,5,0,2,4,50.0,2,3,0,3,7,13,2,0
532,El Chadaille Bitshiabu,Paris S-G,6.5,10,7,7,2,1,3,12,25.0,9,9,7,2,9,19,13,3
533,Fares Chaibi,Toulouse,26.0,31,18,8,15,8,17,50,34.0,33,38,5,33,19,50,36,1
534,Nathaniel Chalobah,Fulham,0.1,1,1,1,0,0,1,1,100.0,0,0,0,0,0,1,2,0
535,Trevoh Chalobah,Chelsea,17.9,31,20,22,6,3,24,34,70.6,10,17,7,10,24,55,56,1
536,Muhammed Cham,Clermont Foot,21.9,30,15,15,4,11,13,35,37.1,22,13,0,13,7,37,5,0
537,Calum Chambers,Aston Villa,3.9,9,6,7,2,0,6,8,75.0,2,5,4,1,7,16,10,1
538,Timothy Chandler,Eint Frankfurt,1.0,2,2,2,0,0,2,2,100.0,0,1,0,1,0,2,3,0
539,Gaetan Charbonnier,Auxerre,2.8,2,1,0,2,0,0,4,0.0,4,2,0,2,0,2,5,0
540,Brendan Chardonnet,Brest,27.7,45,27,27,18,0,20,38,52.6,18,40,19,21,63,108,86,1
541,Shea Charles,Manchester City,0.3,4,0,4,0,0,1,1,100.0,0,0,0,0,1,5,2,0
542,Xavier Chavalerin,Troyes,27.0,82,50,39,30,13,27,71,38.0,44,31,8,23,41,123,24,0
543,Pep Chavarria,Rayo Vallecano,4.1,6,4,2,1,3,1,5,20.0,4,8,0,8,2,8,8,0
544,Ivane Chegra,Ajaccio,2.1,8,3,6,1,1,4,11,36.4,7,0,0,0,1,9,0,0
546,Pape Cheikh Diop,Elche,0.4,0,0,0,0,0,0,1,0.0,1,0,0,0,0,0,0,0
547,Rayan Cherki,Lyon,20.8,14,8,2,5,7,8,23,34.8,15,6,0,6,5,19,1,0
548,Ilyes Cheti,Angers,2.3,6,4,4,0,2,5,8,62.5,3,5,1,4,4,10,7,0
549,Lucas Chevalier,Lille,32.0,2,1,2,0,0,2,2,100.0,0,1,0,1,2,4,7,2
550,Fabio Chiarodia,Werder Bremen,0.7,0,0,0,0,0,0,0,0.0,0,1,0,1,2,2,4,0
551,Federico Chiesa,Juventus,9.5,22,11,6,6,10,5,14,35.7,9,13,1,12,0,22,1,0
552,Ben Chilwell,Chelsea,15.6,21,17,12,8,1,13,25,52.0,12,21,2,19,18,39,26,0
553,Vlad Chiriches,Cremonese,10.9,35,20,27,7,1,16,24,66.7,8,36,23,13,22,57,44,0
554,Pedro Chirivella,Nantes,22.5,33,22,12,15,6,17,44,38.6,27,24,1,23,20,53,7,0
555,Joris Chotard,Montpellier,27.3,64,34,37,23,4,40,78,51.3,38,40,11,29,40,104,42,1
556,Andreas Christensen,Barcelona,19.6,20,15,9,11,0,10,16,62.5,6,14,12,2,21,41,47,0
557,Oliver Christensen,Hertha BSC,33.0,1,0,1,0,0,0,2,0.0,2,0,0,0,0,1,22,2
558,Ryan Christie,Bournemouth,20.4,34,22,10,23,1,14,49,28.6,35,16,4,12,26,60,20,0
559,Carney Chukwuemeka,Chelsea,3.9,13,7,7,6,0,3,5,60.0,2,7,0,7,6,19,1,0
560,Samuel Chukwueze,Villarreal,26.0,14,7,7,2,5,7,23,30.4,16,13,0,13,12,26,16,0
561,Darko Churlinov,Stuttgart,0.3,3,2,2,1,0,2,3,66.7,1,1,0,1,0,3,0,0
562,Victor Chust,Cádiz,10.7,9,6,7,2,0,4,7,57.1,3,8,3,5,10,19,53,0
563,Tolga Cigerci,Hertha BSC,7.5,16,13,6,9,1,10,16,62.5,6,6,2,4,8,24,5,0
564,Yanis Cimignani,Ajaccio,3.1,11,5,3,7,1,4,5,80.0,1,5,1,4,2,13,2,0
565,Daniel Ciofani,Cremonese,11.8,6,3,1,2,3,4,7,57.1,3,7,1,6,2,8,10,0
566,Tio Cipot,Spezia,1.5,12,7,6,3,3,6,8,75.0,2,0,0,0,0,12,2,0
567,Pathe Ciss,Rayo Vallecano,14.2,39,29,11,23,5,15,34,44.1,19,23,10,13,22,61,34,0
568,Souleymane Cisse,Clermont Foot,0.4,1,1,1,0,0,1,1,100.0,0,1,1,0,1,2,2,0
569,Patrick Ciurria,Monza,30.6,31,18,20,10,1,17,33,51.5,16,24,2,22,7,38,32,0
570,Bobby Clark,Liverpool,0.1,0,0,0,0,0,0,0,0.0,0,2,0,2,0,0,0,0
572,Alexis Claude-Maurice,Nice,0.7,3,2,2,1,0,3,3,100.0,0,0,0,0,2,5,1,0
573,Alexis Claude-Maurice,Lens,6.7,14,9,5,8,1,6,16,37.5,10,6,0,6,2,16,1,0
574,Jonathan Clauss,Marseille,28.8,46,28,21,16,9,23,52,44.2,29,29,4,25,31,77,40,2
575,Carlos Clerc,Elche,29.3,75,51,55,16,4,31,50,62.0,19,29,7,22,28,103,94,1
576,Nathaniel Clyne,Crystal Palace,18.2,27,16,13,9,5,14,23,60.9,9,22,4,18,19,46,34,0
577,Conor Coady,Everton,23.3,14,9,8,6,0,7,15,46.7,8,21,17,4,14,28,88,3
578,Nicolo Cocetta,Udinese,0.4,0,0,0,0,0,0,1,0.0,1,1,1,0,1,1,1,0
579,Marcus Coco,Nantes,7.1,24,15,11,9,4,11,23,47.8,12,13,3,10,14,38,7,0
580,Alexandre Coeff,Auxerre,6.5,10,5,6,4,0,4,9,44.4,5,9,4,5,8,18,35,1
581,Jack Colback,Nott'ham Forest,5.5,18,13,12,6,0,5,8,62.5,3,3,0,3,3,21,9,0
582,Seamus Coleman,Everton,18.4,35,26,21,10,4,19,29,65.5,10,14,7,7,22,57,58,2
583,David Colina,Augsburg,1.8,4,1,1,1,2,2,2,100.0,0,8,0,8,4,8,3,0
584,Alex Collado,Elche,8.1,26,14,13,11,2,8,13,61.5,5,12,1,11,2,28,4,0
585,Diego Collado,Villarreal,0.1,0,0,0,0,0,0,0,0.0,0,0,0,0,0,0,0,0
586,Omar Colley,Sampdoria,15.4,17,10,10,7,0,9,12,75.0,3,9,5,4,22,39,69,1
587,Nathan Collins,Wolves,20.2,27,15,19,8,0,15,24,62.5,9,35,28,7,21,48,84,0
588,Lorenzo Colombo,Lecce,16.8,17,9,1,9,7,6,14,42.9,8,22,0,22,2,19,7,0
589,Andrea Colpani,Monza,10.5,14,9,6,5,3,8,12,66.7,4,14,2,12,3,17,6,0
590,Levi Colwill,Brighton,13.6,8,7,4,4,0,4,9,44.4,5,5,3,2,15,23,37,1
591,Kingsley Coman,Bayern Munich,15.7,11,8,3,5,3,7,17,41.2,10,19,1,18,2,13,7,0
592,Eray Comert,Valencia,18.6,35,23,24,10,1,17,33,51.5,16,23,8,15,29,64,76,1
593,Santi Comesana,Rayo Vallecano,27.2,71,44,24,41,6,38,82,46.3,44,39,3,36,32,103,17,0
594,Andrea Consigli,Sassuolo,35.0,1,0,1,0,0,0,1,0.0,1,0,0,0,0,1,13,3
595,Abdu Conte,Troyes,14.6,25,17,14,8,3,12,22,54.5,10,13,6,7,6,31,25,0
596,Andrea Conti,Sampdoria,0.3,0,0,0,0,0,0,0,0.0,0,0,0,0,0,0,0,0
598,Lewis Cook,Bournemouth,19.1,37,22,10,22,5,18,42,42.9,24,29,10,19,23,60,31,0
599,Steve Cook,Nott'ham Forest,10.6,8,4,4,4,0,5,7,71.4,2,16,11,5,12,20,51,0
600,Liam Cooper,Leeds United,15.8,38,23,27,9,2,23,36,63.9,13,16,8,8,34,72,57,3
601,Copete,Mallorca,24.5,53,28,35,16,2,26,36,72.2,10,38,17,21,44,97,111,2
602,Diego Coppola,Hellas Verona,13.1,25,17,15,10,0,11,24,45.8,13,20,6,14,14,39,38,0
603,Francis Coquelin,Villarreal,8.3,18,13,7,9,2,7,7,100.0,0,8,2,6,9,27,7,0
604,Sebastien Corchia,Nantes,8.7,16,6,10,2,4,11,22,50.0,11,9,3,6,14,30,21,0
605,Alex Cordaz,Inter,0.3,0,0,0,0,0,0,0,0.0,0,0,0,0,0,0,0,0
606,Maxwel Cornet,West Ham,2.7,7,3,5,0,2,4,6,66.7,2,6,0,6,2,9,3,0
607,Jesus Corona,Sevilla,1.2,1,0,1,0,0,0,1,0.0,1,0,0,0,1,2,1,0
608,Angel Correa,Atlético Madrid,16.2,12,6,6,3,3,5,16,31.3,11,17,0,17,10,22,6,1
609,Joaquin Correa,Inter,10.6,12,7,3,6,3,4,15,26.7,11,4,1,3,3,15,0,0
610,Thierry Correia,Valencia,22.3,71,52,46,22,3,31,54,57.4,23,25,2,23,24,95,54,2
611,Alessandro Cortinovis,Hellas Verona,0.1,1,0,1,0,0,0,0,0.0,0,1,0,1,0,1,0,0
612,Danny da Costa,Mainz 05,13.7,20,16,7,8,5,12,20,60.0,8,22,3,19,9,29,26,0
613,David Pereira da Costa,Lens,15.6,13,7,1,10,2,7,19,36.8,12,19,1,18,11,24,6,0
614,Diego Costa,Wolves,13.8,3,1,3,0,0,2,9,22.2,7,6,1,5,2,5,17,0
615,Jaume Costa,Mallorca,28.9,50,34,26,17,7,29,51,56.9,22,13,5,8,22,72,44,1
616,Logan Costa,Toulouse,4.6,9,4,7,1,1,6,9,66.7,3,6,3,3,4,13,12,0
617,Nuno da Costa,Auxerre,22.3,45,23,14,23,8,11,46,23.9,35,21,1,20,20,65,15,0
618,Samu Costa,Almería,22.1,61,31,35,20,6,29,61,47.5,32,29,7,22,37,98,64,4
619,Benoit Costil,Auxerre,19.0,2,0,2,0,0,2,4,50.0,2,0,0,0,0,2,5,0
620,Vladimir Coufal,West Ham,23.7,58,31,37,15,6,36,51,70.6,15,24,6,18,38,96,70,0
621,Lassana Coulibaly,Salernitana,32.1,84,50,42,35,7,30,73,41.1,43,35,7,28,25,109,33,2
622,Soumaila Coulibaly,Dortmund,0.5,0,0,0,0,0,0,0,0.0,0,0,0,0,0,0,0,1
624,Tanguy Coulibaly,Stuttgart,3.6,12,9,9,1,2,5,12,41.7,7,10,0,10,3,15,0,0
625,Thibaut Courtois,Real Madrid,31.0,1,0,1,0,0,1,1,100.0,0,0,0,0,3,4,7,1
626,Mathieu Coutadeur,Ajaccio,21.6,23,13,13,10,0,8,28,28.6,20,19,3,16,19,42,21,0
627,Philippe Coutinho,Aston Villa,8.8,19,14,8,8,3,9,15,60.0,6,11,1,10,4,23,2,0
628,Yan Couto,Girona,12.9,25,18,11,11,3,12,20,60.0,8,7,2,5,5,30,10,0
629,Conor Coventry,West Ham,0.0,0,0,0,0,0,0,0,0.0,0,0,0,0,0,0,0,0
630,Nicolas Cozza,Montpellier,14.2,38,21,27,9,2,26,38,68.4,12,11,5,6,21,59,35,1
631,Nicolas Cozza,Wolfsburg,1.1,3,3,1,2,0,2,3,66.7,1,3,1,2,0,3,0,0
632,Alessio Cragno,Monza,1.0,0,0,0,0,0,0,1,0.0,1,0,0,0,0,0,0,0
633,Matthew Craig,Tottenham,0.2,4,1,2,2,0,0,0,0.0,0,0,0,0,0,4,0,0
634,Aaron Cresswell,West Ham,24.8,21,11,12,7,2,12,31,38.7,19,21,11,10,27,48,56,0
635,Bryan Cristante,Roma,32.6,113,62,55,49,9,55,90,61.1,35,39,10,29,18,131,53,0
636,Domen Crnigoj,Salernitana,3.3,8,3,0,7,1,1,2,50.0,1,9,1,8,9,17,6,0
637,Juan Cruz Armada,Osasuna,22.9,24,14,17,4,3,13,23,56.5,10,21,8,13,13,37,58,0
638,Juan Cruz,Betis,2.0,1,0,0,1,0,1,3,33.3,2,1,0,1,0,1,0,0
639,Juan Cuadrado,Juventus,23.1,50,34,34,13,3,27,65,41.5,38,15,2,13,24,74,32,0
640,Marc Cucurella,Chelsea,18.6,66,33,40,15,11,30,60,50.0,30,28,8,20,16,82,48,1
641,Jorge Cuenca,Villarreal,5.6,9,7,7,2,0,4,7,57.1,3,10,8,2,6,15,44,0
642,Braian Cufre,Mallorca,2.4,5,2,2,1,2,2,5,40.0,3,2,1,1,2,7,1,0
643,Mickael Cuisance,Sampdoria,6.9,13,10,7,5,1,5,23,21.7,18,10,0,10,5,18,4,0
644,Matheus Cunha,Wolves,10.7,7,4,0,5,2,2,10,20.0,8,15,3,12,9,16,11,0
645,Matheus Cunha,Atlético Madrid,4.2,4,1,1,3,0,0,3,0.0,3,4,1,3,2,6,3,0
646,Curro,Almería,0.5,2,0,1,1,0,1,2,50.0,1,0,0,0,0,2,0,0
647,Marco D'Alessandro,Monza,3.2,4,4,3,1,0,2,5,40.0,3,2,0,2,1,5,3,0
648,Danilo D'Ambrosio,Inter,8.1,25,17,17,7,1,15,27,55.6,12,12,4,8,10,35,17,0
650,Luca D'Andrea,Sassuolo,3.5,4,0,2,1,1,1,4,25.0,3,2,0,2,1,5,1,0
651,Damien Da Silva,Lyon,3.8,8,7,5,3,0,3,3,100.0,0,4,3,1,5,13,12,0
652,Moanes Dabbur,Hoffenheim,10.4,11,8,4,5,2,3,9,33.3,6,8,0,8,5,16,0,0
653,Andrea Dacourt,Nice,0.0,0,0,0,0,0,0,0,0.0,0,0,0,0,0,0,0,0
654,Colin Dagba,Strasbourg,10.6,32,20,17,10,5,19,26,73.1,7,18,2,16,17,49,19,0
655,Finn Dahmen,Mainz 05,8.0,0,0,0,0,0,0,0,0.0,0,0,0,0,0,0,3,0
656,Mahmoud Dahoud,Dortmund,3.7,11,9,3,4,4,7,7,100.0,0,6,2,4,7,18,3,0
657,Patson Daka,Leicester City,13.2,14,8,6,8,0,3,12,25.0,9,14,2,12,7,21,7,0
658,Thijs Dallinga,Toulouse,26.1,8,6,2,2,4,1,13,7.7,12,17,3,14,3,11,20,0
659,Diogo Dalot,Manchester Utd,23.9,54,41,40,13,1,33,45,73.3,12,25,7,18,37,91,55,2
660,Muhammed Damar,Hoffenheim,1.8,6,3,1,2,3,1,2,50.0,1,3,0,3,0,6,0,0
661,Mikkel Damsgaard,Brentford,11.0,31,21,13,13,5,15,42,35.7,27,20,2,18,10,41,14,0
662,Flavius Daniliuc,Salernitana,24.4,57,29,37,17,3,26,47,55.3,21,30,13,17,29,86,76,0
663,Flavius Daniliuc,Nice,1.0,2,0,2,0,0,1,1,100.0,0,4,1,3,0,2,1,0
664,Danilo,Nott'ham Forest,10.8,18,7,7,9,2,6,25,24.0,19,26,6,20,9,27,19,0
665,Danilo,Juventus,35.4,92,62,61,23,8,52,73,71.2,21,39,20,19,47,139,114,1
666,Arnaut Danjuma,Tottenham,1.9,2,0,1,1,0,0,0,0.0,0,1,0,1,0,2,0,0
667,Arnaut Danjuma,Villarreal,5.3,3,3,1,0,2,1,2,50.0,1,0,0,0,0,3,1,1
668,Kevin Danois,Auxerre,0.0,1,1,0,1,0,0,0,0.0,0,0,0,0,1,2,0,0
669,Kevin Danso,Lens,35.9,37,19,25,11,1,19,30,63.3,11,48,34,14,33,70,124,0
670,Dante,Nice,36.7,70,40,45,21,4,36,59,61.0,23,52,31,21,47,117,125,2
671,Marton Dardai,Hertha BSC,10.5,17,8,9,8,0,9,18,50.0,9,14,9,5,11,28,45,1
672,Sergi Darder,Espanyol,36.9,69,38,12,43,14,29,73,39.7,44,34,2,32,24,93,23,0
673,Achraf Dari,Brest,14.6,21,14,15,5,1,14,20,70.0,6,16,10,6,19,40,65,2
674,Vladimir Darida,Hertha BSC,0.3,1,1,0,1,0,0,0,0.0,0,1,0,1,0,1,0,0
676,Matteo Darmian,Inter,22.5,56,30,29,15,12,31,47,66.0,16,33,5,28,21,77,36,0
677,Josh Dasilva,Brentford,15.4,18,9,6,6,6,6,16,37.5,10,22,6,16,5,23,7,1
678,David Datro Fofana,Chelsea,0.8,3,1,1,1,1,1,1,100.0,0,1,0,1,0,3,0,0
679,Jonathan David,Lille,35.2,24,17,6,11,7,10,27,37.0,17,20,2,18,8,32,13,0
680,Alphonso Davies,Bayern Munich,22.7,45,28,25,13,7,18,39,46.2,21,28,4,24,24,69,24,4
681,Ben Davies,Tottenham,25.4,28,11,13,13,2,14,26,53.8,12,17,8,9,18,46,72,0
682,Tom Davies,Everton,6.0,15,9,5,9,1,7,14,50.0,7,10,1,9,4,19,7,1
683,Pawel Dawidowicz,Hellas Verona,18.1,48,31,28,17,3,22,31,71.0,9,14,9,5,23,71,71,0
684,Craig Dawson,West Ham,8.0,10,6,8,2,0,4,6,66.7,2,9,6,3,6,16,26,0
685,Craig Dawson,Wolves,15.7,9,6,6,3,0,4,7,57.1,3,31,23,8,12,21,74,2
686,Kevin De Bruyne,Manchester City,26.9,28,12,3,12,13,14,39,35.9,25,27,2,25,9,37,10,0
687,Charles De Ketelaere,Milan,12.4,26,12,7,14,5,13,30,43.3,17,14,2,12,4,30,9,0
688,Manuel De Luca,Sampdoria,0.5,0,0,0,0,0,0,0,0.0,0,0,0,0,0,0,0,0
689,Tommaso De Nipoti,Atalanta,0.0,1,0,0,1,0,0,0,0.0,0,0,0,0,0,1,0,0
690,Rodrigo De Paul,Atlético Madrid,21.4,35,21,11,18,6,18,35,51.4,17,20,3,17,8,43,7,0
691,Mattia De Sciglio,Juventus,11.6,14,7,8,3,3,9,14,64.3,5,9,3,6,4,18,20,0
692,Lorenzo De Silvestri,Bologna,7.5,3,2,2,0,1,3,7,42.9,4,6,5,1,3,6,20,0
693,Thibault De Smet,Reims,19.5,24,17,10,14,0,11,37,29.7,26,28,5,23,20,44,40,1
694,Koni De Winter,Empoli,11.4,14,9,11,3,0,5,13,38.5,8,14,12,2,6,20,65,0
695,Gregoire Defrel,Sassuolo,13.0,9,7,5,2,2,4,13,30.8,9,11,0,11,2,11,5,0
696,Duccio Degl'Innocenti,Empoli,0.0,0,0,0,0,0,0,0,0.0,0,0,0,0,1,1,0,0
697,Brecht Dejaegere,Toulouse,20.1,40,23,10,20,10,15,51,29.4,36,25,5,20,14,54,11,0
698,Romain Del Castillo,Brest,15.8,39,24,13,17,9,16,36,44.4,20,14,1,13,11,50,5,0
699,Alberto Del Moral,Villarreal,0.1,0,0,0,0,0,0,0,0.0,0,0,0,0,0,0,0,0
700,Thomas Delaine,Strasbourg,11.9,28,14,16,6,6,13,26,50.0,13,8,3,5,16,44,9,0
702,Thomas Delaney,Sevilla,3.4,4,2,0,4,0,3,5,60.0,2,3,2,1,4,8,3,0
703,Thomas Delaney,Hoffenheim,3.3,6,3,3,2,1,3,8,37.5,5,5,0,5,1,7,4,0
704,Sacha Delaye,Montpellier,0.2,1,0,0,0,1,1,1,100.0,0,0,0,0,0,1,0,0
705,Fran Delgado,Betis,0.1,0,0,0,0,0,0,0,0.0,0,0,0,0,0,0,0,0
706,Andy Delort,Nice,8.7,2,0,1,1,0,1,2,50.0,1,0,0,0,1,3,7,0
707,Andy Delort,Nantes,5.2,5,4,1,2,2,2,6,33.3,4,3,0,3,0,5,2,0
708,Karamoko Dembele,Brest,2.0,2,0,1,1,0,2,2,100.0,0,1,0,1,1,3,0,0
709,Moussa Dembele,Lyon,9.7,8,4,3,3,2,4,7,57.1,3,5,0,5,2,10,6,0
710,Ousmane Dembele,Barcelona,15.7,19,12,4,8,7,4,15,26.7,11,10,1,9,0,19,2,0
711,Siriki Dembele,Bournemouth,1.2,3,1,2,1,0,0,1,0.0,1,1,0,1,1,4,1,0
712,Siriki Dembele,Auxerre,4.1,10,6,4,3,3,4,12,33.3,8,2,0,2,1,11,2,0
713,Merih Demiral,Atalanta,17.1,41,29,30,11,0,26,36,72.2,10,24,7,17,24,65,57,1
714,Kerem Demirbay,Leverkusen,17.2,36,18,16,17,3,18,34,52.9,16,26,6,20,16,52,11,0
715,Ermedin Demirovic,Augsburg,26.3,31,14,9,12,10,9,22,40.9,13,31,4,27,14,45,37,0
716,Diego Demme,Napoli,1.6,1,0,1,0,0,0,4,0.0,4,2,0,2,0,1,1,0
717,Sepp van den Berg,Schalke 04,7.7,5,4,2,2,1,1,4,25.0,3,8,5,3,13,18,33,2
718,Branco van den Boomen,Toulouse,32.1,71,36,26,32,13,36,89,40.4,53,27,4,23,10,81,27,2
719,Leander Dendoncker,Aston Villa,7.7,19,9,11,6,2,11,21,52.4,10,19,4,15,10,29,12,0
720,Leander Dendoncker,Wolves,2.4,4,2,0,3,1,2,3,66.7,1,2,0,2,9,13,4,0
721,Emmanuel Dennis,Nott'ham Forest,8.0,17,11,5,5,7,8,17,47.1,9,13,1,12,2,19,6,0
722,Fabio Depaoli,Hellas Verona,24.1,48,28,25,16,7,25,44,56.8,19,32,6,26,18,66,33,3
723,Fabio Depaoli,Sampdoria,1.5,5,3,2,3,0,3,4,75.0,1,1,0,1,1,6,4,0
724,Kastriot Dermaku,Lecce,0.4,0,0,0,0,0,0,0,0.0,0,0,0,0,0,0,0,0
725,Halil Dervisoglu,Brentford,0.1,0,0,0,0,0,0,1,0.0,1,0,0,0,0,0,0,0
726,Remy Descamps,Nantes,1.0,0,0,0,0,0,0,0,0.0,0,0,0,0,0,0,0,0
728,Mikkel Desler,Toulouse,25.1,71,38,36,27,8,43,67,64.2,24,35,6,29,36,107,48,2
729,Cyriel Dessers,Cremonese,17.6,11,4,4,4,3,2,6,33.3,4,14,2,12,3,14,5,0
730,Sergino Dest,Milan,3.7,12,6,3,5,4,3,4,75.0,1,1,0,1,4,16,2,0
731,Mattia Destro,Empoli,6.4,1,1,0,1,0,0,0,0.0,0,2,0,2,1,2,5,0
732,Gerard Deulofeu,Udinese,13.5,8,5,5,1,2,5,15,33.3,10,8,1,7,2,10,1,0
733,Kiernan Dewsbury-Hall,Leicester City,25.6,53,29,14,34,5,19,47,40.4,28,55,13,42,28,81,21,0
734,Samuel Di Carmine,Cremonese,0.3,0,0,0,0,0,0,0,0.0,0,0,0,0,0,0,0,0
735,Federico Di Francesco,Lecce,22.6,28,16,7,11,10,9,19,47.4,10,16,0,16,8,36,14,0
736,Michele Di Gregorio,Monza,37.0,0,0,0,0,0,0,3,0.0,3,1,0,1,4,4,18,3
737,Giovanni Di Lorenzo,Napoli,36.2,60,29,33,19,8,25,49,51.0,24,30,9,21,30,90,60,0
738,Angel Di Maria,Juventus,15.1,10,5,3,5,2,3,19,15.8,16,15,0,15,7,17,0,0
739,Boulaye Dia,Salernitana,28.0,12,5,3,6,3,2,7,28.6,5,10,0,10,7,19,27,1
740,Moussa Diaby,Leverkusen,30.0,14,8,4,8,2,7,14,50.0,7,8,0,8,5,19,3,0
741,Mouctar Diakhaby,Valencia,27.2,30,16,19,11,0,13,20,65.0,7,30,17,13,20,50,111,2
742,Mamadou Diakhon,Reims,0.2,2,0,2,0,0,0,1,0.0,1,1,0,1,1,3,0,0
743,Bafode Diakite,Lille,29.5,54,35,23,24,7,32,57,56.1,25,37,8,29,17,71,58,0
744,Ibrahim Diakite,Reims,1.5,3,3,3,0,0,2,3,66.7,1,0,0,0,5,8,6,0
745,Abdou Diallo,RB Leipzig,5.3,6,5,5,1,0,1,3,33.3,2,8,5,3,8,14,22,0
746,Baila Diallo,Clermont Foot,1.0,1,0,1,0,0,0,0,0.0,0,1,1,0,0,1,1,0
747,Habib Diallo,Strasbourg,32.0,18,10,8,7,3,6,16,37.5,10,19,4,15,12,30,26,0
748,Ibrahima Diallo,Southampton,9.1,25,15,14,10,1,8,14,57.1,6,11,1,10,6,31,11,0
749,Ismael Diallo,Ajaccio,24.2,46,33,35,9,2,35,63,55.6,28,26,12,14,30,76,46,1
750,Mamady Diarra,Cádiz,0.7,2,1,2,0,0,1,2,50.0,1,2,0,2,0,2,0,0
751,Mouhamadou Diarra,Strasbourg,18.1,24,16,10,11,3,15,29,51.7,14,17,1,16,11,35,13,0
752,Moussa Diarra,Toulouse,13.6,20,9,9,9,2,9,15,60.0,6,25,10,15,19,39,27,1
754,Stephane Diarra,Lorient,11.8,25,17,14,9,2,11,29,37.9,18,13,1,12,22,47,9,0
755,Youba Diarra,Cádiz,1.1,3,0,2,1,0,1,5,20.0,4,7,1,6,2,5,3,0
756,Ruben Dias,Manchester City,22.2,21,13,10,10,1,11,18,61.1,7,21,13,8,18,39,56,1
757,Krepin Diatta,Monaco,23.0,30,21,4,17,9,13,32,40.6,19,29,1,28,17,47,12,0
758,Mory Diaw,Clermont Foot,37.0,0,0,0,0,0,0,4,0.0,4,0,0,0,2,2,13,5
759,Brahim Diaz,Milan,21.4,32,15,5,22,5,5,15,33.3,10,11,0,11,7,39,6,0
760,Luis Diaz,Liverpool,11.1,17,11,4,8,5,8,15,53.3,7,8,0,8,6,23,2,0
761,Justin Diehl,Köln,0.2,0,0,0,0,0,0,0,0.0,0,0,0,0,0,0,0,0
762,Bamba Dieng,Marseille,2.2,4,4,2,1,1,3,4,75.0,1,5,1,4,0,4,0,0
763,Bamba Dieng,Lorient,8.3,19,10,5,12,2,3,11,27.3,8,6,0,6,2,21,6,0
764,Eric Dier,Tottenham,31.3,30,19,16,12,2,9,19,47.4,10,41,24,17,35,65,112,2
765,Florian Dietz,Köln,4.4,2,1,0,2,0,1,4,25.0,3,4,1,3,0,2,2,0
766,Lucas Digne,Aston Villa,16.7,30,12,20,9,1,20,33,60.6,13,18,5,13,18,48,45,0
767,Federico Dimarco,Inter,23.0,31,25,6,18,7,9,19,47.4,10,15,4,11,18,49,20,0
768,Stole Dimitrievski,Rayo Vallecano,36.9,1,0,1,0,0,1,2,50.0,1,2,0,2,1,2,17,3
769,Junior Dina Ebimbe,Eint Frankfurt,11.8,30,19,16,14,0,16,33,48.5,17,18,5,13,11,41,20,0
770,Tristan Dingome,Troyes,1.1,1,1,0,1,0,0,2,0.0,2,0,0,0,0,1,0,0
771,Eren Dinkci,Werder Bremen,2.6,5,5,2,1,2,2,6,33.3,4,2,0,2,0,5,2,0
772,Sinaly Diomande,Lyon,21.7,42,24,26,15,1,31,49,63.3,18,26,13,13,49,91,75,1
773,Lois Diony,Angers,5.6,1,0,0,1,0,1,3,33.3,2,2,0,2,0,1,1,0
774,Edan Diop,Monaco,2.5,13,8,3,3,7,7,15,46.7,8,7,1,6,4,17,1,0
775,Issa Diop,Fulham,22.4,28,19,18,9,1,17,32,53.1,15,24,17,7,35,63,86,0
776,Sofiane Diop,Nice,13.6,23,11,12,6,5,7,20,35.0,13,14,2,12,16,39,5,0
777,Sofiane Diop,Monaco,0.7,0,0,0,0,0,0,0,0.0,0,0,0,0,1,1,0,0
778,Yehvann Diouf,Reims,31.0,2,0,2,0,0,1,3,33.3,2,0,0,0,1,3,13,5
780,Axel Disasi,Monaco,37.0,30,20,13,13,4,13,27,48.1,14,51,31,20,56,86,112,2
781,Tiago Djalo,Lille,22.4,31,21,23,7,1,13,20,65.0,7,17,11,6,23,54,60,1
782,Djene,Getafe,31.6,41,28,23,17,1,22,38,57.9,16,25,10,15,42,83,81,1
783,Moussa Djenepo,Southampton,7.9,19,11,13,5,1,11,26,42.3,15,19,2,17,11,30,7,0
784,Koffi Djidji,Torino,26.9,50,25,32,17,1,18,32,56.3,14,29,14,15,34,84,72,0
785,Alexander Djiku,Strasbourg,29.7,53,36,37,16,0,26,46,56.5,20,45,19,26,66,119,151,3
786,Berat Djimsiti,Atalanta,20.0,34,19,21,13,0,17,25,68.0,8,17,7,10,36,70,74,1
787,Moussa Djitte,Ajaccio,1.5,1,0,0,0,1,1,2,50.0,1,0,0,0,0,1,1,0
788,Ouparine Djoco,Clermont Foot,1.0,0,0,0,0,0,0,0,0.0,0,0,0,0,0,0,1,0
789,Marko Dmitrovic,Sevilla,14.1,0,0,0,0,0,0,0,0.0,0,0,0,0,0,0,6,0
790,Alan Do Marcolino,Rennes,0.2,0,0,0,0,0,0,0,0.0,0,0,0,0,0,0,1,0
791,Ben Doak,Liverpool,0.3,3,2,1,2,0,1,1,100.0,0,1,0,1,0,3,0,0
792,Ritsu Doan,Freiburg,26.9,61,29,19,29,13,25,54,46.3,29,40,1,39,14,75,12,0
793,Dodo,Fiorentina,25.9,40,22,20,14,6,22,46,47.8,24,26,2,24,25,65,37,0
794,Danilho Doekhi,Union Berlin,24.6,38,23,21,17,0,14,26,53.8,12,27,12,15,29,67,93,0
795,Matt Doherty,Tottenham,7.4,16,10,12,3,1,8,10,80.0,2,11,6,5,8,24,14,1
796,Matt Doherty,Atlético Madrid,0.2,0,0,0,0,0,0,0,0.0,0,2,0,2,0,0,0,0
797,Josh Doig,Hellas Verona,15.0,19,8,6,7,6,6,16,37.5,10,25,6,19,11,30,13,1
798,Jeremy Doku,Rennes,14.3,25,16,6,13,6,12,24,50.0,12,10,0,10,5,30,2,0
799,Kasper Dolberg,Sevilla,2.2,1,0,0,1,0,1,3,33.3,2,0,0,0,0,1,5,0
800,Kasper Dolberg,Hoffenheim,4.5,7,5,1,4,2,4,6,66.7,2,6,2,4,0,7,5,0
801,Carlos Dominguez,Celta Vigo,1.2,1,1,0,1,0,1,2,50.0,1,1,1,0,0,1,7,0
802,Nicolas Dominguez,Bologna,25.6,79,49,34,33,12,39,76,51.3,37,29,3,26,21,100,29,1
803,John Donald,Elche,12.1,20,11,9,9,2,7,14,50.0,7,14,7,7,14,34,23,1
804,Giulio Donati,Monza,4.7,4,1,1,1,2,3,6,50.0,3,3,1,2,4,8,11,0
806,Kyliane Dong,Troyes,2.4,3,1,0,2,1,1,2,50.0,1,1,0,1,1,4,0,0
807,Jordan Dongmo,Troyes,0.2,1,0,0,1,0,1,1,100.0,0,0,0,0,0,1,0,0
808,Gianluigi Donnarumma,Paris S-G,37.9,1,0,1,0,0,1,2,50.0,1,0,0,0,0,1,12,4
809,Niklas Dorsch,Augsburg,5.4,21,12,8,11,2,9,16,56.3,7,9,3,6,6,27,9,0
810,Gabriel Dos Santos,Arsenal,37.9,48,30,29,15,4,18,27,66.7,9,49,26,23,32,80,125,2
811,Jodel Dossou,Clermont Foot,2.9,7,4,3,2,2,4,4,100.0,0,2,1,1,1,8,0,0
812,Lohann Doucet,Nantes,1.0,3,0,2,0,1,3,4,75.0,1,2,0,2,2,5,4,0
813,Abdoulaye Doucoure,Everton,17.0,31,20,9,15,7,12,37,32.4,25,26,3,23,13,44,11,0
814,Cheick Doucoure,Crystal Palace,30.8,77,46,40,33,4,29,52,55.8,23,47,13,34,56,133,48,0
815,Ckene Doucoure,Lorient,1.5,2,2,2,0,0,1,2,50.0,1,0,0,0,1,3,0,0
816,Desire Doue,Rennes,12.4,37,18,10,23,4,13,32,40.6,19,17,1,16,13,50,3,0
817,Guela Doue,Rennes,0.1,0,0,0,0,0,0,0,0.0,0,0,0,0,0,0,0,0
818,Ismael Doukoure,Strasbourg,25.5,48,24,23,21,4,20,34,58.8,14,26,8,18,27,75,54,0
819,Kamory Doumbia,Reims,12.8,31,16,9,14,8,12,37,32.4,25,17,1,16,13,44,3,0
820,Souleyman Doumbia,Angers,19.9,45,31,31,13,1,17,31,54.8,14,20,3,17,27,72,27,1
821,Flynn Downes,West Ham,8.5,16,9,4,10,2,6,12,50.0,6,15,2,13,7,23,6,0
822,Kami Doyle,Southampton,0.1,0,0,0,0,0,0,0,0.0,0,0,0,0,0,0,0,0
823,Bartlomiej Dragowski,Spezia,32.7,1,0,1,0,0,1,5,20.0,4,0,0,0,1,2,15,3
824,Cody Drameh,Leeds United,0.8,5,4,0,4,1,2,3,66.7,1,0,0,0,1,6,1,0
825,Dion Drena Beljo,Augsburg,12.5,7,6,3,2,2,2,13,15.4,11,15,2,13,1,8,14,0
826,Dominick Drexler,Schalke 04,15.2,25,17,12,10,3,9,22,40.9,13,18,2,16,8,33,12,0
827,Domingos Duarte,Getafe,29.5,26,18,21,5,0,19,26,73.1,7,29,23,6,39,65,145,0
828,Martin Dubravka,Newcastle Utd,1.7,0,0,0,0,0,0,1,0.0,1,0,0,0,0,0,1,0
829,Marvin Ducksch,Werder Bremen,31.7,8,3,2,4,2,3,16,18.8,13,13,2,11,9,17,41,1
830,Ondrej Duda,Hellas Verona,11.8,22,14,7,12,3,9,16,56.3,7,11,0,11,13,35,8,0
832,Ondrej Duda,Köln,7.7,9,8,2,5,2,4,11,36.4,7,7,1,6,2,11,3,0
833,Shane Duffy,Fulham,0.2,0,0,0,0,0,0,0,0.0,0,0,0,0,0,0,0,1
834,Remy Dugimont,Auxerre,1.3,2,1,0,1,1,1,2,50.0,1,3,0,3,0,2,5,0
835,Denzel Dumfries,Inter,24.6,35,18,17,13,5,22,34,64.7,12,33,9,24,12,47,26,0
836,Alfred Duncan,Fiorentina,12.3,18,10,0,17,1,10,21,47.6,11,9,0,9,8,26,6,0
837,Lewis Dunk,Brighton,36.0,30,19,19,9,2,18,41,43.9,23,37,27,10,34,64,81,1
838,Maxime Dupe,Toulouse,38.0,0,0,0,0,0,0,0,0.0,0,0,0,0,0,0,9,3
839,Jhon Duran,Aston Villa,1.5,2,2,0,1,1,1,4,25.0,3,0,0,0,2,4,2,0
840,Pablo Duran,Celta Vigo,0.4,0,0,0,0,0,0,0,0.0,0,2,1,1,1,1,2,0
841,Julien Duranville,Dortmund,0.3,1,1,0,1,0,1,1,100.0,0,0,0,0,0,1,0,0
842,Hugo Duro,Valencia,15.4,15,12,2,6,7,7,17,41.2,10,11,1,10,2,17,7,1
843,Jean-Kevin Duverne,Brest,27.9,72,38,44,24,4,42,73,57.5,31,33,5,28,28,100,65,1
844,Paulo Dybala,Roma,19.3,14,4,1,8,5,8,26,30.8,18,12,1,11,8,22,4,0
845,Edin Dzeko,Inter,19.2,3,2,0,3,0,0,4,0.0,4,15,1,14,3,6,25,0
846,Malcolm Ebiowei,Crystal Palace,0.4,1,1,1,0,0,0,1,0.0,1,2,0,2,0,1,0,0
847,Festy Ebosele,Udinese,4.6,15,10,8,7,0,4,10,40.0,6,5,0,5,2,17,5,0
848,Enzo Ebosse,Udinese,10.3,15,9,11,4,0,9,13,69.2,4,27,6,21,11,26,29,0
849,Tyronne Ebuehi,Empoli,21.4,22,14,11,7,4,9,13,69.2,4,23,12,11,12,34,79,1
850,Ederson,Manchester City,35.0,3,1,3,0,0,1,2,50.0,1,0,0,0,1,4,10,2
851,Ederson,Atalanta,24.6,67,34,18,42,7,29,66,43.9,37,56,7,49,36,103,31,0
852,Odsonne Edouard,Crystal Palace,20.0,25,13,7,12,6,7,13,53.8,6,17,5,12,3,28,22,0
853,Samuel Edozie,Southampton,6.3,17,10,6,10,1,3,8,37.5,5,7,0,7,6,23,6,0
854,Maximilian Eggestein,Freiburg,27.2,51,29,21,24,6,17,35,48.6,18,37,8,29,36,87,27,0
855,Lilian Egloff,Stuttgart,2.7,12,10,4,5,3,4,6,66.7,2,2,0,2,1,13,1,0
856,Inigo Eguaras,Almería,10.7,11,8,4,6,1,5,18,27.8,13,9,3,6,6,17,15,0
858,Kingsley Ehizibue,Udinese,17.1,47,31,28,13,6,29,45,64.4,16,21,3,18,10,57,42,1
859,Kingsley Ehizibue,Köln,0.7,0,0,0,0,0,0,0,0.0,0,1,0,1,2,2,1,0
860,Julian Eitschberger,Hertha BSC,0.0,0,0,0,0,0,0,0,0.0,0,0,0,0,0,0,0,0
861,Chidera Ejuke,Hertha BSC,9.9,5,4,1,4,0,1,5,20.0,4,4,0,4,4,9,1,0
862,Albin Ekdal,Spezia,19.3,37,20,14,20,3,19,45,42.2,26,24,2,22,26,63,36,0
863,Hugo Ekitike,Paris S-G,12.8,12,4,1,10,1,4,12,33.3,8,12,0,12,9,21,3,0
864,Emmanuel Ekong,Empoli,0.2,0,0,0,0,0,0,0,0.0,0,0,0,0,0,0,0,0
865,Anthony Elanga,Manchester Utd,4.7,3,0,0,2,1,1,2,50.0,1,4,0,4,2,5,4,0
866,Alberth Elis,Brest,2.9,4,3,1,2,1,1,7,14.3,6,1,0,1,1,5,2,0
867,Mikael Ellertsson,Spezia,1.9,4,2,1,3,0,0,3,0.0,3,2,1,1,2,6,0,0
868,Harvey Elliott,Liverpool,17.9,27,18,6,12,9,9,36,25.0,27,26,1,25,15,42,8,0
869,Elif Elmas,Napoli,18.1,24,13,8,12,4,11,23,47.8,12,18,2,16,11,35,5,0
870,Mohamed Elneny,Arsenal,1.3,1,1,1,0,0,1,1,100.0,0,0,0,0,0,1,0,0
871,Aritz Elustondo,Real Sociedad,16.1,26,17,15,10,1,14,26,53.8,12,15,6,9,20,46,43,1
872,Nico Elvedi,M'Gladbach,31.4,46,24,32,12,2,27,41,65.9,14,31,16,15,35,81,149,3
873,Rodrigo Ely,Almería,35.1,30,21,26,4,0,18,25,72.0,7,46,33,13,31,61,203,1
874,Mohamed Elyounoussi,Southampton,24.1,46,28,22,20,4,19,43,44.2,24,40,3,37,27,73,37,0
875,Adri Embarba,Almería,16.4,50,27,21,26,3,22,46,47.8,24,23,0,23,9,59,9,0
876,Adri Embarba,Espanyol,0.4,1,0,0,1,0,1,1,100.0,0,1,0,1,0,1,0,0
877,Breel Embolo,Monaco,20.7,15,9,2,7,6,5,10,50.0,5,14,3,11,5,20,12,0
878,Emerson,Tottenham,19.3,54,33,38,12,4,27,40,67.5,13,17,3,14,18,72,75,0
879,Youssef En-Nesyri,Sevilla,18.5,16,8,3,7,6,4,14,28.6,10,6,2,4,4,20,16,0
880,Wataru Endo,Stuttgart,32.5,70,37,30,31,9,38,85,44.7,47,44,6,38,26,96,63,0
881,Arne Engels,Augsburg,16.0,20,9,9,10,1,8,19,42.1,11,17,5,12,15,35,12,1
882,Christian Eriksen,Manchester Utd,22.8,22,18,10,7,5,10,32,31.3,22,23,9,14,11,33,20,1
884,Martin Erlic,Sassuolo,25.9,27,16,18,8,1,10,23,43.5,13,36,23,13,31,58,120,1
885,Tjark Ernst,Hertha BSC,1.0,0,0,0,0,0,0,0,0.0,0,0,0,0,0,0,1,0
886,Gonzalo Escalante,Cremonese,6.2,16,8,8,8,0,10,13,76.9,3,7,1,6,10,26,4,0
887,Gonzalo Escalante,Cádiz,12.5,36,24,15,20,1,15,29,51.7,14,18,4,14,17,53,26,1
888,Sergio Escudero,Valladolid,16.0,33,19,21,8,4,15,35,42.9,20,26,6,20,26,59,46,0
889,Alfonso Espino,Cádiz,34.7,87,56,55,20,12,48,96,50.0,48,52,11,41,48,135,99,3
890,Bernardo Espinosa,Girona,13.6,6,2,2,4,0,3,9,33.3,6,17,10,7,12,18,70,2
891,Salvatore Esposito,Spezia,10.8,15,12,8,5,2,5,21,23.8,16,9,1,8,11,26,18,0
892,Maxime Esteve,Montpellier,18.3,24,13,17,5,2,12,17,70.6,5,28,17,11,34,58,90,0
893,Pervis Estupinan,Brighton,29.7,61,31,36,19,6,35,60,58.3,25,30,8,22,37,98,37,1
894,Jonny Evans,Leicester City,11.7,13,5,12,1,0,7,11,63.6,4,15,11,4,18,31,51,0
895,Edu Exposito,Espanyol,12.9,34,20,16,15,3,13,23,56.5,10,7,0,7,12,46,20,0
896,Eberechi Eze,Crystal Palace,29.3,42,24,17,18,7,18,38,47.4,20,22,0,22,13,55,10,0
897,Kimberly Ezekwem,Freiburg,0.1,0,0,0,0,0,0,0,0.0,0,1,0,1,0,0,0,0
898,Nicolas Ezequiel Fernandez,Elche,5.7,23,12,10,7,6,9,17,52.9,8,7,0,7,5,28,2,1
899,Abdessamad Ezzalzouli,Osasuna,16.7,29,19,13,12,4,13,23,56.5,10,20,0,20,4,33,6,0
900,Lukasz Fabianski,West Ham,34.6,2,0,2,0,0,1,2,50.0,1,1,0,1,0,2,10,1
901,Fabinho,Liverpool,29.7,65,38,18,40,7,24,62,38.7,38,38,11,27,37,102,40,0
902,Fabio,Nantes,2.5,4,2,1,2,1,4,6,66.7,2,2,0,2,3,7,11,0
903,Noah Fadiga,Brest,14.5,30,21,18,9,3,14,26,53.8,12,17,7,10,26,56,18,0
904,Wout Faes,Leicester City,31.0,56,33,28,26,2,28,44,63.6,16,53,37,16,41,97,113,2
905,Wout Faes,Reims,3.0,1,1,1,0,0,1,2,50.0,1,6,3,3,7,8,19,0
906,Nicolo Fagioli,Juventus,16.9,29,19,12,15,2,8,27,29.6,19,16,2,14,8,37,7,1
907,Ralf Fahrmann,Schalke 04,11.4,1,0,1,0,0,1,1,100.0,0,0,0,0,0,1,10,2
908,Romain Faivre,Lorient,13.8,13,8,5,4,4,5,25,20.0,20,11,0,11,1,14,4,0
910,Romain Faivre,Lyon,3.3,6,3,2,2,2,1,3,33.3,2,3,0,3,0,6,0,0
911,Radamel Falcao,Rayo Vallecano,6.8,4,4,1,3,0,1,8,12.5,7,5,1,4,2,6,10,0
912,Wladimiro Falcone,Lecce,38.0,2,0,2,0,0,2,2,100.0,0,0,0,0,2,4,21,3
913,Fali,Cádiz,19.0,27,19,19,8,0,18,29,62.1,11,24,15,9,13,40,70,1
914,Fallou Fall,Reims,0.4,0,0,0,0,0,0,1,0.0,1,3,3,0,0,0,4,0
915,Mamadou Fall,Villarreal,0.3,0,0,0,0,0,0,0,0.0,0,1,0,1,0,0,1,0
916,Davide Faraoni,Hellas Verona,16.5,34,24,19,13,2,16,41,39.0,25,30,11,19,15,49,37,0
917,Ansu Fati,Barcelona,15.5,16,9,8,4,4,5,18,27.8,13,19,0,19,5,21,6,0
918,Khalil Fayad,Montpellier,8.0,30,14,12,16,2,12,21,57.1,9,8,1,7,9,39,4,0
919,Cheikh Faye,Montpellier,0.4,0,0,0,0,0,0,0,0.0,0,0,0,0,1,1,0,0
920,Federico Fazio,Salernitana,11.9,15,12,8,7,0,4,11,36.4,7,9,4,5,28,43,61,0
921,Jacopo Fazzini,Empoli,9.2,31,17,20,8,3,18,34,52.9,16,15,3,12,7,38,19,0
922,Zouhair Feddal,Valladolid,4.2,4,2,1,3,0,3,4,75.0,1,9,9,0,5,9,27,0
923,Nabil Fekir,Betis,10.7,11,5,3,3,5,2,9,22.2,7,6,2,4,1,12,0,0
924,Felipe,Nott'ham Forest,15.8,42,23,29,13,0,24,41,58.5,17,34,13,21,36,78,90,0
925,Felipe,Atlético Madrid,2.2,3,2,1,2,0,2,4,50.0,2,2,2,0,0,3,7,0
926,Luiz Felipe,Betis,19.6,34,23,23,11,0,18,34,52.9,16,43,24,19,28,62,106,0
927,Joao Felix,Chelsea,10.5,14,7,5,6,3,4,12,33.3,8,3,0,3,1,15,1,1
928,Joao Felix,Atlético Madrid,7.2,10,7,2,3,5,1,6,16.7,5,1,0,1,3,13,2,0
929,Ohis Felix Uduokhai,Augsburg,16.1,30,20,14,13,3,15,29,51.7,14,27,14,13,29,59,61,1
930,Kiko Femenia,Villarreal,12.6,18,9,14,3,1,13,18,72.2,5,15,6,9,20,38,22,0
931,Evan Ferguson,Brighton,10.6,6,3,1,3,2,1,7,14.3,6,11,1,10,2,8,6,0
932,Lewis Ferguson,Bologna,25.7,44,25,16,20,8,20,40,50.0,20,22,7,15,19,63,25,0
933,Bruno Fernandes,Manchester Utd,36.8,68,42,24,25,19,30,71,42.3,41,37,5,32,25,93,40,1
934,Edimilson Fernandes,Mainz 05,27.1,35,25,26,5,4,18,34,52.9,16,37,16,21,54,89,87,2
936,Aitor Fernandez,Osasuna,21.0,1,1,1,0,0,0,1,0.0,1,0,0,0,2,3,17,0
937,Alex Fernandez,Cádiz,17.5,13,7,6,4,3,4,14,28.6,10,14,1,13,8,21,19,0
938,Alvaro Fernandez,Espanyol,11.0,0,0,0,0,0,0,0,0.0,0,0,0,0,0,0,7,2
939,Carlos Fernandez,Real Sociedad,7.0,6,4,1,3,2,1,15,6.7,14,1,0,1,1,7,4,0
940,Enzo Fernandez,Chelsea,17.2,45,27,25,17,3,21,56,37.5,35,32,2,30,16,61,12,1
941,Federico Fernandez,Elche,1.0,1,1,1,0,0,1,1,100.0,0,0,0,0,2,3,12,0
942,Joaquin Fernandez,Valladolid,24.0,35,28,20,11,4,19,30,63.3,11,31,22,9,27,62,98,1
943,Valery Fernandez,Girona,10.7,12,6,4,6,2,5,9,55.6,4,8,1,7,10,22,9,1
944,Fernando,Almería,36.5,0,0,0,0,0,0,2,0.0,2,2,0,2,1,1,20,3
945,Fernando,Sevilla,17.5,34,23,14,17,3,18,30,60.0,12,21,10,11,24,58,29,0
946,Alex Ferrari,Sampdoria,9.6,9,5,7,2,0,4,8,50.0,4,21,10,11,19,28,25,0
947,Alex Ferrari,Cremonese,11.2,40,23,32,7,1,28,42,66.7,14,19,4,15,25,65,45,1
948,Salvador Ferrer,Spezia,1.5,4,2,2,2,0,1,3,33.3,2,3,1,2,1,5,4,0
949,Jordan Ferri,Montpellier,30.4,55,35,32,19,4,30,89,33.7,59,22,6,16,26,81,21,0
950,Fidel,Elche,19.0,15,10,8,5,2,4,38,10.5,34,9,0,9,5,20,8,0
951,Karol Fila,Strasbourg,0.5,0,0,0,0,0,0,0,0.0,0,0,0,0,1,1,1,0
952,Vincenzo Fiorillo,Salernitana,1.0,0,0,0,0,0,0,0,0.0,0,0,0,0,0,0,0,0
953,Roberto Firmino,Liverpool,13.5,17,12,2,12,3,4,21,19.0,17,16,1,15,7,24,2,0
954,Junior Firpo,Leeds United,15.2,47,25,27,15,5,24,46,52.2,22,23,7,16,24,71,40,0
955,Kilian Fischer,Wolfsburg,5.6,9,6,3,4,2,6,11,54.5,5,6,0,6,5,14,18,0
956,Mark Flekken,Freiburg,34.0,0,0,0,0,0,0,1,0.0,1,1,0,1,0,0,9,5
957,Florian Flick,Schalke 04,5.7,12,3,7,5,0,4,14,28.6,10,9,3,6,4,16,18,0
958,Alexis Flips,Reims,22.0,51,30,18,17,16,27,64,42.2,37,35,5,30,24,75,12,0
959,Alessandro Florenzi,Milan,2.3,6,4,3,2,1,4,7,57.1,3,1,0,1,4,10,2,0
960,Phil Foden,Manchester City,20.5,16,10,9,5,2,8,19,42.1,11,25,2,23,5,21,12,0
962,Seko Fofana,Lens,34.1,28,13,8,18,2,15,39,38.5,24,17,4,13,19,47,14,0
963,Wesley Fofana,Leicester City,2.0,4,2,1,2,1,1,3,33.3,2,1,1,0,9,13,5,0
964,Wesley Fofana,Chelsea,13.1,30,18,19,7,4,13,26,50.0,13,17,10,7,20,50,33,2
965,Yahia Fofana,Angers,11.0,0,0,0,0,0,0,0,0.0,0,0,0,0,1,1,4,1
966,Youssouf Fofana,Monaco,34.3,81,41,31,42,8,38,74,51.4,36,50,6,44,56,137,32,1
967,Thomas Foket,Reims,22.0,35,22,18,11,6,17,46,37.0,29,21,7,14,33,68,29,2
968,Jose Fonte,Lille,28.8,23,17,18,4,1,10,21,47.6,11,27,14,13,25,48,112,2
969,Pablo Fornals,West Ham,16.7,30,15,9,12,9,13,34,38.2,21,16,2,14,14,44,9,0
970,Emil Forsberg,RB Leipzig,16.5,16,11,1,8,7,6,20,30.0,14,25,2,23,3,19,7,0
971,Adam Forshaw,Leeds United,5.3,12,9,5,7,0,7,17,41.2,10,9,1,8,4,16,2,0
972,Fraser Forster,Tottenham,13.5,1,0,1,0,0,0,0,0.0,0,1,0,1,0,1,3,1
973,Philipp Forster,Bochum,14.5,31,19,11,15,5,12,40,30.0,28,22,0,22,6,37,6,0
974,Steven Fortes,Lens,0.1,0,0,0,0,0,0,0,0.0,0,0,0,0,0,0,0,0
975,Timothy Fosu-Mensah,Leverkusen,2.1,7,5,3,3,1,4,4,100.0,0,2,0,2,0,7,1,0
976,Dimitri Foulquier,Valencia,19.3,31,19,17,8,6,20,28,71.4,8,19,3,16,14,45,40,0
977,Juan Foyth,Villarreal,21.8,73,48,49,22,2,41,57,71.9,16,32,11,21,20,93,68,0
978,Raphael Framberger,Augsburg,2.0,10,6,6,4,0,3,5,60.0,2,2,1,1,2,12,5,0
979,Tyrese Francois,Fulham,0.0,0,0,0,0,0,0,0,0.0,0,0,0,0,0,0,1,0
980,Bartol Franjic,Wolfsburg,2.5,4,2,2,2,0,0,2,0.0,2,4,1,3,5,9,4,0
981,Przemyslaw Frankowski,Lens,31.5,77,51,37,31,9,39,80,48.8,41,38,6,32,41,118,42,2
982,Ryan Fraser,Newcastle Utd,3.5,2,2,0,0,2,2,5,40.0,3,3,1,2,0,2,3,0
983,Davide Frattesi,Sassuolo,31.9,63,36,24,29,10,25,44,56.8,19,27,6,21,16,79,42,0
984,Oscar Fraulo,M'Gladbach,0.1,0,0,0,0,0,0,0,0.0,0,0,0,0,0,0,0,0
985,Fred,Manchester Utd,13.9,47,30,24,20,3,15,38,39.5,23,38,2,36,19,66,19,0
986,Ryan Fredericks,Bournemouth,5.9,3,2,2,0,1,1,4,25.0,3,7,2,5,1,4,27,0
988,Ivan Fresneda,Valladolid,19.4,48,34,31,13,4,29,47,61.7,18,32,8,24,15,63,60,0
989,Remo Freuler,Nott'ham Forest,24.0,43,23,23,15,5,19,43,44.2,24,36,9,27,29,72,45,0
990,Michael Frey,Schalke 04,9.6,13,5,2,8,3,4,13,30.8,9,6,0,6,2,15,1,0
991,Marco Friedl,Werder Bremen,28.8,62,46,40,22,0,41,68,60.3,27,46,17,29,58,120,127,1
992,Marvin Friedrich,M'Gladbach,13.9,17,11,13,3,1,10,13,76.9,3,14,6,8,11,28,52,0
993,Jeremie Frimpong,Leverkusen,30.1,53,27,22,26,5,23,44,52.3,21,24,3,21,16,69,40,0
994,Chris Fuhrich,Stuttgart,20.9,36,14,15,14,7,24,44,54.5,20,29,2,27,7,43,13,0
995,Angelo Fulgini,Lens,9.5,14,7,2,4,8,5,14,35.7,9,11,0,11,8,22,2,0
996,Angelo Fulgini,Mainz 05,5.8,6,5,2,3,1,5,12,41.7,7,5,0,5,5,11,7,0
997,Niclas Fullkrug,Werder Bremen,27.5,9,4,0,6,3,3,13,23.1,10,13,4,9,1,10,24,0
998,Matteo Gabbia,Milan,6.8,17,10,12,5,0,6,8,75.0,2,8,3,5,5,22,29,0
999,Manolo Gabbiadini,Sampdoria,26.2,23,15,8,9,6,9,23,39.1,14,16,2,14,6,29,25,0
1000,Gianluca Gaetano,Napoli,0.8,5,3,1,3,1,0,0,0.0,0,1,0,1,1,6,0,0
1001,Roberto Gagliardini,Inter,8.7,16,6,9,6,1,10,21,47.6,11,14,5,9,4,20,15,0
1002,Adolfo Gaich,Hellas Verona,8.1,5,3,0,3,2,1,6,16.7,5,7,2,5,3,8,7,1
1003,Cody Gakpo,Liverpool,16.2,26,15,4,13,9,13,38,34.2,25,13,1,12,4,30,2,0
1004,Javi Galan,Celta Vigo,35.1,104,72,60,40,4,48,98,49.0,50,54,5,49,41,145,63,1
1005,Inigo Ruiz de Galarreta,Mallorca,27.2,54,38,27,23,4,20,52,38.5,32,26,9,17,30,84,19,0
1006,Pablo Galdames Millan,Cremonese,8.2,14,10,8,3,3,5,33,15.2,28,13,2,11,10,24,13,0
1007,Conor Gallagher,Chelsea,18.0,46,33,17,19,10,10,37,27.0,27,41,10,31,23,69,18,1
1008,Antonino Gallo,Lecce,27.6,56,36,35,12,9,38,57,66.7,19,37,6,31,13,69,71,0
1009,Gauthier Gallon,Troyes,29.6,2,2,2,0,0,2,4,50.0,2,0,0,0,2,4,17,0
1010,Cristian Gamboa,Bochum,16.4,42,24,27,14,1,21,31,67.7,10,20,7,13,16,58,34,1
1011,Kevin Gameiro,Strasbourg,23.3,20,10,6,10,4,8,28,28.6,20,10,1,9,9,29,0,0
1012,Idrissa Gana Gueye,Everton,28.6,97,57,49,35,13,31,60,51.7,29,50,12,38,56,153,34,3
1014,Ignatius Ganago,Nantes,16.9,9,7,2,3,4,4,7,57.1,3,13,1,12,2,11,12,0
1015,Ignatius Ganago,Lens,0.7,0,0,0,0,0,0,0,0.0,0,0,0,0,0,0,1,0
1016,Silvere Ganvoula M'Boussy,Bochum,2.7,2,2,0,1,1,0,0,0.0,0,0,0,0,0,2,3,0
1017,Aleix Garcia,Girona,26.0,37,20,9,18,10,15,33,45.5,18,24,8,16,31,68,35,1
1018,Alvaro Garcia,Rayo Vallecano,31.9,49,28,21,13,15,11,33,33.3,22,41,4,37,34,83,24,1
1019,Borja Garcia,Girona,7.5,10,4,7,2,1,2,9,22.2,7,3,1,2,5,15,6,1
1020,Carlos Garcia,Cádiz,0.3,0,0,0,0,0,0,0,0.0,0,0,0,0,0,0,2,0
1021,Dani Garcia,Athletic Club,16.5,46,27,17,25,4,29,47,61.7,18,21,6,15,19,65,21,1
1022,David Garcia,Osasuna,29.8,34,20,22,12,0,19,22,86.4,3,28,13,15,45,79,151,0
1023,Eric Garcia,Barcelona,15.7,24,16,16,5,3,9,20,45.0,11,23,10,13,19,43,36,1
1024,Fran Garcia,Rayo Vallecano,37.9,84,54,53,23,8,55,96,57.3,41,49,8,41,44,128,66,0
1025,Joan Garcia,Espanyol,1.0,0,0,0,0,0,0,0,0.0,0,0,0,0,0,0,0,0
1026,Raul Garcia,Athletic Club,10.7,12,8,3,4,5,5,15,33.3,10,13,1,12,6,18,9,0
1027,Ruben Garcia,Osasuna,12.9,20,11,12,4,4,7,24,29.2,17,14,1,13,12,32,13,0
1028,Unai Garcia,Osasuna,19.0,23,13,13,8,2,12,17,70.6,5,23,14,9,19,42,60,2
1029,Alejandro Garnacho,Manchester Utd,6.3,5,2,2,0,3,1,11,9.1,10,5,0,5,5,10,3,0
1030,James Garner,Everton,8.9,16,13,4,8,4,9,19,47.4,10,9,1,8,12,28,13,0
1031,Felix Garreta,Betis,1.0,1,0,0,1,0,0,0,0.0,0,1,1,0,1,2,4,0
1032,Aleix Garrido,Barcelona,0.1,2,1,1,0,1,1,1,100.0,0,1,0,1,0,2,0,0
1033,Sekou Gassama,Valladolid,0.4,0,0,0,0,0,0,0,0.0,0,0,0,0,0,0,0,0
1034,Johan Gastien,Clermont Foot,28.9,62,34,30,23,9,38,111,34.2,73,37,7,30,36,98,25,1
1035,Federico Gatti,Juventus,16.1,15,11,9,4,2,9,15,60.0,6,20,14,6,21,36,54,2
1036,Gavi,Barcelona,28.1,47,31,7,30,10,21,55,38.2,34,32,5,27,18,65,22,0
1037,Paulo Gazzaniga,Girona,28.0,0,0,0,0,0,0,1,0.0,1,0,0,0,1,1,9,5
1038,David de Gea,Manchester Utd,38.0,0,0,0,0,0,0,1,0.0,1,0,0,0,1,1,15,3
1040,Dario Gebuhr,Eint Frankfurt,0.2,0,0,0,0,0,0,1,0.0,1,0,0,0,0,0,0,0
1041,Dennis Geiger,Hoffenheim,21.7,45,25,15,28,2,22,35,62.9,13,27,3,24,24,69,18,2
1042,Joe Gelhardt,Leeds United,2.4,6,2,1,3,2,3,5,60.0,2,5,0,5,0,6,4,0
1043,Valentin Gendrey,Lecce,34.5,88,57,54,25,9,40,71,56.3,31,45,4,41,37,125,89,0
1044,Denis Genreau,Toulouse,7.3,35,13,16,12,7,13,31,41.9,18,16,1,15,8,43,9,0
1045,Yannick Gerhardt,Wolfsburg,20.7,29,15,10,11,8,12,30,40.0,18,26,5,21,7,36,24,0
1046,Valere Germain,Montpellier,7.6,13,11,3,5,5,4,12,33.3,8,8,0,8,6,19,12,0
1047,Gerson,Marseille,4.6,6,4,1,4,1,3,5,60.0,2,5,0,5,2,8,4,0
1048,Ismael Gharbi,Paris S-G,0.6,0,0,0,0,0,0,2,0.0,2,2,0,2,3,3,0,0
1049,Paolo Ghiglione,Cremonese,7.9,16,11,10,3,3,10,23,43.5,13,9,4,5,4,20,12,0
1050,Saman Ghoddos,Brentford,1.5,2,1,0,1,1,1,3,33.3,2,5,1,4,4,6,2,0
1051,Faouzi Ghoulam,Angers,5.3,3,3,1,1,1,3,5,60.0,2,4,2,2,4,7,12,1
1052,Morgan Gibbs-White,Wolves,2.0,3,1,3,0,0,2,3,66.7,1,2,0,2,1,4,3,0
1053,Morgan Gibbs-White,Nott'ham Forest,33.0,26,14,7,7,12,11,32,34.4,21,23,4,19,14,40,15,0
1054,Niko Giesselmann,Union Berlin,14.5,21,11,9,9,3,13,31,41.9,18,17,5,12,9,30,28,0
1055,Samuel Gigot,Marseille,20.9,46,24,22,21,3,12,15,80.0,3,24,7,17,45,91,85,1
1056,Rafal Gikiewicz,Augsburg,23.0,2,2,2,0,0,2,3,66.7,1,0,0,0,0,2,15,5
1057,Bryan Gil,Tottenham,1.6,3,1,3,0,0,0,3,0.0,3,3,0,3,1,4,1,0
1058,Bryan Gil,Sevilla,10.2,22,11,11,7,4,10,23,43.5,13,10,0,10,8,30,10,0
1059,David Gil,Cádiz,4.0,0,0,0,0,0,0,0,0.0,0,0,0,0,0,0,3,0
1060,Oscar Gil,Espanyol,28.4,63,37,38,16,9,32,61,52.5,29,51,18,33,31,94,55,1
1061,Mario Gila,Lazio,1.0,3,1,3,0,0,0,1,0.0,1,0,0,0,3,6,3,0
1062,Billy Gilmour,Brighton,5.6,5,2,2,2,1,2,8,25.0,6,5,2,3,6,11,5,0
1063,Alvaro Gimenez,Cádiz,0.2,0,0,0,0,0,0,1,0.0,1,0,0,0,0,0,0,0
1064,Gvidas Gineitis,Torino,1.5,3,1,0,2,1,1,2,50.0,1,0,0,0,0,3,1,0
1066,Matthias Ginter,Freiburg,34.0,43,20,29,12,2,26,40,65.0,14,40,24,16,35,78,153,3
1067,Andrei Girotto,Nantes,35.0,122,73,71,45,6,74,132,56.1,58,55,24,31,73,195,176,1
1068,Olivier Giroud,Milan,23.8,8,5,2,4,2,2,10,20.0,8,11,3,8,3,11,23,0
1069,Serge Gnabry,Bayern Munich,21.6,35,23,11,14,10,17,43,39.5,26,24,1,23,11,46,5,1
1070,Degnand Gnonto,Leeds United,15.0,27,17,7,15,5,10,30,33.3,20,24,1,23,5,32,7,0
1071,Ben Godfrey,Everton,8.9,20,11,13,5,2,11,29,37.9,18,12,6,6,8,28,33,1
1072,Pierluigi Gollini,Fiorentina,3.0,1,0,1,0,0,1,1,100.0,0,0,0,0,0,1,2,0
1073,Pierluigi Gollini,Napoli,4.0,0,0,0,0,0,0,0,0.0,0,0,0,0,0,0,1,0
1074,Aleksandr Golovin,Monaco,27.4,62,36,19,32,11,28,72,38.9,44,28,1,27,37,99,10,0
1075,Andre Gomes,Lille,18.1,37,19,12,17,8,19,52,36.5,33,20,5,15,9,46,16,1
1076,Angel Gomes,Lille,31.3,41,19,12,21,8,18,49,36.7,31,22,2,20,13,54,11,1
1077,Joao Gomes,Wolves,7.3,29,13,14,14,1,13,23,56.5,10,12,3,9,4,33,11,0
1078,Toti Gomes,Wolves,10.9,15,9,11,4,0,9,13,69.2,4,16,8,8,11,26,51,0
1079,Dani Gomez,Espanyol,1.0,2,1,1,1,0,1,2,50.0,1,0,0,0,1,3,0,0
1080,Joe Gomez,Liverpool,16.3,28,21,15,11,2,11,19,57.9,8,17,11,6,24,52,51,2
1081,Maxi Gomez,Valencia,1.2,0,0,0,0,0,0,0,0.0,0,0,0,0,0,0,2,0
1082,Moi Gomez,Osasuna,27.3,26,17,9,14,3,15,32,46.9,17,15,3,12,10,36,5,1
1083,Papu Gomez,Sevilla,11.8,6,4,3,3,0,2,10,20.0,8,8,1,7,4,10,5,0
1084,Sergi Gomez,Espanyol,26.0,29,16,20,9,0,18,22,81.8,4,33,19,14,27,56,125,1
1085,Sergio Gomez,Manchester City,3.9,9,4,6,1,2,5,8,62.5,3,5,3,2,2,11,9,1
1086,Antonio Gomis,Atlético Madrid,0.1,0,0,0,0,0,0,0,0.0,0,0,0,0,0,0,0,0
1087,Maxime Gonalons,Clermont Foot,16.1,52,32,25,21,6,25,53,47.2,28,21,1,20,20,72,7,1
1088,Diego Gonzalez,Elche,10.6,12,7,9,3,0,7,11,63.6,4,14,12,2,7,19,50,1
1089,Edgar Gonzalez,Betis,19.7,28,19,18,7,3,14,27,51.9,13,12,9,3,21,49,120,0
1090,Giovanni Gonzalez,Mallorca,10.3,16,8,11,2,3,9,22,40.9,13,8,2,6,7,23,22,0
1092,Joan Gonzalez,Lecce,24.4,48,28,20,18,10,17,51,33.3,34,37,8,29,16,64,28,0
1093,Nicolas Gonzalez,Fiorentina,15.0,17,10,3,10,4,5,16,31.3,11,14,0,14,4,21,6,0
1094,Nicolas Gonzalez,Valencia,15.6,27,15,11,13,3,9,25,36.0,16,21,7,14,19,46,16,0
1095,Oumar Gonzalez,Ajaccio,28.6,51,28,34,13,4,23,37,62.2,14,32,11,21,52,103,82,0
1096,Roberto Gonzalez,Betis,0.6,0,0,0,0,0,0,1,0.0,1,0,0,0,1,1,0,0
1097,Jacek Goralski,Bochum,1.6,6,3,3,3,0,4,6,66.7,2,4,0,4,3,9,5,0
1098,Anthony Gordon,Newcastle Utd,5.4,14,12,5,7,2,9,20,45.0,11,9,1,8,2,16,1,1
1099,Anthony Gordon,Everton,12.2,34,22,17,10,7,8,23,34.8,15,19,0,19,4,38,11,0
1100,Leon Goretzka,Bayern Munich,19.2,43,24,21,16,6,27,48,56.3,21,40,3,37,30,73,32,0
1101,Andoni Gorosabel,Real Sociedad,19.0,41,25,23,9,9,26,43,60.5,17,21,2,19,17,58,23,0
1102,Robin Gosens,Inter,13.2,34,18,15,10,9,15,25,60.0,10,16,2,14,23,57,15,0
1103,Mario Gotze,Eint Frankfurt,30.4,42,25,13,22,7,14,47,29.8,33,25,0,25,13,55,12,0
1104,Amine Gouiri,Nice,2.5,1,1,1,0,0,0,1,0.0,1,1,0,1,0,1,3,0
1105,Amine Gouiri,Rennes,28.0,42,25,14,16,12,14,33,42.4,19,21,0,21,12,54,10,0
1106,Jeffrey Gouweleeuw,Augsburg,31.1,42,27,19,17,6,24,49,49.0,25,41,23,18,50,92,141,2
1107,Jonathan Gradit,Lens,31.4,62,40,30,25,7,31,53,58.5,22,40,26,14,38,100,83,0
1108,Jose Gragera,Espanyol,5.1,19,9,11,6,2,6,11,54.5,5,10,4,6,7,26,18,0
1109,Alberto Grassi,Empoli,13.3,26,21,13,13,0,15,24,62.5,9,23,12,11,27,53,45,0
1110,Ryan Gravenberch,Bayern Munich,6.4,17,8,4,10,3,7,13,53.8,6,9,1,8,9,26,10,0
1111,Andrew Gravillon,Torino,3.5,3,3,0,3,0,0,0,0.0,0,4,2,2,9,12,16,0
1112,Andrew Gravillon,Reims,11.5,16,8,9,6,1,8,13,61.5,5,18,9,9,21,37,36,0
1113,Demarai Gray,Everton,27.9,33,24,9,14,10,17,31,54.8,14,23,3,20,13,46,18,0
1114,Adrian Grbic,Lorient,0.3,0,0,0,0,0,0,1,0.0,1,3,0,3,0,0,0,0
1115,Ivo Grbic,Atlético Madrid,10.2,0,0,0,0,0,0,0,0.0,0,0,0,0,0,0,9,1
1116,Jack Grealish,Manchester City,22.8,25,16,10,12,3,13,22,59.1,9,17,3,14,7,32,9,0
1118,Sam Greenwood,Leeds United,4.7,15,7,7,8,0,8,21,38.1,13,10,2,8,1,16,1,0
1119,Michael Gregoritsch,Freiburg,23.9,19,12,6,9,4,3,21,14.3,18,23,4,19,5,24,10,0
1120,Dominik Greif,Mallorca,1.0,0,0,0,0,0,0,0,0.0,0,0,0,0,0,0,0,0
1121,Leo Greiml,Schalke 04,4.0,10,5,4,5,1,5,12,41.7,7,7,3,4,3,13,16,0
1122,Clement Grenier,Mallorca,8.0,20,8,6,12,2,10,20,50.0,10,9,1,8,6,26,7,0
1123,Antoine Griezmann,Atlético Madrid,31.8,49,34,15,23,11,20,66,30.3,46,34,3,31,24,73,31,0
1124,Vincenzo Grifo,Freiburg,26.8,29,16,6,15,8,13,31,41.9,18,18,1,17,19,48,19,0
1125,Lennart Grill,Union Berlin,5.0,0,0,0,0,0,0,1,0.0,1,0,0,0,0,0,1,1
1126,Christian Gross,Werder Bremen,21.0,56,25,20,34,2,29,60,48.3,31,20,5,15,23,79,38,1
1127,Pascal Gross,Brighton,36.0,59,38,23,27,9,25,55,45.5,30,32,10,22,13,72,21,1
1128,Brajan Gruda,Mainz 05,0.0,0,0,0,0,0,0,0,0.0,0,0,0,0,0,0,0,0
1129,Ilia Gruev,Werder Bremen,17.6,44,27,16,25,3,18,31,58.1,13,23,6,17,22,66,21,1
1130,Carlos Gruezo,Augsburg,10.7,21,12,12,9,0,9,16,56.3,7,13,4,9,10,31,15,0
1131,Vicente Guaita,Crystal Palace,27.0,0,0,0,0,0,0,0,0.0,0,0,0,0,0,0,9,1
1132,Andres Guardado,Betis,15.3,41,25,17,20,4,18,43,41.9,25,14,5,9,23,64,29,0
1133,Sergi Guardiola,Valladolid,5.6,12,7,6,5,1,2,4,50.0,2,6,0,6,2,14,7,0
1134,Sergi Guardiola,Cádiz,12.9,9,7,0,6,3,3,12,25.0,9,5,0,5,3,12,7,0
1135,Nemanja Gudelj,Sevilla,30.9,43,33,22,18,3,20,33,60.6,13,39,29,10,34,77,102,1
1136,Gabriel Gudmundsson,Lille,9.3,19,11,7,10,2,12,22,54.5,10,11,2,9,10,29,20,0
1137,Goncalo Guedes,Wolves,7.9,8,6,4,3,1,5,8,62.5,3,4,0,4,1,9,2,0
1138,Axel Gueguin,Montpellier,0.3,0,0,0,0,0,0,0,0.0,0,1,0,1,0,0,0,0
1139,Marc Guehi,Crystal Palace,37.0,52,27,39,11,2,26,42,61.9,16,45,24,21,45,97,134,3
1140,Matteo Guendouzi,Marseille,23.4,39,18,9,21,9,14,38,36.8,24,12,5,7,21,60,18,0
1141,Javier Guerra,Valencia,6.7,16,13,7,4,5,9,20,45.0,11,8,1,7,11,27,9,0
1142,Raphael Guerreiro,Dortmund,25.4,36,20,13,15,8,21,34,61.8,13,21,2,19,36,72,23,0
1144,Axel Guessand,Udinese,0.9,2,1,2,0,0,1,2,50.0,1,1,0,1,2,4,3,0
1145,Evann Guessand,Nantes,14.0,24,16,8,13,3,6,12,50.0,6,17,1,16,9,33,6,0
1146,Ander Guevara,Real Sociedad,2.5,5,2,2,2,1,1,4,25.0,3,6,1,5,2,7,3,0
1147,Pape Gueye,Sevilla,13.0,37,22,13,21,3,16,33,48.5,17,21,5,16,22,59,10,0
1148,Pape Gueye,Marseille,5.5,18,7,10,7,1,7,15,46.7,8,9,2,7,9,27,2,0
1149,Josuha Guilavogui,Wolfsburg,13.1,18,11,7,10,1,6,17,35.3,11,19,13,6,23,41,52,0
1150,Frederic Guilbert,Strasbourg,16.2,47,29,18,23,6,25,43,58.1,18,24,3,21,43,90,33,1
1151,Bruno Guimaraes,Newcastle Utd,30.3,78,40,27,46,5,38,65,58.5,27,28,4,24,36,114,22,1
1152,Serhou Guirassy,Rennes,0.3,0,0,0,0,0,0,0,0.0,0,0,0,0,0,0,0,0
1153,Serhou Guirassy,Stuttgart,18.3,4,1,2,2,0,1,2,50.0,1,7,2,5,0,4,14,0
1154,Rafik Guitane,Reims,0.0,0,0,0,0,0,0,0,0.0,0,0,0,0,0,0,1,0
1155,Peter Gulacsi,RB Leipzig,6.0,0,0,0,0,0,0,0,0.0,0,0,0,0,0,0,2,0
1156,Manuel Gulde,Freiburg,7.1,14,8,10,4,0,2,4,50.0,2,5,1,4,19,33,25,0
1157,Gerard Gumbau,Elche,30.4,44,25,17,23,4,18,51,35.3,33,32,8,24,28,72,40,0
1158,Robert Gumny,Augsburg,22.4,34,24,13,15,6,11,27,40.7,16,21,7,14,26,60,62,1
1159,Ilkay Gundogan,Manchester City,26.1,30,18,7,13,10,12,34,35.3,22,18,3,15,20,50,13,0
1160,Christian Gunter,Freiburg,30.5,29,21,18,9,2,13,43,30.2,30,22,4,18,16,45,41,0
1161,Koray Gunter,Hellas Verona,11.1,10,6,1,8,1,4,7,57.1,3,24,15,9,30,40,46,0
1162,Koray Gunter,Sampdoria,8.6,10,8,6,4,0,6,9,66.7,3,10,5,5,11,21,46,0
1163,Gorka Guruzeta,Athletic Club,15.8,24,20,6,12,6,11,24,45.8,13,23,2,21,4,28,8,0
1164,Malo Gusto,Lyon,17.7,42,26,23,11,8,21,43,48.8,22,22,5,17,28,70,23,1
1165,Raul Guti,Elche,12.4,18,12,8,9,1,8,18,44.4,10,10,3,7,8,26,6,0
1166,Miguel Gutierrez,Girona,26.6,41,23,23,13,5,23,37,62.2,14,23,5,18,18,59,42,1
1167,Josko Gvardiol,RB Leipzig,24.1,23,17,15,8,0,9,22,40.9,13,34,17,17,34,57,76,1
1168,Darko Gyabi,Leeds United,0.1,2,2,1,1,0,0,0,0.0,0,2,0,2,0,2,0,0
1170,Emmanuel Gyasi,Spezia,31.2,24,15,11,10,3,9,36,25.0,27,24,6,18,8,32,26,0
1171,Norbert Gyomber,Salernitana,19.3,32,23,25,6,1,16,24,66.7,8,33,22,11,35,67,92,0
1172,Christian Gytkjaer,Monza,6.2,6,2,1,4,1,2,5,40.0,3,6,1,5,0,6,2,0
1173,Erling Haaland,Manchester City,30.8,3,2,0,2,1,1,5,20.0,4,12,4,8,3,6,14,0
1174,Nicolas Haas,Empoli,12.8,27,13,16,6,5,12,24,50.0,12,16,4,12,8,35,27,0
1175,Janik Haberer,Union Berlin,24.3,29,17,8,18,3,17,48,35.4,31,35,2,33,14,43,25,0
1176,Alexander Hack,Mainz 05,12.6,30,18,21,9,0,19,33,57.6,14,18,5,13,24,54,45,1
1177,Munir El Haddadi,Getafe,12.8,12,7,3,7,2,2,10,20.0,8,23,2,21,9,21,7,0
1178,Jaouen Hadjam,Nantes,8.9,27,21,13,9,5,16,25,64.0,9,10,3,7,12,39,12,0
1179,Dennis Hadzikadunic,Mallorca,6.8,9,6,4,5,0,4,4,100.0,0,5,4,1,3,12,27,0
1180,Andre Hahn,Augsburg,4.3,9,5,4,4,1,8,12,66.7,4,9,2,7,4,13,14,0
1181,Amadou Haidara,RB Leipzig,15.9,25,11,15,10,0,13,34,38.2,21,26,6,20,26,51,20,0
1182,Massadio Haidara,Lens,18.6,24,16,9,9,6,12,24,50.0,12,26,9,17,36,60,39,1
1183,Achraf Hakimi,Paris S-G,22.8,54,34,19,20,15,31,59,52.5,28,34,2,32,16,70,19,0
1184,Lewis Hall,Chelsea,7.3,23,12,19,4,0,15,22,68.2,7,8,0,8,11,34,11,1
1185,Sebastien Haller,Dortmund,13.6,5,4,2,1,2,0,4,0.0,4,8,0,8,1,6,10,0
1186,Marcel Halstenberg,RB Leipzig,17.3,40,21,20,15,5,23,41,56.1,18,22,1,21,21,61,29,0
1187,Mathis Hamdi,Troyes,0.8,0,0,0,0,0,0,1,0.0,1,0,0,0,1,1,1,0
1188,Ben Hamed Toure,Ajaccio,2.3,4,4,2,2,0,1,5,20.0,4,2,0,2,1,5,4,0
1189,Romain Hamouma,Ajaccio,12.0,8,3,3,3,2,3,6,50.0,3,8,0,8,2,10,2,0
1190,Said Hamulic,Toulouse,1.2,0,0,0,0,0,0,0,0.0,0,0,0,0,0,0,0,0
1191,Andreas Hanche-Olsen,Mainz 05,16.6,35,23,24,7,4,22,39,56.4,17,16,8,8,33,68,77,2
1192,Samir Handanovic,Inter,13.7,0,0,0,0,0,0,0,0.0,0,0,0,0,0,0,5,0
1193,Genki Haraguchi,Stuttgart,8.3,16,7,7,7,2,4,16,25.0,12,13,2,11,8,24,6,0
1194,Genki Haraguchi,Union Berlin,5.5,12,8,1,10,1,3,9,33.3,6,7,1,6,3,15,9,0
1196,Amine Harit,Marseille,5.7,6,4,0,3,3,3,8,37.5,5,4,1,3,4,10,6,0
1197,Luke Harris,Fulham,0.1,0,0,0,0,0,0,0,0.0,0,0,0,0,0,0,0,0
1198,Jack Harrison,Leeds United,30.1,41,17,5,15,21,12,52,23.1,40,47,2,45,22,63,25,0
1199,Abdou Harroui,Sassuolo,7.2,17,6,6,7,4,2,7,28.6,5,6,1,5,2,19,10,0
1200,Makoto Hasebe,Eint Frankfurt,14.5,18,12,16,2,0,7,22,31.8,15,22,9,13,17,35,45,0
1201,Haissem Hassan,Villarreal,0.6,0,0,0,0,0,0,2,0.0,2,0,0,0,1,1,0,0
1202,Hans Hateboer,Atalanta,15.5,21,13,11,8,2,11,27,40.7,16,23,4,19,12,33,25,0
1203,Kai Havertz,Chelsea,28.5,34,16,4,20,10,10,30,33.3,20,28,0,28,7,41,41,0
1204,Eden Hazard,Real Madrid,2.2,0,0,0,0,0,0,2,0.0,2,1,0,1,1,1,0,0
1205,Thorgan Hazard,Dortmund,5.2,17,6,5,11,1,12,17,70.6,5,6,0,6,5,22,5,0
1206,Rhys Healey,Toulouse,0.7,0,0,0,0,0,0,0,0.0,0,0,0,0,0,0,0,0
1207,Jan Paul van Hecke,Brighton,3.3,8,6,3,4,1,5,5,100.0,0,8,5,3,6,14,9,0
1208,Jonas Hector,Köln,31.4,112,66,59,43,10,66,113,58.4,47,61,9,52,39,151,74,1
1209,Hwang Hee-chan,Wolves,12.6,20,9,7,8,5,6,19,31.6,13,18,2,16,5,25,5,0
1210,Gauthier Hein,Auxerre,20.8,27,20,13,11,3,18,48,37.5,30,10,0,10,6,33,10,0
1211,Dominique Heintz,Bochum,8.8,13,9,5,7,1,6,17,35.3,11,11,7,4,12,25,34,0
1212,Dean Henderson,Nott'ham Forest,18.0,0,0,0,0,0,0,0,0.0,0,0,0,0,0,0,12,1
1213,Jordan Henderson,Liverpool,23.0,32,23,10,18,4,15,36,41.7,21,21,3,18,21,53,16,1
1214,Liam Henderson,Empoli,11.2,13,10,6,5,2,4,21,19.0,17,10,2,8,10,23,10,0
1215,Jack Hendry,Cremonese,2.4,0,0,0,0,0,0,1,0.0,1,2,1,1,1,1,7,0
1216,Wayne Hennessey,Nott'ham Forest,3.0,1,0,1,0,0,1,1,100.0,0,0,0,0,0,1,2,0
1217,Benjamin Henrichs,RB Leipzig,24.3,73,46,41,29,3,43,66,65.2,23,48,4,44,35,108,46,0
1218,Henrique,Lyon,4.0,9,4,3,2,4,6,13,46.2,7,3,1,2,5,14,8,0
1219,Luiz Henrique,Betis,20.1,48,34,27,15,6,20,44,45.5,24,22,0,22,14,62,17,0
1220,Matheus Henrique,Sassuolo,21.6,26,12,9,11,6,12,24,50.0,12,15,4,11,12,38,10,0
1222,Rico Henry,Brentford,36.0,57,31,20,28,9,22,41,53.7,19,29,8,21,30,87,84,1
1223,Thomas Henry,Hellas Verona,11.4,5,3,1,1,3,1,5,20.0,4,6,2,4,0,5,14,0
1224,Christophe Herelle,Brest,11.8,10,4,7,2,1,4,13,30.8,9,16,11,5,20,30,48,0
1225,Mario Hermoso,Atlético Madrid,23.4,22,15,14,6,2,9,30,30.0,21,19,9,10,19,41,85,1
1226,Javi Hernandez,Girona,12.4,21,12,12,7,2,13,21,61.9,8,10,5,5,7,28,38,0
1227,Aridane Hernandez,Osasuna,19.9,21,15,17,4,0,12,25,48.0,13,34,21,13,28,49,96,1
1228,Lucas Hernandez,Bayern Munich,5.3,6,4,3,3,0,5,6,83.3,1,2,1,1,5,11,7,0
1229,Luis Hernandez,Cádiz,35.0,33,21,25,7,1,22,36,61.1,14,31,24,7,31,64,145,0
1230,Mario Hernandez,Rayo Vallecano,1.1,3,2,2,1,0,3,7,42.9,4,2,0,2,2,5,0,0
1231,Theo Hernandez,Milan,30.8,43,24,27,15,1,22,38,57.9,16,34,7,27,21,64,35,1
1232,Jorge Herrando,Osasuna,0.3,0,0,0,0,0,0,0,0.0,0,1,0,1,0,0,3,0
1233,Ander Herrera,Athletic Club,7.7,18,10,8,7,3,6,18,33.3,12,12,3,9,11,29,12,0
1234,Sergio Herrera,Osasuna,17.0,2,0,2,0,0,2,2,100.0,0,1,0,1,1,3,6,2
1235,Yangel Herrera,Girona,10.7,26,9,9,14,3,6,15,40.0,9,14,1,13,4,30,12,0
1236,Patrick Herrmann,M'Gladbach,1.8,6,2,4,1,1,2,4,50.0,2,2,0,2,2,8,1,0
1237,Son Heung-min,Tottenham,32.1,24,12,7,8,9,9,30,30.0,21,23,2,21,13,37,6,0
1238,Aaron Hickey,Brentford,21.3,38,26,27,11,0,18,32,56.3,14,18,7,11,17,55,32,1
1239,Isak Hien,Hellas Verona,29.0,73,36,54,19,0,38,61,62.3,23,40,17,23,31,104,92,1
1240,Omar El Hilali,Espanyol,1.0,3,2,3,0,0,1,2,50.0,1,1,0,1,1,4,6,0
1241,Piero Hincapie,Leverkusen,27.3,51,34,28,20,3,25,38,65.8,13,41,20,21,31,82,83,1
1242,Jack Hinshelwood,Brighton,0.0,1,0,1,0,0,0,0,0.0,0,0,0,0,0,1,0,0
1243,Morten Hjulmand,Lecce,32.9,90,52,49,40,1,37,67,55.2,30,43,11,32,72,162,54,0
1244,Adam Hlozek,Leverkusen,14.3,9,4,4,3,2,3,9,33.3,6,9,2,7,6,15,9,0
1245,Joseph Hodge,Wolves,1.9,5,2,1,3,1,3,4,75.0,1,5,0,5,0,5,2,1
1246,Nicolas Hofler,Freiburg,31.3,66,35,28,35,3,27,61,44.3,34,40,13,27,58,124,49,0
1248,Jonas Hofmann,M'Gladbach,29.8,31,16,17,8,6,15,52,28.8,37,36,2,34,16,47,21,0
1249,Philipp Hofmann,Bochum,29.2,18,11,0,13,5,5,12,41.7,7,20,8,12,6,24,48,0
1250,Rob Holding,Arsenal,6.3,8,5,4,4,0,3,6,50.0,3,6,5,1,3,11,27,1
1251,Lucas Holer,Freiburg,16.7,19,14,5,7,7,6,22,27.3,16,22,5,17,10,29,17,0
1252,Mason Holgate,Everton,5.6,11,7,8,3,0,3,11,27.3,8,7,3,4,7,18,28,0
1253,Emil Holm,Spezia,15.5,26,15,13,8,5,16,31,51.6,15,21,6,15,9,35,41,0
1254,Noah Holm,Reims,2.2,6,4,2,2,2,2,5,40.0,3,0,0,0,0,6,5,0
1255,Gerrit Holtmann,Bochum,10.5,14,7,6,7,1,12,21,57.1,9,15,1,14,2,16,4,0
1256,Martin Hongla,Hellas Verona,5.8,8,5,4,4,0,5,5,100.0,0,7,1,6,6,14,9,0
1257,Martin Hongla,Valladolid,14.5,18,13,13,5,0,11,21,52.4,10,15,12,3,8,26,46,1
1258,Franck Honorat,Brest,28.2,41,29,20,8,13,19,34,55.9,15,22,2,20,21,62,18,0
1259,Jannes Horn,Bochum,0.7,2,1,1,1,0,1,1,100.0,0,1,0,1,3,5,2,0
1260,Cedric Hountondji,Angers,34.4,50,36,31,17,2,19,29,65.5,10,44,22,22,59,109,132,1
1261,Ilyes Housni,Paris S-G,0.1,1,1,1,0,0,1,1,100.0,0,0,0,0,0,1,0,0
1262,Lukas Hradecky,Leverkusen,33.0,0,0,0,0,0,0,0,0.0,0,0,0,0,0,0,3,3
1263,Petko Hristov,Spezia,4.1,6,4,2,4,0,5,8,62.5,3,4,2,2,4,10,12,0
1264,Ajdin Hrustic,Hellas Verona,2.5,2,1,1,1,0,1,2,50.0,1,2,0,2,0,2,2,1
1265,Timo Hubers,Köln,28.4,43,28,35,8,0,24,52,46.2,28,27,13,14,58,101,153,0
1266,Callum Hudson-Odoi,Leverkusen,6.7,5,3,4,0,1,1,1,100.0,0,0,0,0,2,7,4,0
1267,Will Hughes,Crystal Palace,9.4,29,16,11,16,2,11,20,55.0,9,16,7,9,16,45,9,0
1268,Mats Hummels,Dortmund,22.4,62,34,38,22,2,32,55,58.2,23,30,16,14,33,95,100,1
1269,Adrien Hunou,Angers,24.8,39,20,17,16,6,16,45,35.6,29,35,0,35,7,46,7,0
1270,Denis Huseinbasic,Köln,8.8,23,9,8,11,4,10,25,40.0,15,16,2,14,4,27,5,0
1271,Omari Hutchinson,Chelsea,0.3,0,0,0,0,0,0,0,0.0,0,0,0,0,1,1,0,0
1272,Elseid Hysaj,Lazio,22.2,39,23,24,11,4,23,41,56.1,18,31,7,24,20,59,42,0
1274,Pierre Hojbjerg,Tottenham,34.8,56,30,28,22,6,26,67,38.8,41,46,17,29,49,105,64,1
1275,Rasmus Hojlund,Atalanta,20.4,4,3,0,2,2,1,6,16.7,5,9,1,8,1,5,5,0
1276,Iago,Augsburg,17.8,34,16,20,10,4,11,29,37.9,18,18,5,13,17,51,53,0
1277,Pablo Ibanez,Osasuna,11.8,29,13,7,17,5,12,35,34.3,23,19,2,17,8,37,24,0
1278,Roger Ibanez,Roma,31.1,67,33,38,26,3,32,48,66.7,16,30,11,19,66,133,95,2
1279,Arijon Ibrahimovic,Bayern Munich,0.2,1,1,1,0,0,0,0,0.0,0,0,0,0,0,1,0,0
1280,Zlatan Ibrahimovic,Milan,1.6,0,0,0,0,0,0,0,0.0,0,1,1,0,0,0,2,0
1281,Mounaim El Idrissy,Ajaccio,27.7,32,19,5,20,7,10,36,27.8,26,22,0,22,13,45,20,0
1282,Antonio Iervolino,Salernitana,0.1,0,0,0,0,0,0,1,0.0,1,0,0,0,0,0,0,0
1283,Iglesias,Getafe,23.8,61,35,40,18,3,33,65,50.8,32,40,5,35,21,82,91,1
1284,Borja Iglesias,Betis,26.3,8,4,3,3,2,2,13,15.4,11,9,1,8,1,9,17,0
1285,Igor,Fiorentina,22.9,43,29,21,18,4,20,27,74.1,7,33,14,19,25,68,56,2
1286,Kelechi Iheanacho,Leicester City,12.5,7,2,0,3,4,3,10,30.0,7,9,1,8,0,7,8,0
1287,Jonathan Ikone,Fiorentina,22.3,16,8,5,6,5,5,14,35.7,9,18,1,17,4,20,3,0
1288,Ivan Ilic,Hellas Verona,9.5,16,10,9,7,0,6,11,54.5,5,10,1,9,8,24,14,0
1289,Ivan Ilic,Torino,13.1,18,7,6,11,1,10,20,50.0,10,12,3,9,5,23,10,0
1290,Rares Ilie,Nice,1.6,3,3,0,1,2,2,4,50.0,2,2,0,2,1,4,1,0
1291,Samuel Iling-Junior,Juventus,3.5,7,2,3,1,3,4,9,44.4,5,5,1,4,2,9,6,0
1292,Emirhan Ilkhan,Torino,1.0,1,1,0,1,0,1,1,100.0,0,3,1,2,2,3,2,0
1293,Emirhan Ilkhan,Sampdoria,1.3,6,3,2,2,2,2,3,66.7,1,5,1,4,0,6,3,0
1294,Asier Illarramendi,Real Sociedad,12.0,36,18,10,22,4,16,44,36.4,28,27,8,19,18,54,20,0
1295,Ciro Immobile,Lazio,24.7,11,5,4,4,3,6,9,66.7,3,10,2,8,1,12,14,0
1296,Danny Ings,West Ham,8.6,9,8,0,4,5,5,14,35.7,9,8,2,6,3,12,5,0
1297,Danny Ings,Aston Villa,9.2,10,5,1,6,3,1,6,16.7,5,12,1,11,1,11,11,0
1298,Marcus Ingvartsen,Mainz 05,14.6,4,1,0,2,2,1,10,10.0,9,9,1,8,4,8,10,0
1300,Bonke Innocent,Lorient,13.1,28,17,13,14,1,11,36,30.6,25,22,5,17,26,54,31,0
1301,Alexander Isak,Newcastle Utd,16.9,18,8,4,7,7,10,28,35.7,18,21,2,19,4,22,8,0
1302,Alexander Isak,Real Sociedad,1.7,1,1,0,0,1,0,0,0.0,0,0,0,0,0,1,2,0
1303,Isco,Sevilla,8.9,15,9,6,5,4,8,14,57.1,6,3,0,3,10,25,3,0
1304,Ismaily,Lille,19.8,41,18,16,16,9,17,32,53.1,15,25,5,20,21,62,39,0
1305,Ardian Ismajli,Empoli,23.3,40,32,25,15,0,18,24,75.0,6,47,31,16,27,67,120,0
1306,Ko Itakura,M'Gladbach,22.0,29,17,18,7,4,16,30,53.3,14,41,25,16,27,56,95,0
1307,Hiroki Ito,Stuttgart,28.5,40,29,24,14,2,18,35,51.4,17,38,17,21,40,80,94,0
1308,Junya Ito,Reims,32.4,40,20,14,15,11,13,53,24.5,40,29,1,28,8,48,4,1
1309,Diego Iturralde,Sevilla,0.5,1,0,1,0,0,0,2,0.0,2,0,0,0,0,1,1,0
1310,Andreas Ivan,Schalke 04,0.5,0,0,0,0,0,0,1,0.0,1,0,0,0,0,0,1,0
1311,Mihailo Ivanovic,Sampdoria,0.0,0,0,0,0,0,0,0,0.0,0,0,0,0,0,0,0,0
1312,Daniel Iversen,Leicester City,12.0,0,0,0,0,0,0,0,0.0,0,0,0,0,0,0,6,1
1313,Alex Iwobi,Everton,37.5,69,37,37,28,4,33,65,50.8,32,41,2,39,25,94,29,0
1314,Armando Izzo,Monza,27.4,73,50,44,27,2,29,45,64.4,16,29,17,12,50,123,87,1
1315,Nicolas Jackson,Villarreal,17.8,14,11,2,10,2,2,8,25.0,6,18,2,16,2,16,4,0
1316,Lee Jae-sung,Mainz 05,21.0,38,17,9,21,8,16,36,44.4,20,29,5,24,17,55,21,0
1317,Paul Jaeckel,Union Berlin,13.3,24,18,11,11,2,17,35,48.6,18,11,5,6,19,43,44,1
1318,Mato Jajalo,Udinese,0.7,0,0,0,0,0,0,1,0.0,1,0,0,0,0,0,2,0
1319,Kristijan Jakic,Eint Frankfurt,16.2,33,21,19,12,2,22,41,53.7,19,32,10,22,14,47,49,1
1320,Ismail Jakobs,Monaco,12.4,11,5,7,3,1,5,12,41.7,7,9,1,8,9,20,18,0
1321,Marin Jakolis,Angers,0.3,1,1,0,0,1,0,0,0.0,0,0,0,0,0,1,0,0
1322,Daniel James,Leeds United,2.2,6,2,1,3,2,3,6,50.0,3,4,0,4,2,8,2,0
1323,Daniel James,Fulham,6.9,9,5,4,4,1,4,8,50.0,4,5,1,4,1,10,5,0
1324,Reece James,Chelsea,13.8,31,20,10,18,3,15,19,78.9,4,17,2,15,12,43,23,0
1326,Vitaly Janelt,Brentford,24.5,54,27,20,24,10,21,49,42.9,28,29,9,20,29,83,26,0
1327,Saidy Janko,Bochum,12.6,23,15,13,8,2,12,20,60.0,8,24,10,14,11,34,33,1
1328,Pontus Jansson,Brentford,8.0,5,3,4,1,0,3,5,60.0,2,13,9,4,9,14,38,0
1329,Tony Jantschke,M'Gladbach,1.1,2,1,1,1,0,1,1,100.0,0,5,3,2,0,2,5,0
1330,Adnan Januzaj,Sevilla,0.5,0,0,0,0,0,0,1,0.0,1,0,0,0,1,1,0,0
1331,Leo Jardim,Lille,6.0,0,0,0,0,0,0,1,0.0,1,0,0,0,0,0,0,1
1332,Luis Javier Suarez,Almería,16.6,17,11,5,6,6,6,26,23.1,20,13,3,10,3,20,10,0
1333,Luis Javier Suarez,Marseille,3.3,4,1,1,2,1,1,4,25.0,3,1,0,1,3,7,6,0
1334,Dany Jean,Strasbourg,0.1,0,0,0,0,0,0,1,0.0,1,1,0,1,0,0,0,0
1335,Julian Jeanvier,Auxerre,19.6,32,17,24,8,0,13,22,59.1,9,24,17,7,27,59,96,1
1336,Jefferson,Lyon,5.0,17,4,4,9,4,6,15,40.0,9,6,0,6,1,18,0,0
1337,Fredrik Jensen,Augsburg,10.3,15,10,8,3,4,5,10,50.0,5,12,5,7,4,19,12,0
1338,Mathias Jensen,Brentford,31.1,70,35,28,30,12,34,97,35.1,63,54,5,49,32,102,24,1
1339,Moritz Jenz,Schalke 04,10.5,14,11,8,5,1,5,8,62.5,3,16,10,6,8,22,53,1
1340,Jese,Sampdoria,2.3,2,0,0,2,0,0,1,0.0,1,3,1,2,1,3,2,0
1341,Gabriel Jesus,Arsenal,22.9,33,25,16,8,9,15,31,48.4,16,27,3,24,11,44,15,1
1342,Juan Jesus,Napoli,10.4,16,11,9,6,1,9,12,75.0,3,18,11,7,10,26,29,0
1343,Raul Jimenez,Wolves,9.4,9,6,3,5,1,3,6,50.0,3,9,0,9,0,9,8,0
1344,Joaquin,Betis,5.5,3,3,2,1,0,1,3,33.3,2,7,2,5,4,7,5,0
1345,Joelinton,Newcastle Utd,29.6,70,49,36,26,8,26,62,41.9,36,52,7,45,48,118,39,0
1346,Thorir Johann Helgason,Lecce,2.5,2,2,1,0,1,2,3,66.7,1,3,1,2,3,5,3,0
1347,Ben Johnson,West Ham,9.6,20,14,12,4,4,12,18,66.7,6,12,4,8,9,29,28,1
1348,Brennan Johnson,Nott'ham Forest,32.6,34,20,18,8,8,8,28,28.6,20,30,1,29,5,39,7,1
1349,Sam Johnstone,Crystal Palace,9.0,0,0,0,0,0,0,0,0.0,0,0,0,0,0,0,5,0
1350,Paul Joly,Auxerre,9.6,33,21,21,10,2,19,35,54.3,16,13,2,11,24,57,29,2
1352,Curtis Jones,Liverpool,11.5,34,17,8,12,14,18,31,58.1,13,12,2,10,3,37,9,0
1353,Frenkie de Jong,Barcelona,28.2,46,26,16,21,9,17,41,41.5,24,11,1,10,35,81,22,1
1354,Joan Jordan,Sevilla,17.7,32,17,13,17,2,16,38,42.1,22,14,7,7,16,48,14,2
1355,Jorginho,Arsenal,9.5,18,13,6,10,2,5,24,20.8,19,7,2,5,9,27,8,0
1356,Jorginho,Chelsea,14.2,42,23,22,14,6,22,46,47.8,24,18,3,15,21,63,7,0
1357,Josan,Elche,12.0,25,20,20,5,0,14,27,51.9,13,8,0,8,7,32,15,1
1358,Willian Jose,Betis,8.1,9,6,6,3,0,4,9,44.4,5,4,0,4,1,10,15,0
1359,Joselu,Espanyol,33.2,13,11,3,4,6,4,17,23.5,13,25,4,21,8,21,43,0
1360,Mateo Joseph,Leeds United,0.3,0,0,0,0,0,0,0,0.0,0,1,0,1,0,0,1,0
1361,Diogo Jota,Liverpool,12.6,23,15,8,8,7,12,37,32.4,25,5,0,5,3,26,11,0
1362,Stevan Jovetic,Hertha BSC,9.9,3,2,2,1,0,1,11,9.1,10,2,1,1,2,5,10,0
1363,Luka Jovic,Fiorentina,17.0,6,3,1,4,1,2,8,25.0,6,7,2,5,2,8,10,0
1364,Juanmi,Betis,10.3,14,10,4,7,3,7,31,22.6,24,10,0,10,4,18,4,0
1365,Juanpe,Girona,15.8,19,11,10,9,0,11,17,64.7,6,12,9,3,10,29,60,1
1366,Jubal,Auxerre,35.7,41,26,29,11,1,19,38,50.0,19,57,34,23,53,94,193,0
1367,Christopher Jullien,Montpellier,29.9,46,28,29,14,3,28,51,54.9,23,35,18,17,43,89,114,1
1368,Anthony Jung,Werder Bremen,29.1,46,27,19,20,7,31,58,53.4,27,30,6,24,22,68,63,0
1369,Eli Junior Kroupi,Lorient,0.1,0,0,0,0,0,0,1,0.0,1,0,0,0,1,1,0,0
1370,Lago Junior,Mallorca,0.6,1,0,0,1,0,1,1,100.0,0,0,0,0,0,1,0,0
1371,Hamed Junior Traore,Bournemouth,4.7,17,11,5,9,3,6,18,33.3,12,9,0,9,2,19,1,0
1372,Hamed Junior Traore,Sassuolo,6.6,11,6,4,6,1,4,11,36.4,7,4,0,4,2,13,0,1
1373,Vinicius Junior,Real Madrid,31.4,30,21,10,12,8,14,39,35.9,25,24,1,23,6,36,1,0
1374,Josip Juranovic,Union Berlin,10.4,9,7,5,2,2,7,18,38.9,11,9,3,6,6,15,22,1
1375,James Justin,Leicester City,13.9,20,18,7,12,1,9,14,64.3,5,24,6,18,15,35,47,0
1376,Filip Jorgensen,Villarreal,2.0,0,0,0,0,0,0,1,0.0,1,0,0,0,0,0,0,0
1378,Mathias Jorgensen,Brentford,12.3,17,8,9,8,0,9,21,42.9,12,19,12,7,16,33,39,1
1379,Ozan Kabak,Hoffenheim,26.5,51,34,27,21,3,17,30,56.7,13,35,23,12,45,96,83,0
1380,Issa Kabore,Marseille,11.4,33,19,10,18,5,21,32,65.6,11,11,1,10,12,45,21,1
1381,Abdoul Kader Bamba,Nantes,0.9,0,0,0,0,0,0,2,0.0,2,3,1,2,0,0,1,0
1382,Pavel Kaderabek,Hoffenheim,18.5,26,20,10,9,7,15,23,65.2,8,12,2,10,14,40,37,1
1383,Tino Kadewere,Mallorca,6.0,6,3,3,3,0,4,9,44.4,5,6,2,4,2,8,1,0
1384,Kaiky,Almería,6.5,5,5,5,0,0,3,7,42.9,4,18,10,8,11,16,28,0
1385,Florian Kainz,Köln,26.0,21,10,7,12,2,8,26,30.8,18,27,6,21,32,53,30,1
1386,Gael Kakuta,Lens,0.2,0,0,0,0,0,0,0,0.0,0,0,0,0,0,0,1,0
1387,Sasa Kalajdzic,Wolves,0.5,0,0,0,0,0,0,0,0.0,0,0,0,0,1,1,0,0
1388,Sasa Kalajdzic,Stuttgart,2.6,3,2,0,1,2,1,3,33.3,2,1,0,1,0,3,0,0
1389,Arnaud Kalimuendo,Rennes,20.5,15,8,3,6,6,5,20,25.0,15,15,2,13,2,17,9,0
1390,Yayah Kallon,Hellas Verona,9.6,14,10,5,4,5,7,12,58.3,5,10,0,10,8,22,5,0
1391,Gedeon Kalulu,Lorient,27.1,64,34,43,14,7,30,48,62.5,18,32,3,29,28,92,79,2
1392,Pierre Kalulu,Milan,28.3,57,39,33,21,3,28,42,66.7,14,41,17,24,41,98,56,1
1393,Justin-Noel Kalumba,Angers,6.1,9,5,5,2,2,5,16,31.3,11,4,1,3,4,13,5,0
1394,Daichi Kamada,Eint Frankfurt,25.2,51,31,10,37,4,31,57,54.4,26,31,2,29,16,67,17,1
1395,Waren Kamanzi,Toulouse,7.4,16,9,9,5,2,13,19,68.4,6,8,2,6,8,24,9,0
1396,Bingourou Kamara,Montpellier,4.5,0,0,0,0,0,0,0,0.0,0,0,0,0,0,0,2,0
1397,Boubacar Kamara,Aston Villa,19.7,58,25,25,23,10,27,56,48.2,29,38,12,26,19,77,24,2
1398,Jakub Kaminski,Wolfsburg,22.9,36,25,15,13,8,20,40,50.0,20,37,2,35,8,44,15,0
1399,Marcin Kaminski,Schalke 04,7.0,6,4,4,0,2,2,4,50.0,2,8,7,1,9,15,28,0
1400,Kevin Kampl,RB Leipzig,15.2,21,11,6,14,1,6,27,22.2,21,26,9,17,22,43,11,0
1401,Nordine Kandil,Strasbourg,1.1,3,2,1,2,0,0,3,0.0,3,2,0,2,1,4,1,0
1402,Harry Kane,Tottenham,37.8,15,12,1,6,8,7,21,33.3,14,27,7,20,2,17,18,0
1404,Lee Kang-in,Mallorca,31.4,42,24,10,22,10,18,61,29.5,43,25,2,23,11,53,7,0
1405,Wilfried Kanga,Hertha BSC,15.7,5,4,2,1,2,2,4,50.0,2,14,3,11,2,7,13,0
1406,N'Golo Kante,Chelsea,5.8,16,10,4,10,2,4,8,50.0,4,11,0,11,6,22,2,0
1407,Kenan Karaman,Schalke 04,10.8,11,8,3,5,3,3,12,25.0,9,9,1,8,3,14,9,0
1408,Yann Karamoh,Torino,8.0,5,2,3,2,0,1,5,20.0,4,5,0,5,0,5,2,1
1409,Atakan Karazor,Stuttgart,21.8,49,30,18,25,6,24,47,51.1,23,39,11,28,31,80,44,0
1410,Ayman Kari,Lorient,1.1,0,0,0,0,0,0,0,0.0,0,4,0,4,3,3,0,0
1411,Jon Karrikaburu,Real Sociedad,1.0,1,0,0,1,0,0,0,0.0,0,2,0,2,0,1,0,0
1412,Rick Karsdorp,Roma,7.9,21,13,11,7,3,13,22,59.1,9,0,0,0,7,28,15,1
1413,Denso Kasius,Bologna,3.8,12,6,7,4,1,8,10,80.0,2,6,3,3,3,15,6,0
1414,Thomas Kastanaras,Stuttgart,0.8,0,0,0,0,0,0,0,0.0,0,1,0,1,0,0,0,0
1415,Grigoris Kastanos,Salernitana,14.3,39,23,18,19,2,16,40,40.0,24,20,6,14,8,47,8,0
1416,Silas Katompa,Stuttgart,22.1,25,17,5,14,6,6,20,30.0,14,17,2,15,8,33,1,0
1417,Moise Kean,Juventus,11.1,8,6,2,5,1,3,7,42.9,4,4,0,4,5,13,2,0
1418,Michael Keane,Everton,10.9,7,4,5,2,0,5,8,62.5,3,12,7,5,14,21,55,1
1419,Neeskens Kebano,Fulham,8.5,17,9,8,6,3,9,17,52.9,8,14,0,14,1,18,8,0
1420,Kevin Keben Biakolo,Toulouse,4.0,3,2,2,0,1,0,4,0.0,4,1,0,1,5,8,9,0
1421,Thilo Kehrer,West Ham,24.8,43,24,25,14,4,21,44,47.7,23,16,6,10,34,77,76,1
1422,Check Keita,Reims,7.6,12,9,9,3,0,4,9,44.4,5,6,5,1,5,17,24,1
1423,Naby Keita,Liverpool,3.3,5,4,2,3,0,1,4,25.0,3,1,0,1,2,7,3,0
1424,Yannik Keitel,Freiburg,7.6,11,7,4,6,1,3,5,60.0,2,6,3,3,13,24,8,0
1425,Caoimhin Kelleher,Liverpool,1.0,0,0,0,0,0,0,0,0.0,0,0,0,0,0,0,0,0
1426,Lloyd Kelly,Bournemouth,22.7,33,18,23,9,1,13,19,68.4,6,26,15,11,26,59,101,1
1427,Marc-Oliver Kempf,Hertha BSC,30.1,44,27,29,14,1,16,22,72.7,6,42,32,10,51,95,143,0
1428,Kenedy,Valladolid,3.1,6,2,3,3,0,2,4,50.0,2,2,0,2,1,7,0,0
1430,Jonjoe Kenny,Hertha BSC,24.9,46,34,27,16,3,24,42,57.1,18,38,9,29,46,92,74,0
1431,Franck Kessie,Barcelona,11.0,15,9,6,6,3,8,18,44.4,10,10,2,8,12,27,11,2
1432,Saif-Eddine Khaoui,Clermont Foot,22.5,47,28,14,25,8,15,47,31.9,32,17,2,15,33,80,8,0
1433,Wahbi Khazri,Montpellier,18.2,26,13,13,7,6,6,25,24.0,19,17,1,16,9,35,20,0
1434,Rani Khedira,Union Berlin,32.0,60,33,21,32,7,25,50,50.0,25,33,10,23,40,100,33,0
1435,Anthony Khelifa,Ajaccio,0.1,0,0,0,0,0,0,0,0.0,0,0,0,0,0,0,0,0
1436,Kike,Osasuna,11.3,6,3,0,4,2,2,5,40.0,3,6,1,5,1,7,13,0
1437,Luca Kilian,Köln,12.5,22,16,14,7,1,12,21,57.1,9,16,8,8,11,33,48,0
1438,Max Kilman,Wolves,36.7,36,20,26,9,1,16,30,53.3,14,70,42,28,19,55,164,1
1439,Joshua Kimmich,Bayern Munich,31.2,78,49,24,46,8,38,72,52.8,34,36,7,29,41,119,39,2
1440,Presnel Kimpembe,Paris S-G,8.1,17,8,9,6,2,9,13,69.2,4,12,7,5,13,30,9,1
1441,Jakub Kiwior,Arsenal,4.7,7,5,6,1,0,5,8,62.5,3,5,3,2,6,13,10,0
1442,Jakub Kiwior,Spezia,16.0,22,17,15,7,0,6,24,25.0,18,26,18,8,24,46,71,1
1443,Simon Kjaer,Milan,11.2,15,8,9,6,0,7,11,63.6,4,14,11,3,9,24,35,1
1444,Pascal Klemens,Hertha BSC,1.0,0,0,0,0,0,0,1,0.0,1,1,0,1,1,1,3,0
1445,Mateusz Klich,Leeds United,3.1,12,8,3,4,5,7,13,53.8,6,4,0,4,0,12,1,0
1446,Lukas Klostermann,RB Leipzig,10.1,16,8,7,9,0,8,15,53.3,7,6,3,3,13,29,31,0
1447,Justin Kluivert,Valencia,16.1,17,14,7,4,6,6,12,50.0,6,4,0,4,7,24,4,0
1448,Ansgar Knauff,Eint Frankfurt,14.3,36,25,22,11,3,15,34,44.1,19,19,1,18,15,51,26,0
1449,Robin Knoche,Union Berlin,31.9,45,29,29,12,4,24,47,51.1,23,35,18,17,38,83,140,0
1450,Gregor Kobel,Dortmund,27.0,0,0,0,0,0,0,1,0.0,1,1,0,1,0,0,7,2
1451,Robin Koch,Leeds United,35.3,53,30,32,16,5,24,56,42.9,32,44,21,23,43,96,152,1
1452,Samuel Koeberle,Reims,0.0,0,0,0,0,0,0,0,0.0,0,0,0,0,0,0,0,0
1453,Rudy Kohon,Troyes,0.7,4,3,4,0,0,2,2,100.0,0,1,0,1,1,5,2,0
1454,Dominik Kohr,Mainz 05,25.5,59,33,23,31,5,29,61,47.5,32,46,9,37,34,93,26,1
1456,Koke,Atlético Madrid,28.3,55,38,23,25,7,28,72,38.9,44,35,13,22,20,75,19,0
1457,Sead Kolasinac,Marseille,24.6,52,36,24,22,6,24,37,64.9,13,19,2,17,43,95,35,1
1458,Luca Koleosho,Espanyol,0.7,2,2,0,0,2,1,2,50.0,1,1,0,1,0,2,0,0
1459,Randal Kolo Muani,Eint Frankfurt,29.2,14,10,3,3,8,1,9,11.1,8,19,2,17,3,17,13,0
1460,Timothee Kolodziejczak,Schalke 04,0.3,0,0,0,0,0,0,1,0.0,1,0,0,0,1,1,1,0
1461,Cheick Konate,Clermont Foot,6.4,19,12,10,7,2,13,22,59.1,9,7,1,6,13,32,8,1
1462,Ibrahima Konate,Liverpool,17.2,38,26,25,13,0,16,27,59.3,11,12,5,7,26,64,61,4
1463,Geoffrey Kondogbia,Atlético Madrid,11.2,40,23,19,20,1,17,25,68.0,8,9,1,8,26,66,12,1
1464,Ibrahima Kone,Lorient,17.5,24,13,3,13,8,5,11,45.5,6,13,0,13,4,28,18,0
1465,Kouadio Kone,M'Gladbach,29.0,74,39,37,33,4,24,47,51.1,23,44,12,32,32,106,21,0
1466,Youssouf Kone,Ajaccio,10.2,28,19,24,4,0,18,25,72.0,7,9,2,7,12,40,32,1
1467,Ezri Konsa,Aston Villa,36.9,42,20,25,15,2,18,26,69.2,8,41,23,18,26,68,120,3
1468,Teun Koopmeiners,Atalanta,31.8,46,26,15,24,7,28,55,50.9,27,41,5,36,19,65,36,2
1469,Odilon Kossonou,Leverkusen,16.9,21,14,12,7,2,8,16,50.0,8,26,11,15,24,45,58,1
1470,Filip Kostic,Juventus,28.5,41,26,17,20,4,21,47,44.7,26,30,4,26,16,57,32,0
1471,Filip Kostic,Eint Frankfurt,0.8,2,0,1,1,0,0,0,0.0,0,0,0,0,1,3,0,0
1472,Christian Kouame,Fiorentina,20.7,27,18,8,10,9,7,14,50.0,7,15,3,12,12,39,8,0
1473,Rominigue Kouame,Troyes,29.6,44,27,28,14,2,17,41,41.5,24,32,11,21,49,93,46,1
1474,Tomas Koubek,Augsburg,11.0,0,0,0,0,0,0,0,0.0,0,0,0,0,0,0,7,0
1475,Kalidou Koulibaly,Chelsea,20.0,45,31,34,8,3,26,40,65.0,14,30,13,17,29,74,77,0
1476,Jules Kounde,Barcelona,27.0,37,23,18,13,6,21,31,67.7,10,24,9,15,19,56,61,3
1477,Boubakar Kouyate,Montpellier,14.0,31,18,18,11,2,19,35,54.3,16,24,14,10,34,65,73,1
1478,Cheikhou Kouyate,Nott'ham Forest,9.8,29,21,18,8,3,9,13,69.2,4,14,2,12,10,39,24,0
1479,Mateo Kovacic,Chelsea,19.0,36,24,16,14,6,14,36,38.9,22,10,1,9,19,55,16,0
1480,Viktor Kovalenko,Spezia,6.1,9,5,1,6,2,5,8,62.5,3,11,2,9,4,13,7,0
1482,Soichiro Kozuki,Schalke 04,4.2,6,4,3,3,0,4,6,66.7,2,5,0,5,3,9,3,0
1483,Emil Krafth,Newcastle Utd,0.0,0,0,0,0,0,0,0,0.0,0,0,0,0,0,0,0,0
1484,Alex Kral,Schalke 04,26.2,34,24,10,22,2,17,37,45.9,20,31,6,25,17,51,53,0
1485,Andrej Kramaric,Hoffenheim,26.5,5,2,2,1,2,1,11,9.1,10,14,2,12,6,11,13,0
1486,Christoph Kramer,M'Gladbach,24.7,44,33,24,15,5,22,55,40.0,33,34,2,32,17,61,40,0
1487,Tom Krauss,Schalke 04,27.9,112,68,39,62,11,51,100,51.0,49,39,6,33,36,148,35,0
1488,Julian Kristoffersen,Salernitana,0.2,0,0,0,0,0,0,0,0.0,0,1,0,1,0,0,0,0
1489,Raimonds Krollis,Spezia,0.4,1,1,0,0,1,0,1,0.0,1,0,0,0,0,1,0,0
1490,Toni Kroos,Real Madrid,23.9,51,32,16,33,2,23,69,33.3,46,23,4,19,24,75,11,0
1491,Rade Krunic,Milan,18.4,40,28,18,18,4,16,50,32.0,34,31,11,20,16,56,21,0
1492,Max Kruse,Wolfsburg,3.0,1,1,0,1,0,0,1,0.0,1,2,1,1,0,1,1,0
1493,Lukas Kubler,Freiburg,18.2,37,25,24,9,4,18,30,60.0,12,25,11,14,29,66,50,0
1494,Takefusa Kubo,Real Sociedad,27.1,44,26,18,16,10,16,38,42.1,22,29,1,28,9,53,4,0
1495,Dejan Kulusevski,Tottenham,23.0,38,15,23,7,8,16,44,36.4,28,19,0,19,13,51,7,0
1496,Sael Kumbedi,Lyon,14.7,47,27,27,13,7,20,38,52.6,18,23,7,16,10,57,16,0
1497,Marash Kumbulla,Roma,2.9,4,4,2,2,0,2,3,66.7,1,2,1,1,4,8,6,0
1498,Pierre Kunde,Bochum,4.2,12,6,3,8,1,6,14,42.9,8,7,1,6,7,19,9,0
1499,Alou Kuol,Stuttgart,0.1,0,0,0,0,0,0,0,0.0,0,0,0,0,0,0,0,0
1500,Layvin Kurzawa,Fulham,1.5,3,2,1,1,1,3,3,100.0,0,1,1,0,2,5,4,0
1501,Khvicha Kvaratskhelia,Napoli,28.0,43,23,12,8,23,17,43,39.5,26,20,0,20,5,48,6,1
1502,Grejohn Kyei,Clermont Foot,24.8,16,7,2,9,5,4,13,30.8,9,14,3,11,6,22,22,0
1503,Daniel Kyereh,Freiburg,6.2,6,4,2,4,0,3,6,50.0,3,4,0,4,2,8,6,0
1504,Giorgos Kyriakopoulos,Bologna,7.8,13,6,4,5,4,10,23,43.5,13,14,2,12,4,17,10,0
1505,Giorgos Kyriakopoulos,Sassuolo,8.5,21,8,7,9,5,10,14,71.4,4,7,1,6,11,32,12,1
1506,Cesar de la Hoz,Almería,18.6,37,20,17,18,2,19,37,51.4,18,26,6,20,13,50,37,0
1508,Luca de la Torre,Celta Vigo,16.5,28,19,11,14,3,12,32,37.5,20,22,1,21,9,37,6,0
1509,Remy Labeau Lascary,Lens,1.4,4,2,4,0,0,0,0,0.0,0,4,0,4,1,5,0,0
1510,Gaetan Laborde,Nice,27.8,45,25,13,17,15,18,40,45.0,22,27,2,25,9,54,13,0
1511,Gaetan Laborde,Rennes,2.8,1,1,1,0,0,0,1,0.0,1,1,0,1,0,1,1,0
1512,Alexandre Lacazette,Lyon,32.5,43,23,7,17,19,10,29,34.5,19,23,3,20,15,58,4,0
1513,Qazim Laci,Ajaccio,2.4,6,3,2,3,1,4,9,44.4,5,5,0,5,2,8,3,0
1514,Maxence Lacroix,Wolfsburg,18.1,22,13,15,7,0,8,16,50.0,8,22,11,11,26,48,85,0
1515,Alban Lafont,Nantes,37.0,0,0,0,0,0,0,1,0.0,1,0,0,0,0,0,20,4
1516,Aissa Laidouni,Union Berlin,9.7,14,7,6,8,0,5,17,29.4,12,22,4,18,9,23,3,0
1517,Konrad Laimer,RB Leipzig,16.3,60,31,23,30,7,30,54,55.6,24,31,4,27,18,78,8,0
1518,Stefan Lainer,M'Gladbach,9.1,16,8,10,5,1,10,23,43.5,13,8,1,7,14,30,34,1
1519,Kenny Lala,Brest,15.7,36,19,19,15,2,22,38,57.9,16,15,5,10,21,57,28,0
1520,Adam Lallana,Brighton,8.0,9,4,6,2,1,0,7,0.0,7,6,0,6,2,11,1,0
1521,Vassilis Lambropoulos,Bochum,7.0,10,8,7,3,0,6,9,66.7,3,5,3,2,13,23,41,0
1522,Erik Lamela,Sevilla,20.5,46,27,14,16,16,12,34,35.3,22,26,2,24,7,53,3,0
1523,Mohamed Lamine Bayo,Lille,7.2,3,3,0,2,1,0,12,0.0,12,3,1,2,0,3,1,0
1524,Sam Lammers,Sampdoria,12.2,12,5,2,7,3,6,15,40.0,9,10,3,7,6,18,11,0
1525,Sam Lammers,Empoli,9.8,20,10,5,9,6,7,11,63.6,4,4,1,3,3,23,8,0
1526,Tariq Lamptey,Brighton,5.0,11,6,6,4,1,5,7,71.4,2,7,3,4,7,18,2,0
1527,Manuel Lanzini,West Ham,2.8,2,2,1,1,0,2,6,33.3,4,2,0,2,2,4,0,0
1528,Aymeric Laporte,Manchester City,11.0,11,8,6,4,1,7,11,63.6,4,10,4,6,3,14,30,1
1529,Julien Laporte,Lorient,18.4,22,16,18,3,1,16,22,72.7,6,33,27,6,18,40,108,2
1530,Cyle Larin,Valladolid,16.3,9,3,2,4,3,3,7,42.9,4,6,3,3,0,9,15,0
1531,Juan Larios,Southampton,1.7,7,6,6,1,0,5,5,100.0,0,2,0,2,3,10,4,0
1532,Yasser Larouci,Troyes,20.0,23,13,13,8,2,15,24,62.5,9,15,1,14,26,49,46,0
1534,Jordan Larsson,Schalke 04,5.1,8,5,1,7,0,2,9,22.2,7,9,0,9,4,12,3,0
1535,Kevin Lasagna,Hellas Verona,17.5,12,6,7,3,2,6,14,42.9,8,17,1,16,5,17,13,0
1536,Jamaal Lascelles,Newcastle Utd,2.4,1,0,1,0,0,1,1,100.0,0,3,2,1,0,1,17,0
1537,Juanmi Latasa,Getafe,5.0,5,4,2,0,3,1,1,100.0,0,3,1,2,1,6,8,0
1538,Toni Lato,Valencia,10.2,23,11,9,12,2,9,21,42.9,12,10,1,9,6,29,14,0
1539,Danny Latza,Schalke 04,9.5,17,13,8,8,1,5,17,29.4,12,16,1,15,5,22,15,0
1540,Armand Lauriente,Sassuolo,24.2,21,15,5,7,9,8,21,38.1,13,20,0,20,12,33,8,0
1541,Armand Lauriente,Lorient,3.0,8,7,3,4,1,3,7,42.9,4,5,1,4,4,12,1,0
1542,Romeo Lavia,Southampton,24.7,60,35,27,29,4,21,53,39.6,32,47,11,36,33,93,23,1
1543,Lazaro,Almería,8.0,4,3,3,0,1,3,15,20.0,12,16,1,15,2,6,1,0
1544,Valentino Lazaro,Torino,15.3,10,5,6,0,4,6,14,42.9,8,16,3,13,3,13,29,0
1545,Marko Lazetic,Milan,0.1,0,0,0,0,0,0,0,0.0,0,0,0,0,0,0,0,0
1546,Darko Lazovic,Hellas Verona,24.9,24,13,9,12,3,13,29,44.8,16,14,3,11,16,40,19,0
1547,Manuel Lazzari,Lazio,20.9,33,21,13,14,6,21,36,58.3,15,20,6,14,18,51,36,1
1548,Theo Le Bris,Lorient,16.1,31,19,17,11,3,15,33,45.5,18,21,2,19,18,49,31,0
1549,Julien Le Cardinal,Lens,1.8,6,4,5,0,1,4,6,66.7,2,3,0,3,2,8,5,0
1550,Jeremy Le Douaron,Brest,23.0,15,9,5,9,1,3,27,11.1,24,29,2,27,11,26,30,0
1551,Enzo Le Fee,Lorient,33.6,108,64,52,40,16,43,113,38.1,70,50,5,45,34,142,38,1
1552,Vincent Le Goff,Lorient,37.0,75,32,56,16,3,45,62,72.6,17,29,9,20,41,116,105,1
1553,Maxime Le Marchand,Strasbourg,22.4,39,24,23,14,2,19,31,61.3,12,22,14,8,37,76,74,0
1554,Robin Le Normand,Real Sociedad,31.1,36,23,25,9,2,14,27,51.9,13,22,14,8,33,69,93,0
1555,Rafael Leao,Milan,26.9,8,7,2,3,3,6,14,42.9,8,9,2,7,15,23,8,0
1556,Paolo Lebas,Ajaccio,0.6,0,0,0,0,0,0,0,0.0,0,0,0,0,0,0,0,0
1557,Jean-Louis Leca,Lens,1.0,0,0,0,0,0,0,0,0.0,0,0,0,0,0,0,0,1
1558,Benjamin Lecomte,Espanyol,10.0,0,0,0,0,0,0,0,0.0,0,0,0,0,0,0,3,2
1560,Benjamin Lecomte,Montpellier,19.0,0,0,0,0,0,0,2,0.0,2,0,0,0,0,0,6,0
1561,Jeremias Ledesma,Cádiz,34.0,3,2,3,0,0,3,7,42.9,4,1,0,1,2,5,23,3
1562,Pierre Lees-Melou,Brest,30.7,97,55,55,37,5,57,123,46.3,66,48,13,35,52,149,46,1
1563,Diogo Leite,Union Berlin,25.0,35,20,21,14,0,21,34,61.8,13,23,14,9,26,61,99,1
1564,Maxim Leitsch,Mainz 05,7.4,9,7,6,3,0,4,5,80.0,1,7,4,3,18,27,26,1
1565,Florian Lejeune,Rayo Vallecano,28.5,28,17,19,8,1,17,25,68.0,8,24,16,8,15,43,123,0
1566,Inigo Lekue,Athletic Club,14.7,24,17,20,4,0,12,19,63.2,7,16,2,14,13,37,31,1
1567,Thomas Lemar,Atlético Madrid,13.9,30,18,10,13,7,10,28,35.7,18,12,3,9,7,37,12,0
1568,Felix Lemarechal,Brest,3.2,5,5,2,1,2,0,3,0.0,3,6,0,6,1,6,2,0
1569,Dexter Lembikisa,Wolves,0.3,0,0,0,0,0,0,0,0.0,0,0,0,0,0,0,0,0
1570,Mario Lemina,Wolves,14.4,38,24,22,13,3,20,38,52.6,18,26,8,18,14,52,24,1
1571,Mario Lemina,Nice,9.3,32,21,11,14,7,12,18,66.7,6,13,5,8,11,43,20,0
1572,Tim Lemperle,Köln,1.5,6,4,3,1,2,3,5,60.0,2,5,0,5,1,7,4,0
1573,Clement Lenglet,Tottenham,22.4,38,23,18,15,5,16,34,47.1,18,26,11,15,18,56,68,2
1574,Bernd Leno,Fulham,36.0,0,0,0,0,0,0,2,0.0,2,0,0,0,0,0,18,0
1575,Christopher Lenz,Eint Frankfurt,14.3,29,21,17,7,5,16,37,43.2,21,16,3,13,21,50,34,0
1576,Donovan Leon,Auxerre,2.0,0,0,0,0,0,0,0,0.0,0,0,0,0,0,0,1,0
1577,Sergio Leon,Valladolid,14.8,6,4,0,4,2,3,6,50.0,3,6,0,6,0,6,4,0
1578,Johann Lepenant,Lyon,21.5,58,34,24,27,7,32,86,37.2,54,29,5,24,28,86,17,3
1579,Mehdi Leris,Sampdoria,27.3,63,46,30,24,9,23,55,41.8,32,38,6,32,27,90,34,0
1580,Jefferson Lerma,Bournemouth,36.1,50,30,23,23,4,20,45,44.4,25,32,15,17,47,97,91,1
1581,Benjamin Leroy,Ajaccio,31.1,0,0,0,0,0,0,2,0.0,2,0,0,0,1,1,16,2
1582,Leo Leroy,Montpellier,13.2,53,38,24,26,3,31,57,54.4,26,25,2,23,14,67,8,0
1583,Alexandre Letellier,Paris S-G,0.1,0,0,0,0,0,0,0,0.0,0,0,0,0,0,0,0,0
1584,Ruan Levine,Ajaccio,0.3,2,2,1,1,0,0,0,0.0,0,1,0,1,2,4,0,0
1586,Robert Lewandowski,Barcelona,31.6,17,11,2,5,10,7,14,50.0,7,20,0,20,2,19,14,0
1587,Jamie Leweling,Union Berlin,2.9,5,3,2,2,1,3,5,60.0,2,3,0,3,1,6,0,0
1588,Jamal Lewis,Newcastle Utd,0.1,0,0,0,0,0,0,0,0.0,0,0,0,0,0,0,0,0
1589,Rico Lewis,Manchester City,10.0,16,9,9,5,2,6,11,54.5,5,8,4,4,6,22,13,1
1590,Keane Lewis-Potter,Brentford,3.6,1,0,0,1,0,0,0,0.0,0,5,1,4,0,1,2,0
1591,Dimitri Lienard,Strasbourg,17.1,46,29,20,18,8,34,57,59.6,23,28,4,24,16,62,24,0
1592,Philipp Lienhart,Freiburg,27.8,29,18,19,10,0,13,27,48.1,14,29,15,14,35,64,97,0
1593,Matthijs de Ligt,Bayern Munich,26.7,32,23,15,16,1,15,24,62.5,9,31,20,11,23,55,85,0
1594,Dimitris Limnios,Köln,0.4,0,0,0,0,0,0,0,0.0,0,0,0,0,1,1,0,0
1595,Victor Lindelof,Manchester Utd,15.2,22,17,10,9,3,9,17,52.9,8,18,9,9,21,43,63,1
1596,Jesper Lindstrom,Eint Frankfurt,18.7,26,11,15,7,4,7,22,31.8,15,25,3,22,9,35,9,0
1597,Karol Linetty,Torino,21.0,32,17,7,22,3,13,25,52.0,12,28,8,20,19,51,25,0
1598,Jesse Lingard,Nott'ham Forest,10.3,4,4,2,2,0,1,7,14.3,6,11,0,11,5,9,4,0
1599,Samuel Lino,Valencia,32.1,66,43,17,37,12,26,72,36.1,46,34,0,34,18,84,16,0
1600,Pol Lirola,Elche,7.0,13,6,9,3,1,8,13,61.5,5,3,2,1,7,20,16,0
1601,Mateusz Lis,Troyes,8.3,0,0,0,0,0,0,1,0.0,1,1,0,1,0,0,3,0
1602,Marcin Listkowski,Lecce,0.9,0,0,0,0,0,0,0,0.0,0,0,0,0,3,3,2,0
1603,Valentino Livramento,Southampton,0.3,2,1,2,0,0,0,0,0.0,0,0,0,0,2,4,3,0
1604,Dejan Ljubicic,Köln,19.0,25,14,7,14,4,13,40,32.5,27,20,1,19,8,33,8,1
1605,Javier Llabres,Mallorca,0.2,0,0,0,0,0,0,0,0.0,0,0,0,0,0,0,1,0
1606,Diego Llorente,Leeds United,7.2,13,10,8,5,0,4,8,50.0,4,6,2,4,15,28,24,2
1607,Diego Llorente,Roma,6.4,10,5,6,4,0,5,12,41.7,7,4,2,2,11,21,20,0
1608,Marcos Llorente,Atlético Madrid,18.9,32,15,16,10,6,17,30,56.7,13,26,2,24,17,49,19,0
1609,Hugo Lloris,Tottenham,24.5,1,1,1,0,0,1,3,33.3,2,0,0,0,1,2,13,4
1610,Giovani Lo Celso,Villarreal,12.5,32,28,7,15,10,12,21,57.1,9,14,2,12,6,38,5,0
1612,Stanislav Lobotka,Napoli,34.5,83,44,35,35,13,43,73,58.9,30,29,7,22,23,106,16,0
1613,Manuel Locatelli,Juventus,27.2,59,33,26,23,10,30,53,56.6,23,50,22,28,27,86,59,0
1614,Luka Lochoshvili,Cremonese,20.4,45,19,30,11,4,22,31,71.0,9,31,10,21,22,67,89,0
1615,Bradley Locko,Reims,11.8,31,16,21,4,6,15,27,55.6,12,17,4,13,20,51,21,0
1616,Bradley Locko,Brest,3.0,4,3,2,1,1,2,3,66.7,1,4,0,4,2,6,13,0
1617,Renan Lodi,Nott'ham Forest,24.6,52,39,38,8,6,33,66,50.0,33,25,6,19,33,85,74,0
1618,Ruben Loftus-Cheek,Chelsea,17.1,25,14,8,14,3,12,21,57.1,9,15,2,13,12,37,23,0
1619,Sean Longstaff,Newcastle Utd,28.0,42,21,16,20,6,20,52,38.5,32,35,8,27,16,58,23,0
1620,Ademola Lookman,Atalanta,19.2,13,5,2,6,5,3,15,20.0,12,18,0,18,4,17,1,0
1621,Anthony Lopes,Lyon,31.3,1,0,1,0,0,1,4,25.0,3,0,0,0,3,4,10,0
1622,Rony Lopes,Troyes,26.1,24,12,6,15,3,7,31,22.6,24,14,2,12,9,33,10,0
1623,David Lopez,Girona,18.4,31,18,17,13,1,19,27,70.4,8,29,19,10,14,45,64,1
1624,Diego Lopez,Rayo Vallecano,1.1,0,0,0,0,0,0,0,0.0,0,0,0,0,0,0,0,1
1625,Diego Lopez,Valencia,5.0,2,2,1,1,0,2,15,13.3,13,9,0,9,3,5,5,0
1626,Maxime Lopez,Sassuolo,25.5,42,18,26,12,4,16,56,28.6,40,24,6,18,22,64,21,0
1627,Pau Lopez,Marseille,32.5,0,0,0,0,0,0,1,0.0,1,0,0,0,0,0,5,1
1628,Unai Lopez,Rayo Vallecano,13.9,32,20,10,17,5,13,37,35.1,24,12,1,11,15,47,6,1
1629,Dion Lopy,Reims,15.3,45,24,22,16,7,23,62,37.1,39,27,3,24,22,67,18,0
1630,Anthony Losilla,Bochum,30.2,76,49,32,34,10,38,77,49.4,39,39,12,27,37,113,67,0
1631,Jordan Lotomba,Nice,27.3,65,38,33,24,8,31,48,64.6,17,38,11,27,32,97,53,0
1632,Matteo Lovato,Salernitana,9.0,17,14,14,3,0,10,25,40.0,15,8,5,3,13,30,33,2
1633,Dejan Lovren,Lyon,16.2,25,19,20,5,0,20,29,69.0,9,20,10,10,26,51,70,1
1634,Sandi Lovric,Udinese,25.9,40,18,16,16,8,25,43,58.1,18,25,2,23,26,66,21,0
1635,Jamal Lowe,Bournemouth,0.1,0,0,0,0,0,0,0,0.0,0,0,0,0,0,0,0,0
1636,Anthony Lozano,Cádiz,16.0,6,4,1,4,1,1,7,14.3,6,12,1,11,3,9,17,0
1638,Hirving Lozano,Napoli,17.8,24,13,10,6,8,9,21,42.9,12,31,0,31,15,39,6,0
1639,Pol Lozano,Espanyol,0.2,0,0,0,0,0,0,0,0.0,0,1,0,1,0,0,1,0
1640,Jean Lucas,Monaco,3.2,9,5,3,5,1,6,12,50.0,6,2,1,1,4,13,2,0
1641,Jhon Lucumi,Bologna,32.2,53,37,39,13,1,24,43,55.8,19,43,26,17,35,88,100,1
1642,Jose Luis Gaya,Valencia,30.1,80,46,61,16,3,43,74,58.1,31,28,9,19,23,103,48,0
1643,Jose Luis Morales,Villarreal,13.5,7,6,1,2,4,5,17,29.4,12,12,1,11,2,9,2,0
1644,Jose Luis Palomino,Atalanta,8.4,23,14,16,7,0,11,19,57.9,8,11,4,7,28,51,20,0
1645,Douglas Luiz,Aston Villa,32.5,73,42,31,32,10,30,63,47.6,33,36,7,29,40,113,27,2
1646,Romelu Lukaku,Inter,18.4,3,1,1,0,2,2,5,40.0,3,3,1,2,0,3,16,0
1647,Castello Lukeba,Lyon,33.2,39,23,27,8,4,21,31,67.7,10,42,24,18,75,114,105,1
1648,Dodi Lukebakio,Hertha BSC,26.6,18,11,7,8,3,6,27,22.2,21,23,5,18,13,31,17,0
1649,Sasa Lukic,Fulham,4.6,8,3,1,4,3,3,7,42.9,4,6,2,4,5,13,3,0
1650,Sasa Lukic,Torino,13.3,21,14,10,10,1,9,15,60.0,6,17,7,10,13,34,10,0
1651,Andriy Lunin,Real Madrid,7.0,0,0,0,0,0,0,0,0.0,0,0,0,0,0,0,1,0
1652,Andrey Lunyov,Leverkusen,1.0,0,0,0,0,0,0,0,0.0,0,0,0,0,0,0,0,0
1653,Sebastiano Luperto,Empoli,34.8,33,18,24,8,1,9,20,45.0,11,54,42,12,43,76,163,1
1654,Lyanco,Southampton,13.1,24,16,15,9,0,12,18,66.7,6,30,25,5,20,44,65,2
1655,Charalambos Lykogiannis,Bologna,12.3,16,8,5,6,5,5,13,38.5,8,9,4,5,15,31,30,0
1656,Youssouf M'Changama,Auxerre,12.0,22,11,7,12,3,7,13,53.8,6,6,0,6,15,37,6,1
1657,Awer Mabil,Cádiz,1.8,2,0,0,1,1,1,3,33.3,2,1,1,0,0,2,1,0
1658,Alexis Mac Allister,Brighton,32.1,70,39,22,40,8,34,70,48.6,36,26,2,24,22,92,10,1
1659,Deiver Machado,Lens,24.3,45,26,18,20,7,21,34,61.8,13,21,4,17,21,66,27,0
1660,Darwin Machis,Valladolid,6.7,3,2,0,2,1,1,8,12.5,7,5,0,5,3,6,4,0
1661,James Maddison,Leicester City,27.6,51,26,25,19,7,19,50,38.0,31,19,1,18,13,64,6,1
1662,Noni Madueke,Chelsea,7.1,12,8,5,4,3,6,13,46.2,7,13,2,11,4,16,7,0
1664,Pablo Maffeo,Mallorca,33.1,75,46,54,16,5,45,78,57.7,33,38,11,27,26,101,76,0
1665,Lisandro Magallan,Elche,10.0,19,11,11,5,3,10,12,83.3,2,14,5,9,13,32,30,1
1666,Soungoutou Magassa,Monaco,0.9,4,1,2,2,0,2,4,50.0,2,3,0,3,1,5,1,0
1667,Giulio Maggiore,Salernitana,9.9,20,8,11,6,3,10,21,47.6,11,19,4,15,8,28,10,0
1668,Giangiacomo Magnani,Hellas Verona,17.0,33,22,20,11,2,19,25,76.0,6,20,15,5,21,54,76,0
1669,Hugo Magnetti,Brest,18.8,43,27,18,23,2,23,63,36.5,40,21,1,20,25,68,12,0
1670,Yohann Magnin,Clermont Foot,26.7,89,54,37,45,7,54,106,50.9,52,50,12,38,25,114,46,0
1671,Harry Maguire,Manchester Utd,8.5,8,6,6,1,1,4,5,80.0,1,18,11,7,13,21,41,0
1672,Jon Magunacelaya,Real Sociedad,0.7,1,0,0,0,1,0,2,0.0,2,0,0,0,0,1,1,0
1673,Riyad Mahrez,Manchester City,21.3,30,14,8,13,9,13,39,33.3,26,27,1,26,9,39,5,0
1674,Arne Maier,Augsburg,21.8,31,22,17,11,3,10,18,55.6,8,21,0,21,15,46,22,0
1675,Mike Maignan,Milan,22.0,1,0,1,0,0,1,1,100.0,0,0,0,0,1,2,10,1
1676,Linton Maina,Köln,24.9,18,12,5,11,2,7,30,23.3,23,19,0,19,5,23,9,0
1677,Kobbie Mainoo,Manchester Utd,0.1,0,0,0,0,0,0,0,0.0,0,1,1,0,0,0,0,0
1678,Ainsley Maitland-Niles,Southampton,15.6,45,24,23,18,4,28,44,63.6,16,28,7,21,22,67,45,1
1679,Jordan Majchrzak,Roma,0.2,0,0,0,0,0,0,0,0.0,0,0,0,0,0,0,0,0
1680,Lovro Majer,Rennes,18.5,34,23,16,13,5,8,29,27.6,21,21,1,20,21,55,5,1
1681,Jean-Victor Makengo,Udinese,8.9,16,13,7,7,2,5,9,55.6,4,8,2,6,9,25,3,0
1682,Jean-Victor Makengo,Lorient,11.8,16,8,5,10,1,6,20,30.0,14,8,5,3,10,26,13,1
1683,Beni Makouana,Montpellier,2.2,1,0,0,1,0,0,2,0.0,2,3,1,2,0,1,1,0
1684,Nemanja Maksimovic,Getafe,22.8,41,30,17,18,6,19,32,59.4,13,36,14,22,34,75,27,0
1685,Tyrell Malacia,Manchester Utd,15.5,46,33,33,12,1,14,25,56.0,11,13,3,10,25,71,49,0
1686,Lorenzo Malagrida,Sampdoria,1.2,1,0,0,0,1,1,3,33.3,2,1,0,1,0,1,1,0
1687,Daniel Maldini,Spezia,7.0,12,5,3,4,5,4,11,36.4,7,9,0,9,1,13,8,0
1688,Youssef Maleh,Fiorentina,3.3,3,1,0,3,0,0,4,0.0,4,5,0,5,1,4,3,0
1690,Youssef Maleh,Lecce,7.5,17,8,3,7,7,6,14,42.9,8,20,1,19,5,22,10,0
1691,Donyell Malen,Dortmund,19.0,13,5,3,4,6,5,12,41.7,7,14,1,13,4,17,11,0
1692,Ruslan Malinovskyi,Atalanta,6.1,14,8,5,6,3,6,17,35.3,11,8,1,7,5,19,2,0
1693,Ruslan Malinovskyi,Marseille,13.6,21,11,3,12,6,10,26,38.5,16,13,1,12,3,24,9,0
1694,Hugo Mallo,Celta Vigo,24.0,53,29,34,14,5,28,42,66.7,14,28,7,21,24,77,73,0
1695,Mickael Malsa,Valladolid,0.8,2,2,1,1,0,1,4,25.0,3,1,1,0,2,4,3,0
1696,Giorgi Mamardashvili,Valencia,38.0,0,0,0,0,0,0,0,0.0,0,0,0,0,1,1,11,4
1697,Hianga Mananga Mbock,Brest,0.2,0,0,0,0,0,0,1,0.0,1,0,0,0,0,0,0,0
1698,Gianluca Mancini,Roma,31.8,37,19,27,9,1,18,34,52.9,16,38,17,21,46,83,67,0
1699,Steve Mandanda,Rennes,33.5,0,0,0,0,0,0,2,0.0,2,0,0,0,0,0,9,3
1700,Reinildo Mandava,Atlético Madrid,20.6,66,43,46,19,1,38,49,77.6,11,27,12,15,30,96,59,0
1701,Aissa Mandi,Villarreal,16.2,18,10,14,3,1,6,12,50.0,6,19,14,5,21,39,58,0
1702,Rolando Mandragora,Fiorentina,21.7,42,24,12,22,8,23,52,44.2,29,25,3,22,16,58,21,0
1703,Sadio Mane,Bayern Munich,15.8,11,5,3,3,5,1,9,11.1,8,15,2,13,0,11,4,0
1704,Orel Mangala,Nott'ham Forest,17.2,28,20,16,10,2,12,29,41.4,17,21,7,14,23,51,15,0
1705,Thomas Mangani,Ajaccio,14.8,32,17,14,15,3,18,47,38.3,29,22,3,19,24,56,22,1
1706,Vito Mannone,Lorient,17.9,0,0,0,0,0,0,0,0.0,0,0,0,0,0,0,4,3
1707,Javier Manquillo,Newcastle Utd,0.4,3,2,2,1,0,2,2,100.0,0,1,0,1,1,4,1,0
1708,Myziane Maolida,Reims,2.6,8,3,2,5,1,5,12,41.7,7,1,0,1,2,10,0,0
1709,Myziane Maolida,Hertha BSC,1.1,1,1,1,0,0,1,2,50.0,1,0,0,0,0,1,1,0
1710,Faitout Maouassa,Montpellier,21.4,52,32,26,20,6,18,41,43.9,23,31,3,28,20,72,23,0
1711,Sekou Mara,Southampton,6.2,14,10,5,8,1,3,9,33.3,6,11,0,11,1,15,5,0
1712,Marcao,Sevilla,4.2,2,2,1,1,0,1,1,100.0,0,3,3,0,6,8,14,0
1713,Solly March,Brighton,30.2,53,31,16,17,20,8,28,28.6,20,34,3,31,24,77,32,0
1714,Agustin Marchesin,Celta Vigo,19.0,0,0,0,0,0,0,1,0.0,1,0,0,0,0,0,7,0
1716,Federico Marchetti,Spezia,0.7,0,0,0,0,0,0,0,0.0,0,0,0,0,0,0,0,0
1717,Vincent Marchetti,Ajaccio,27.2,55,26,29,19,7,25,68,36.8,43,23,3,20,19,74,31,0
1718,Riccardo Marchizza,Sassuolo,3.1,2,2,1,1,0,2,4,50.0,2,2,0,2,2,4,8,0
1719,Gian Marco Ferrari,Sassuolo,24.7,23,16,11,10,2,10,17,58.8,7,29,20,9,23,46,81,4
1720,Emiliano Marcondes,Bournemouth,0.1,0,0,0,0,0,0,0,0.0,0,0,0,0,0,0,1,0
1721,Oscar de Marcos,Athletic Club,31.3,67,33,34,22,11,40,76,52.6,36,42,6,36,29,96,59,0
1722,Alberto Mari,Valencia,1.0,0,0,0,0,0,0,2,0.0,2,0,0,0,0,0,1,0
1723,Jose Mari,Cádiz,4.4,16,7,12,3,1,10,16,62.5,6,3,1,2,5,21,9,0
1724,Pablo Mari,Monza,27.6,37,19,29,7,1,17,26,65.4,9,22,14,8,31,68,111,3
1725,Jose Maria Gimenez,Atlético Madrid,26.9,43,25,28,14,1,24,35,68.6,11,37,17,20,24,67,138,1
1726,Mariano,Real Madrid,1.7,1,0,0,1,0,0,0,0.0,0,1,0,1,0,1,0,0
1727,Pablo Marin,Real Sociedad,4.0,10,5,5,4,1,2,7,28.6,5,1,0,1,4,14,2,0
1728,Razvan Marin,Empoli,28.2,44,22,22,21,1,19,40,47.5,21,29,11,18,14,58,33,0
1729,Diego Marino,Almería,0.5,0,0,0,0,0,0,0,0.0,0,0,0,0,0,0,0,0
1730,Guillermo Maripan,Monaco,24.0,46,26,26,20,0,17,33,51.5,16,39,27,12,38,84,87,0
1731,Marlon,Monza,17.7,35,21,20,14,1,15,29,51.7,14,13,4,9,18,53,50,0
1732,Omar Marmoush,Wolfsburg,16.4,16,10,8,2,6,4,16,25.0,12,21,1,20,7,23,4,0
1733,Marquinhos,Arsenal,0.0,0,0,0,0,0,0,0,0.0,0,0,0,0,0,0,0,0
1734,Marquinhos,Paris S-G,30.2,33,25,18,12,3,18,26,69.2,8,43,27,16,23,56,83,2
1735,Luca Marrone,Monza,1.5,0,0,0,0,0,0,2,0.0,2,2,2,0,0,0,4,1
1736,Eric Martel,Köln,22.4,66,41,29,30,7,30,60,50.0,30,29,9,20,33,99,49,0
1737,Roger Marti,Elche,7.3,5,2,3,2,0,1,5,20.0,4,4,0,4,1,6,7,0
1738,Roger Marti,Cádiz,7.1,6,4,2,3,1,1,8,12.5,7,7,0,7,2,8,7,0
1739,Anthony Martial,Manchester Utd,10.9,5,3,0,2,3,1,4,25.0,3,11,2,9,1,6,4,0
1740,Aaron Martin,Mainz 05,20.5,42,27,25,11,6,21,40,52.5,19,22,1,21,15,57,31,0
1742,Ander Martin,Real Sociedad,0.5,2,2,1,1,0,1,4,25.0,3,0,0,0,0,2,1,0
1743,Andres Martin,Rayo Vallecano,2.3,4,2,2,1,1,3,5,60.0,2,2,0,2,1,5,2,0
1744,Carlos Martin,Atlético Madrid,0.3,2,2,0,2,0,2,3,66.7,1,0,0,0,1,3,0,0
1745,Ivan Martin,Girona,17.6,9,7,4,4,1,8,23,34.8,15,12,0,12,9,18,12,0
1746,Jonas Martin,Lille,3.1,9,7,4,5,0,5,14,35.7,9,3,1,2,7,16,3,0
1747,Gabriel Martinelli,Arsenal,31.0,31,18,13,12,6,9,22,40.9,13,24,1,23,9,40,14,0
1748,Arnau Martinez,Girona,30.4,69,45,41,19,9,38,85,44.7,47,44,10,34,25,94,54,2
1749,Emiliano Martinez,Aston Villa,34.9,0,0,0,0,0,0,2,0.0,2,0,0,0,1,1,23,1
1750,Inigo Martinez,Athletic Club,14.9,18,8,11,7,0,6,9,66.7,3,17,11,6,18,36,55,0
1751,Lautaro Martinez,Inter,28.6,25,14,3,15,7,7,23,30.4,16,31,1,30,13,38,16,1
1752,Lisandro Martinez,Manchester Utd,23.5,54,28,33,18,3,30,43,69.8,13,51,27,24,33,87,103,0
1753,Lucas Martinez Quarta,Fiorentina,24.1,80,48,44,32,4,42,61,68.9,19,41,19,22,48,128,78,1
1754,Roger Martinez,Espanyol,0.1,0,0,0,0,0,0,0,0.0,0,0,0,0,0,0,0,0
1755,Gelson Martins,Monaco,3.8,15,8,6,4,5,4,13,30.8,9,4,1,3,3,18,2,0
1756,Adam Marusic,Lazio,30.7,41,30,23,14,4,25,39,64.1,14,20,6,14,38,79,63,1
1757,Omar Mascarell,Elche,27.2,53,26,32,19,2,31,64,48.4,33,51,19,32,45,98,54,1
1758,Adam Masina,Udinese,8.8,10,7,7,3,0,6,15,40.0,9,11,4,7,10,20,28,1
1759,Jordi Masip,Valladolid,27.9,0,0,0,0,0,0,2,0.0,2,0,0,0,1,1,3,2
1760,Erhan Masovic,Bochum,24.2,50,31,28,21,1,30,51,58.8,21,30,14,16,27,77,79,0
1761,Han-Noah Massengo,Auxerre,12.4,27,15,10,15,2,7,16,43.8,9,12,3,9,14,41,7,0
1762,Yanis Massolin,Clermont Foot,0.7,2,1,1,0,1,0,1,0.0,1,1,0,1,2,4,0,0
1763,Jaime Mata,Getafe,4.9,13,10,4,5,4,7,22,31.8,15,7,2,5,3,16,6,0
1764,Pape Matar Sarr,Tottenham,2.4,7,6,4,2,1,4,8,50.0,4,3,2,1,6,13,6,0
1765,Eliot Matazo,Monaco,13.1,26,12,11,13,2,11,26,42.3,15,18,4,14,15,41,11,1
1766,Jean-Philippe Mateta,Crystal Palace,8.6,7,1,2,4,1,1,3,33.3,2,3,1,2,3,10,18,0
1768,Nemanja Matic,Roma,20.6,47,27,24,19,4,19,33,57.6,14,27,7,20,25,72,21,1
1769,Joel Matip,Liverpool,12.1,14,8,12,2,0,11,23,47.8,12,8,3,5,21,35,45,3
1770,Henning Matriciani,Schalke 04,20.7,43,23,28,12,3,26,60,43.3,34,28,11,17,23,66,57,1
1771,Chrislain Matsima,Lorient,2.5,0,0,0,0,0,0,0,0.0,0,3,3,0,2,2,7,0
1772,Chrislain Matsima,Monaco,5.0,11,6,7,2,2,4,7,57.1,3,5,5,0,9,20,16,0
1773,Jean Matteo Bahoya,Angers,3.0,7,3,1,3,3,4,7,57.1,3,4,0,4,0,7,0,0
1774,Azor Matusiwa,Reims,27.6,66,41,30,29,7,36,61,59.0,25,37,11,26,46,112,52,0
1775,Neal Maupay,Everton,12.4,11,5,3,4,4,2,4,50.0,2,8,0,8,5,16,0,0
1776,Aiman Maurer,Clermont Foot,5.6,2,1,1,1,0,1,10,10.0,9,1,0,1,3,5,5,0
1777,Stephy Mavididi,Montpellier,14.3,24,19,12,8,4,13,27,48.1,14,21,1,20,4,28,10,0
1778,Konstantinos Mavropanos,Stuttgart,25.4,50,27,32,15,3,28,38,73.7,10,39,18,21,63,113,99,0
1779,Christian Mawissa,Toulouse,1.1,2,0,1,1,0,1,3,33.3,2,0,0,0,3,5,1,0
1780,Philipp Max,Eint Frankfurt,7.7,12,9,4,7,1,5,16,31.3,11,10,2,8,3,15,11,0
1781,Eric Maxim Choupo-Moting,Bayern Munich,12.4,10,7,2,6,2,1,2,50.0,1,8,0,8,0,10,5,0
1782,Luis Maximiano,Lazio,0.1,0,0,0,0,0,0,0,0.0,0,0,0,0,0,0,0,0
1783,Keke Maximilian Topp,Schalke 04,0.2,0,0,0,0,0,0,0,0.0,0,0,0,0,1,1,0,0
1784,Fernand Mayembo,Ajaccio,7.9,8,5,6,2,0,4,9,44.4,5,2,0,2,11,19,36,0
1785,Borja Mayoral,Getafe,30.7,9,4,7,2,0,5,31,16.1,26,18,0,18,3,12,10,0
1786,Ibrahim Maza,Hertha BSC,0.8,1,1,1,0,0,0,1,0.0,1,2,0,2,0,1,1,0
1787,Derek Mazou-Sacko,Troyes,0.2,0,0,0,0,0,0,1,0.0,1,1,0,1,1,1,1,0
1788,Noussair Mazraoui,Bayern Munich,11.9,29,21,9,9,11,15,24,62.5,9,13,2,11,10,39,25,0
1789,Pasquale Mazzocchi,Salernitana,21.8,32,18,21,5,6,17,37,45.9,20,10,2,8,10,42,37,2
1790,Kevin Mbabu,Fulham,1.6,3,2,2,1,0,1,3,33.3,2,2,0,2,3,6,3,0
1791,Noah Mbamba,Leverkusen,0.0,0,0,0,0,0,0,0,0.0,0,0,0,0,0,0,0,0
1792,Kylian Mbappe,Paris S-G,31.3,10,4,0,5,5,5,16,31.3,11,5,0,5,5,15,6,0
1794,Mamadou Mbaye,Cádiz,8.4,10,7,7,3,0,6,8,75.0,2,10,8,2,7,17,50,1
1795,Chancel Mbemba,Marseille,31.7,43,26,24,17,2,22,31,71.0,9,25,12,13,42,85,89,0
1796,Bryan Mbeumo,Brentford,32.3,26,18,5,13,8,8,42,19.0,34,24,1,23,13,39,21,0
1797,Jason Mbock,Angers,0.3,0,0,0,0,0,0,0,0.0,0,0,0,0,0,0,0,0
1798,Jean-Manuel Mbom,Werder Bremen,0.1,0,0,0,0,0,0,1,0.0,1,0,0,0,0,0,0,0
1799,Nathanael Mbuku,Reims,0.7,2,1,2,0,0,2,2,100.0,0,0,0,0,0,2,0,0
1800,Nathanael Mbuku,Augsburg,0.4,1,0,0,1,0,0,0,0.0,0,0,0,0,0,1,0,0
1801,James McArthur,Crystal Palace,0.6,1,1,1,0,0,1,1,100.0,0,2,1,1,1,2,2,0
1802,Alex McCarthy,Southampton,6.0,0,0,0,0,0,0,1,0.0,1,0,0,0,1,1,3,1
1803,John McGinn,Aston Villa,29.9,66,36,27,29,10,34,71,47.9,37,43,4,39,24,90,19,0
1804,Scott McKenna,Nott'ham Forest,17.5,12,7,7,3,2,6,10,60.0,4,20,14,6,12,24,85,1
1805,Weston McKennie,Leeds United,16.0,30,13,5,18,7,10,29,34.5,19,22,3,19,22,52,26,0
1806,Weston McKennie,Juventus,11.7,14,5,3,9,2,5,8,62.5,3,15,4,11,11,25,15,1
1807,Dwight McNeil,Everton,27.8,64,41,35,14,15,27,62,43.5,35,46,7,39,31,95,41,0
1808,Scott McTominay,Manchester Utd,12.9,32,19,16,10,6,13,22,59.1,9,15,6,9,14,46,45,0
1809,Gary Medel,Bologna,16.4,25,15,16,7,2,9,16,56.3,7,17,10,7,28,53,34,0
1810,Facundo Medina,Lens,30.9,31,20,16,15,0,13,35,37.1,22,25,9,16,26,57,62,1
1811,Fernando Medrano,Celta Vigo,0.1,2,1,2,0,0,1,1,100.0,0,0,0,0,1,3,1,0
1812,Ben Mee,Brentford,36.3,45,24,28,13,4,20,37,54.1,17,54,42,12,48,93,122,1
1813,Bamo Meite,Lorient,16.7,18,8,13,4,1,7,16,43.8,9,33,23,10,16,34,70,0
1814,Soualiho Meite,Cremonese,26.3,47,31,25,15,7,22,46,47.8,24,27,6,21,27,74,36,0
1815,Farid El Melali,Angers,9.0,21,12,7,12,2,11,22,50.0,11,16,0,16,8,29,7,0
1816,Gonzalo Melero,Almería,20.6,32,16,9,18,5,11,39,28.2,28,23,2,21,7,39,19,1
1817,Birger Meling,Rennes,13.4,24,15,9,12,3,12,25,48.0,13,18,2,16,23,47,26,0
1818,Memphis,Atlético Madrid,3.0,1,0,0,0,1,0,1,0.0,1,0,0,0,0,1,0,0
1820,Memphis,Barcelona,1.3,1,1,1,0,0,0,1,0.0,1,0,0,0,0,1,0,0
1821,Houboulang Mendes,Almería,9.8,19,11,16,3,0,11,27,40.7,16,12,2,10,7,26,23,1
1822,Nuno Mendes,Paris S-G,17.2,45,30,29,12,4,30,41,73.2,11,19,3,16,17,62,18,0
1823,Pedro Mendes,Montpellier,0.1,0,0,0,0,0,0,0,0.0,0,0,0,0,0,0,0,1
1824,Thiago Mendes,Lyon,22.9,48,27,24,21,3,30,40,75.0,10,28,8,20,47,95,51,4
1825,Brais Mendez,Real Sociedad,26.7,58,34,18,30,10,24,64,37.5,40,27,3,24,12,70,14,1
1826,Diego Mendez,Rayo Vallecano,0.0,0,0,0,0,0,0,0,0.0,0,0,0,0,1,1,0,0
1827,Antoine Mendy,Nice,5.8,22,13,16,5,1,9,15,60.0,6,6,1,5,2,24,16,0
1828,Arial Mendy,Clermont Foot,2.5,4,2,3,0,1,2,2,100.0,0,2,0,2,4,8,4,0
1829,Batista Mendy,Angers,31.8,70,30,34,28,8,37,53,69.8,16,38,6,32,21,91,29,2
1830,Edouard Mendy,Chelsea,9.5,0,0,0,0,0,0,0,0.0,0,0,0,0,0,0,3,3
1831,Ferland Mendy,Real Madrid,15.0,21,12,14,6,1,12,20,60.0,8,7,2,5,14,35,16,0
1832,Nampalys Mendy,Leicester City,8.4,13,9,7,6,0,8,15,53.3,7,20,4,16,13,26,2,0
1833,Gideon Mensah,Auxerre,25.1,80,44,43,32,5,44,77,57.1,33,33,10,23,38,118,41,0
1834,Chris Mepham,Bournemouth,24.4,45,22,37,8,0,19,30,63.3,11,40,27,13,30,75,152,0
1835,Jorge Mere,Cádiz,6.7,11,7,9,2,0,5,8,62.5,3,9,6,3,6,17,32,0
1836,Alex Meret,Napoli,34.0,0,0,0,0,0,0,0,0.0,0,0,0,0,0,0,6,1
1837,Mikel Merino,Real Sociedad,27.7,77,49,28,33,16,31,62,50.0,31,38,8,30,20,97,51,1
1838,Quentin Merlin,Nantes,19.9,31,19,19,8,4,18,38,47.4,20,27,4,23,24,55,30,0
1839,Yildirim Mert Cetin,Lecce,0.2,1,0,1,0,0,0,0,0.0,0,0,0,0,1,2,1,0
1840,Roque Mesa,Valladolid,18.0,27,15,16,10,1,12,38,31.6,26,16,4,12,13,40,18,0
1841,Illan Meslier,Leeds United,34.0,2,1,2,0,0,2,4,50.0,2,0,0,0,1,3,30,3
1842,Lionel Messi,Paris S-G,31.5,26,18,1,13,12,11,27,40.7,16,11,0,11,2,28,0,0
1843,Junior Messias,Milan,16.6,24,18,9,9,6,5,19,26.3,14,20,4,16,7,31,28,0
1844,Amine Messoussa,Lille,0.0,0,0,0,0,0,0,0,0.0,0,0,0,0,0,0,0,0
1846,Thomas Meunier,Dortmund,6.5,16,7,8,5,3,10,17,58.8,7,7,2,5,9,25,16,0
1847,Alexander Meyer,Dortmund,7.0,0,0,0,0,0,0,1,0.0,1,0,0,0,0,0,1,0
1848,Sven Michel,Union Berlin,5.5,9,5,1,5,3,4,8,50.0,4,5,1,4,0,9,4,0
1849,Alex Mighten,Nott'ham Forest,0.1,0,0,0,0,0,0,1,0.0,1,0,0,0,0,0,0,0
1850,Tommaso Milanese,Cremonese,0.3,0,0,0,0,0,0,0,0.0,0,1,1,0,0,0,0,0
1851,Nikola Milenkovic,Fiorentina,23.7,40,25,20,17,3,18,27,66.7,9,27,14,13,22,62,72,0
1852,Lewis Miley,Newcastle Utd,0.2,0,0,0,0,0,0,0,0.0,0,1,0,1,0,0,0,0
1853,Arkadiusz Milik,Juventus,17.6,12,8,2,8,2,2,8,25.0,6,10,1,9,1,13,14,0
1854,Arkadiusz Milik,Marseille,1.4,1,1,0,0,1,0,1,0.0,1,0,0,0,0,1,2,0
1855,Sergej Milinkovic-Savic,Lazio,33.6,58,35,22,23,13,24,67,35.8,43,50,12,38,28,86,49,0
1856,Vanja Milinkovic-Savic,Torino,38.0,2,1,2,0,0,2,2,100.0,0,0,0,0,1,3,19,1
1857,Eder Militao,Real Madrid,30.0,46,32,25,18,3,26,33,78.8,7,67,39,28,42,88,104,2
1858,Luka Milivojevic,Crystal Palace,5.7,13,7,7,4,2,7,10,70.0,3,13,4,9,12,25,10,0
1859,Luis Milla,Getafe,20.6,48,30,21,18,9,19,44,43.2,25,13,1,12,32,80,25,1
1860,Pere Milla,Elche,20.5,31,20,18,8,5,14,41,34.1,27,18,3,15,9,40,19,1
1861,Enzo Millot,Stuttgart,9.9,23,16,9,10,4,12,19,63.2,7,20,3,17,12,35,7,0
1862,James Milner,Liverpool,10.1,26,16,11,11,4,15,34,44.1,19,14,2,12,12,38,15,0
1863,Marko Milovanovic,Almería,0.2,0,0,0,0,0,0,0,0.0,0,0,0,0,0,0,0,0
1864,Kim Min-jae,Napoli,33.9,55,30,32,22,1,25,29,86.2,4,36,26,10,41,96,123,1
1865,Yerry Mina,Everton,6.6,15,8,9,6,0,9,11,81.8,2,7,4,3,6,21,28,0
1866,Takumi Minamino,Monaco,8.0,15,8,5,7,3,7,35,20.0,28,14,0,14,6,21,4,0
1867,Tyrone Mings,Aston Villa,35.0,15,7,10,5,0,9,20,45.0,11,40,21,19,54,69,163,2
1868,Oscar Mingueza,Celta Vigo,14.3,37,21,27,9,1,25,32,78.1,7,10,4,6,12,49,25,0
1869,Rafa Mir,Sevilla,14.4,8,2,2,4,2,2,5,40.0,3,5,1,4,4,12,11,0
1870,Aleksei Miranchuk,Torino,23.2,11,5,3,4,4,3,11,27.3,8,11,0,11,2,13,5,0
1872,Juan Miranda,Betis,16.4,23,16,16,6,1,14,29,48.3,15,20,7,13,20,43,63,0
1873,Antonio Mirante,Milan,0.0,0,0,0,0,0,0,0,0.0,0,0,0,0,0,0,0,0
1874,Fabio Miretti,Juventus,13.7,24,11,15,6,3,12,29,41.4,17,20,1,19,4,28,11,0
1875,Filippo Missori,Roma,2.0,4,3,3,0,1,3,6,50.0,3,0,0,0,3,7,5,0
1876,Tyrick Mitchell,Crystal Palace,32.1,71,49,43,23,5,30,53,56.6,23,48,11,37,42,113,78,0
1877,Kaoru Mitoma,Brighton,25.8,44,27,15,16,13,20,41,48.8,21,25,0,25,17,61,10,0
1878,Aleksandar Mitrovic,Fulham,22.3,14,7,8,4,2,5,12,41.7,7,22,5,17,3,17,20,1
1879,Stefan Mitrovic,Getafe,18.7,14,6,12,2,0,7,11,63.6,4,12,10,2,17,31,90,2
1880,Maximilian Mittelstadt,Hertha BSC,9.4,39,20,31,6,2,17,39,43.6,22,13,2,11,26,65,27,0
1881,Henrikh Mkhitaryan,Inter,22.1,41,26,13,22,6,14,41,34.1,27,27,4,23,21,62,18,0
1882,Anthony Modeste,Dortmund,9.0,4,4,2,0,2,2,5,40.0,3,7,0,7,2,6,22,0
1883,Luka Modric,Real Madrid,19.4,19,9,6,6,7,10,25,40.0,15,15,5,10,10,29,7,0
1884,Terem Moffi,Nice,14.8,12,6,0,6,6,2,12,16.7,10,3,0,3,2,14,5,0
1885,Terem Moffi,Lorient,15.4,8,5,1,4,3,3,5,60.0,2,11,3,8,3,11,10,0
1886,Mostafa Mohamed,Nantes,21.5,18,13,5,7,6,9,20,45.0,11,23,1,22,10,28,33,0
1887,Tobias Mohr,Schalke 04,9.3,8,5,3,5,0,2,7,28.6,5,14,5,9,8,16,19,0
1888,Johan Mojica,Villarreal,7.1,13,9,9,3,1,5,9,55.6,4,8,3,5,4,17,14,1
1889,Johan Mojica,Elche,3.0,6,3,5,1,0,2,3,66.7,1,3,2,1,4,10,5,0
1890,Clinton Mola,Stuttgart,0.2,3,1,2,1,0,1,1,100.0,0,1,1,0,1,4,2,0
1891,Nahuel Molina,Atlético Madrid,31.9,69,43,38,18,13,39,91,42.9,52,38,7,31,18,87,63,1
1892,Salvatore Molina,Monza,2.5,6,5,2,4,0,4,5,80.0,1,4,2,2,1,7,2,0
1893,Florent Mollet,Nantes,12.1,14,6,5,4,5,7,24,29.2,17,12,1,11,10,24,11,0
1894,Florent Mollet,Schalke 04,4.6,4,1,0,4,0,2,7,28.6,5,7,1,6,1,5,1,0
1895,Jon Moncayola,Osasuna,27.2,55,39,24,22,9,30,76,39.5,46,37,5,32,17,72,32,2
1896,Monchu,Valladolid,22.6,50,29,20,21,9,19,46,41.3,27,28,11,17,18,68,22,1
1898,Cesar Montes,Espanyol,17.7,17,9,10,7,0,10,18,55.6,8,19,12,7,14,31,101,0
1899,Daniele Montevago,Sampdoria,2.6,1,0,0,0,1,0,1,0.0,1,2,1,1,0,1,1,0
1900,Gonzalo Montiel,Sevilla,16.9,26,15,12,14,0,15,29,51.7,14,25,7,18,19,45,38,0
1901,Lorenzo Montipo,Hellas Verona,37.0,1,0,1,0,0,0,3,0.0,3,1,0,1,0,1,26,3
1902,Martin Montoya,Betis,5.0,13,8,9,4,0,10,12,83.3,2,6,1,5,9,22,14,1
1903,Kieffer Moore,Bournemouth,14.2,14,11,2,9,3,5,16,31.3,11,12,5,7,1,15,26,0
1904,Andrew Moran,Brighton,0.1,0,0,0,0,0,0,0,0.0,0,1,0,1,0,0,0,0
1905,Alvaro Morata,Atlético Madrid,21.1,16,11,4,8,4,3,8,37.5,5,11,3,8,0,16,23,0
1906,Jon Morcillo,Athletic Club,0.8,1,0,1,0,0,0,1,0.0,1,0,0,0,1,2,0,0
1907,Alberto Moreno,Villarreal,14.4,23,12,10,10,3,11,24,45.8,13,12,1,11,23,46,26,0
1908,Alex Moreno,Aston Villa,14.8,23,14,15,5,3,13,36,36.1,23,18,3,15,7,30,37,2
1909,Alex Moreno,Betis,15.0,29,22,19,10,0,18,36,50.0,18,17,4,13,17,46,39,0
1910,Diego Moreno,Osasuna,7.1,4,4,2,2,0,3,8,37.5,5,7,4,3,5,9,21,0
1911,Gerard Moreno,Villarreal,13.7,11,6,0,6,5,3,6,50.0,3,6,2,4,5,16,10,0
1912,Marlos Moreno,Troyes,0.1,2,2,2,0,0,2,3,66.7,1,1,1,0,0,2,0,0
1913,Tete Morente,Elche,23.0,33,21,18,13,2,15,36,41.7,21,23,3,20,25,58,28,0
1914,Ilaix Moriba,Valencia,11.2,35,16,14,17,4,14,24,58.3,10,11,1,10,4,39,12,0
1915,Manu Morlanes,Villarreal,1.8,3,2,2,1,0,3,3,100.0,0,3,2,1,1,4,2,0
1916,Manu Morlanes,Mallorca,7.8,22,9,12,8,2,13,24,54.2,11,10,5,5,5,27,9,0
1917,Nikola Moro,Bologna,13.6,32,21,11,15,6,14,36,38.9,22,15,2,13,8,40,18,0
1918,Loren Moron,Betis,0.2,2,2,0,1,1,0,0,0.0,0,0,0,0,0,2,1,0
1919,Cristhian Mosquera,Valencia,1.6,4,2,3,1,0,4,5,80.0,1,1,0,1,1,5,5,0
1920,Dany Mota,Monza,21.2,8,7,1,3,4,2,10,20.0,8,5,1,4,6,14,25,0
1921,Lebo Mothiba,Strasbourg,4.8,1,0,1,0,0,0,1,0.0,1,6,1,5,0,1,4,0
1922,Youssoufa Moukoko,Dortmund,12.7,13,7,3,6,4,3,6,50.0,3,9,0,9,2,15,1,0
1924,Steve Mounie,Brest,18.4,13,5,1,7,5,5,14,35.7,9,18,7,11,3,16,20,0
1925,Mason Mount,Chelsea,18.3,33,19,6,16,11,14,27,51.9,13,24,6,18,8,41,9,0
1926,Lucas Moura,Tottenham,1.7,8,5,1,3,4,1,4,25.0,3,0,0,0,2,10,1,1
1927,Bevic Moussiti-Oko,Ajaccio,7.8,3,1,1,1,1,1,2,50.0,1,5,3,2,2,5,8,0
1928,Joao Moutinho,Wolves,19.8,51,30,24,21,6,19,46,41.3,27,22,6,16,18,69,20,0
1929,Joao Moutinho,Spezia,0.6,7,1,5,1,1,3,4,75.0,1,1,1,0,0,7,0,0
1930,Samuel Moutoussamy,Nantes,26.7,64,34,27,28,9,26,76,34.2,50,23,2,21,24,88,15,0
1931,Divin Mubama,West Ham,0.4,1,1,1,0,0,0,0,0.0,0,0,0,0,0,1,0,0
1932,Mykhailo Mudryk,Chelsea,7.3,11,9,2,4,5,4,13,30.8,9,7,1,6,0,11,3,0
1933,Francois Mughe,Marseille,0.1,0,0,0,0,0,0,0,0.0,0,0,0,0,0,0,0,0
1934,Nordi Mukiele,Paris S-G,12.6,31,23,16,6,9,19,29,65.5,10,22,9,13,14,45,16,0
1935,Mert Muldur,Sassuolo,0.1,0,0,0,0,0,0,0,0.0,0,0,0,0,0,0,0,0
1936,Florian Muller,Stuttgart,19.0,0,0,0,0,0,0,0,0.0,0,0,0,0,0,0,7,4
1937,Thomas Muller,Bayern Munich,18.5,21,12,5,9,7,6,16,37.5,10,19,3,16,4,25,16,0
1938,Abdul Mumin,Rayo Vallecano,10.2,11,9,5,6,0,3,7,42.9,4,13,5,8,9,20,36,2
1939,Marshall Munetsi,Reims,30.0,58,27,13,31,14,20,48,41.7,28,37,11,26,26,84,41,1
1940,Iker Muniain,Athletic Club,18.8,21,16,7,11,3,6,17,35.3,11,10,1,9,4,25,2,0
1941,Aihen Munoz,Real Sociedad,19.5,38,23,17,17,4,22,47,46.8,25,26,5,21,9,47,38,0
1942,Alvaro Munoz,Real Madrid,0.9,2,1,1,0,1,1,1,100.0,0,0,0,0,0,2,1,0
1943,Iker Munoz,Osasuna,2.8,1,0,0,1,0,0,3,0.0,3,2,1,1,3,4,8,0
1944,Pablo Munoz,Rayo Vallecano,0.1,0,0,0,0,0,0,1,0.0,1,0,0,0,0,0,0,0
1945,Luis Muriel,Atalanta,11.9,9,6,2,3,4,5,16,31.3,11,9,0,9,2,11,2,0
1946,Jeison Murillo,Sampdoria,11.7,22,11,16,6,0,17,26,65.4,9,22,14,8,8,30,39,0
1947,Vedat Muriqi,Mallorca,32.6,12,7,4,7,1,3,13,23.1,10,19,7,12,12,24,73,0
1948,Jacob Murphy,Newcastle Utd,13.9,15,7,3,8,4,8,20,40.0,12,17,0,17,7,22,3,0
1950,Nicola Murru,Sampdoria,8.7,24,14,15,8,1,7,13,53.8,6,17,7,10,10,34,21,0
1951,Yunus Musah,Valencia,23.4,48,35,17,23,8,20,30,66.7,10,20,1,19,11,59,16,2
1952,Jamal Musiala,Bayern Munich,24.4,34,23,9,16,9,13,35,37.1,22,30,3,27,19,53,3,0
1953,Juan Musso,Atalanta,23.1,1,1,1,0,0,1,1,100.0,0,0,0,0,0,1,11,1
1954,Marlon Mustapha,Mainz 05,0.8,2,2,0,2,0,0,0,0.0,0,4,0,4,0,2,0,0
1955,Yvon Mvogo,Lorient,20.1,0,0,0,0,0,0,0,0.0,0,0,0,0,2,2,6,3
1956,Enock Mwepu,Brighton,2.4,10,5,1,6,3,3,4,75.0,1,3,1,2,1,11,1,0
1957,Francisco Mwepu,Cádiz,0.2,1,0,0,1,0,0,0,0.0,0,0,0,0,0,1,0,0
1958,Vitaliy Mykolenko,Everton,29.5,58,34,36,19,3,28,51,54.9,23,50,16,34,46,104,99,0
1959,Joakim Maehle,Atalanta,24.5,32,18,12,7,13,22,39,56.4,17,29,6,23,24,56,26,0
1960,Obite N'Dicka,Eint Frankfurt,29.9,25,18,10,11,4,18,32,56.3,14,47,19,28,31,56,150,0
1961,Nathan N'Goumou,Toulouse,1.0,3,2,2,1,0,1,1,100.0,0,2,0,2,2,5,0,0
1962,Nathan N'Goumou,M'Gladbach,7.7,11,5,5,5,1,7,13,53.8,6,9,0,9,1,12,4,0
1963,Stanley N'Soki,Hoffenheim,14.3,22,13,14,7,1,12,22,54.5,10,22,5,17,24,46,34,0
1964,Herculano Nabian,Empoli,0.0,0,0,0,0,0,0,0,0.0,0,0,0,0,0,0,0,0
1965,Nacho,Real Madrid,18.2,24,16,17,5,2,12,29,41.4,17,11,6,5,18,42,37,0
1966,Nikolas Nartey,Stuttgart,5.3,11,6,7,3,1,5,9,55.6,4,9,0,9,4,15,12,0
1967,Juanjo Narvaez,Valladolid,1.6,1,1,1,0,0,1,1,100.0,0,2,0,2,0,1,0,0
1968,Matija Nastasic,Mallorca,10.1,10,8,7,1,2,3,6,50.0,3,11,4,7,18,28,43,1
1969,Roberto Navarro,Real Sociedad,3.9,5,4,4,0,1,1,2,50.0,1,7,0,7,2,7,2,0
1970,Jesus Navas,Sevilla,22.0,19,12,8,3,8,11,22,50.0,11,18,7,11,22,41,52,1
1971,Keylor Navas,Nott'ham Forest,17.0,0,0,0,0,0,0,0,0.0,0,0,0,0,1,1,11,1
1972,Michel Ndary Adopo,Torino,2.9,7,2,4,2,1,1,3,33.3,2,2,2,0,1,8,4,0
1973,Youssouf Ndayishimiye,Nice,6.3,13,9,8,5,0,6,11,54.5,5,8,5,3,12,25,22,1
1974,Papa Ndiaga Yade,Troyes,6.3,10,6,6,2,2,7,22,31.8,15,10,2,8,8,18,10,0
1976,Wilfred Ndidi,Leicester City,18.7,61,42,34,24,3,17,43,39.5,26,32,14,18,38,99,48,3
1977,Tanguy Ndombele,Napoli,9.0,14,8,4,8,2,4,7,57.1,3,10,1,9,7,21,7,1
1978,Alvaro Negredo,Cádiz,8.4,5,4,1,2,2,2,2,100.0,0,4,1,3,0,5,8,0
1979,Reiss Nelson,Arsenal,2.4,4,1,2,1,1,2,4,50.0,2,3,0,3,0,4,4,0
1980,Ilija Nestorovski,Udinese,7.1,7,3,2,1,4,5,11,45.5,6,6,1,5,2,9,10,0
1981,Neto,Bournemouth,26.5,3,1,3,0,0,3,3,100.0,0,0,0,0,0,3,10,3
1982,Pedro Neto,Wolves,10.7,11,6,4,2,5,7,17,41.2,10,5,1,4,4,15,4,0
1983,Luca Netz,M'Gladbach,7.8,25,13,19,3,3,19,32,59.4,13,5,1,4,6,31,27,0
1984,Manuel Neuer,Bayern Munich,12.0,0,0,0,0,0,0,0,0.0,0,0,0,0,0,0,4,1
1985,Florian Neuhaus,M'Gladbach,15.6,19,9,9,5,5,8,27,29.6,19,20,3,17,12,31,5,0
1986,Ruben Neves,Wolves,33.5,79,43,31,33,15,32,74,43.2,42,59,22,37,50,129,85,1
1987,Neymar,Paris S-G,17.2,22,14,6,9,7,9,19,47.4,10,7,1,6,4,26,1,1
1988,Jessic Ngankam,Hertha BSC,9.2,14,9,7,4,3,6,14,42.9,8,6,1,5,1,15,4,0
1989,Cyril Ngonge,Hellas Verona,8.3,7,3,2,2,3,3,11,27.3,8,7,0,7,6,13,4,0
1990,Moussa Niakhate,Nott'ham Forest,12.9,18,9,15,3,0,11,22,50.0,11,18,8,10,19,37,60,0
1991,Ibrahima Niane,Angers,12.6,6,2,1,4,1,1,6,16.7,5,8,2,6,1,7,9,0
1992,M'Baye Niang,Auxerre,16.5,13,7,1,8,4,3,13,23.1,10,22,1,21,1,14,20,0
1993,Tanguy Nianzou,Sevilla,15.2,20,15,10,9,1,8,11,72.7,3,8,5,3,16,36,44,3
1994,Rasmus Nicolaisen,Toulouse,33.3,48,21,34,14,0,29,46,63.0,17,58,45,13,50,98,152,0
1995,Hans Nicolussi Caviglia,Salernitana,6.5,15,6,5,8,2,9,15,60.0,6,9,0,9,7,22,7,1
1996,Florian Niederlechner,Augsburg,10.1,10,5,5,4,1,4,7,57.1,3,16,2,14,1,11,9,0
1997,Florian Niederlechner,Hertha BSC,8.7,9,7,2,4,3,2,8,25.0,6,7,0,7,3,12,10,0
1998,Saul Niguez,Atlético Madrid,12.2,42,27,18,18,6,22,37,59.5,15,27,5,22,15,57,29,0
1999,Dimitris Nikolaou,Spezia,32.9,45,32,31,10,4,25,37,67.6,12,41,26,15,27,72,82,0
2000,Fernando Nino,Villarreal,0.2,0,0,0,0,0,0,0,0.0,0,0,0,0,0,0,0,0
2002,Rasmus Nissen,Leeds United,21.8,62,35,35,21,6,42,76,55.3,34,32,14,18,35,97,61,0
2003,Justin Njinmah,Dortmund,0.2,0,0,0,0,0,0,0,0.0,0,0,0,0,0,0,0,0
2004,Eddie Nketiah,Arsenal,12.1,13,9,6,2,5,2,8,25.0,6,7,1,6,1,14,7,0
2005,Christopher Nkunku,RB Leipzig,21.1,6,4,2,1,3,1,6,16.7,5,8,3,5,8,14,11,0
2006,Felix Nmecha,Wolfsburg,20.4,41,24,11,23,7,16,34,47.1,18,26,10,16,25,66,31,0
2007,Lukas Nmecha,Wolfsburg,10.0,5,3,0,2,3,3,3,100.0,0,5,1,4,3,8,4,0
2008,Arnaud Nordin,Montpellier,26.7,26,14,10,12,4,12,28,42.9,16,19,1,18,14,40,7,0
2009,Riad Nouri,Ajaccio,18.8,21,12,7,10,4,12,29,41.4,17,8,1,7,15,36,11,0
2010,Hugo Novoa,RB Leipzig,2.0,8,2,1,3,4,4,7,57.1,3,4,0,4,1,9,0,0
2011,Samuel Ntanda,Sampdoria,0.0,0,0,0,0,0,0,0,0.0,0,0,0,0,0,0,0,0
2012,Randy Ntekja,Elche,8.1,15,10,7,6,2,2,11,18.2,9,15,3,12,4,19,9,0
2013,Randy Ntekja,Rayo Vallecano,1.3,4,2,2,2,0,1,1,100.0,0,2,0,2,2,6,3,0
2014,Alexander Nubel,Monaco,38.0,0,0,0,0,0,0,1,0.0,1,0,0,0,1,1,10,3
2015,Matheus Nunes,Wolves,27.4,67,43,36,22,9,28,61,45.9,33,35,4,31,16,83,35,2
2016,Darwin Nunez,Liverpool,18.8,11,5,2,4,5,4,17,23.5,13,10,0,10,3,14,13,0
2017,Unai Nunez,Celta Vigo,35.0,47,35,29,15,3,18,34,52.9,16,27,17,10,72,119,135,1
2018,Bram Nuytinck,Udinese,4.3,7,4,3,4,0,4,8,50.0,4,6,6,0,5,12,22,0
2019,Bram Nuytinck,Sampdoria,16.6,54,38,33,21,0,23,34,67.6,11,36,21,15,23,77,84,0
2020,Ethan Nwaneri,Arsenal,0.0,0,0,0,0,0,0,0,0.0,0,1,0,1,0,0,0,0
2021,Gerzino Nyamsi,Strasbourg,17.5,28,20,14,12,2,10,12,83.3,2,19,11,8,10,38,63,1
2022,Orjan Nyland,RB Leipzig,2.0,0,0,0,0,0,0,0,0.0,0,0,0,0,0,0,0,0
2023,M'Bala Nzola,Spezia,29.5,12,5,0,6,6,3,9,33.3,6,20,6,14,7,19,21,0
2024,Christian Norgaard,Brentford,19.6,52,30,21,29,2,18,48,37.5,30,32,9,23,34,86,41,2
2025,Lewis O'Brien,Nott'ham Forest,6.5,16,9,4,11,1,6,12,50.0,6,13,2,11,5,21,9,0
2026,Pedro Obiang,Sassuolo,9.7,26,17,12,12,2,10,18,55.6,8,12,2,10,8,34,15,0
2028,Jan Oblak,Atlético Madrid,27.7,0,0,0,0,0,0,0,0.0,0,0,0,0,1,1,8,0
2029,Brian Ocampo,Cádiz,12.4,18,15,12,5,1,8,21,38.1,13,13,0,13,3,21,3,0
2030,Lucas Ocampos,Sevilla,12.9,22,14,9,9,4,8,31,25.8,23,17,2,15,8,30,5,0
2031,Guillermo Ochoa,Salernitana,20.0,0,0,0,0,0,0,2,0.0,2,0,0,0,0,0,9,1
2032,Wilson Odobert,Troyes,19.6,20,14,10,7,3,9,25,36.0,16,11,0,11,15,35,5,0
2033,Alvaro Odriozola,Real Madrid,0.4,0,0,0,0,0,0,0,0.0,0,0,0,0,0,0,0,0
2034,Tim Oermann,Bochum,2.2,2,1,2,0,0,1,1,100.0,0,3,2,1,1,3,8,1
2035,Odeluga Offiah,Brighton,0.3,1,1,1,0,0,0,2,0.0,2,0,0,0,0,1,1,0
2036,Angelo Ogbonna,West Ham,13.7,11,4,7,4,0,5,10,50.0,5,11,7,4,17,28,74,1
2037,Florent Ogier,Clermont Foot,18.9,33,16,20,12,1,22,39,56.4,17,22,13,9,18,51,64,1
2038,Marios Oikonomou,Sampdoria,2.4,3,2,3,0,0,1,3,33.3,2,5,4,1,4,7,13,0
2039,David Okereke,Cremonese,25.2,12,8,4,5,3,3,16,18.8,13,23,3,20,10,22,12,0
2040,Caleb Okoli,Atalanta,10.7,21,17,14,6,1,10,25,40.0,15,10,5,5,30,51,44,3
2041,Olasagasti,Real Sociedad,0.7,4,4,1,2,1,1,2,50.0,1,2,0,2,0,4,1,0
2042,Lucas Olaza,Valladolid,16.6,24,14,12,10,2,17,26,65.4,9,20,8,12,14,38,34,0
2043,Finn Ole Becker,Hoffenheim,5.7,10,2,4,6,0,4,7,57.1,3,4,0,4,5,15,8,0
2044,Mathias Olesen,Köln,5.3,10,5,4,4,2,5,8,62.5,3,6,1,5,2,12,3,0
2045,Michael Olise,Crystal Palace,30.5,58,34,28,26,4,25,60,41.7,35,46,1,45,26,84,17,0
2046,Brian Olivan,Espanyol,26.7,47,27,30,12,5,17,26,65.4,9,26,6,20,22,69,67,0
2047,Lucas Oliveira Rosa,Valladolid,10.3,39,18,23,10,6,12,20,60.0,8,12,2,10,15,54,24,0
2048,Mathias Olivera,Napoli,18.3,39,23,16,16,7,22,43,51.2,21,28,2,26,22,61,26,0
2049,Dani Olmo,RB Leipzig,14.2,15,9,1,10,4,6,14,42.9,8,15,0,15,6,21,6,0
2050,Jan Olschowsky,M'Gladbach,4.0,0,0,0,0,0,0,1,0.0,1,1,0,1,0,0,1,0
2051,Robin Olsen,Aston Villa,3.1,0,0,0,0,0,0,2,0.0,2,0,0,0,0,0,1,0
2052,Warmed Omari,Rennes,15.1,20,11,14,6,0,14,28,50.0,14,13,7,6,17,37,43,1
2054,Jonas Omlin,Montpellier,13.0,1,0,1,0,0,0,0,0.0,0,0,0,0,0,1,8,1
2055,Jonas Omlin,M'Gladbach,14.3,1,1,1,0,0,1,3,33.3,2,1,0,1,0,1,9,1
2056,Ado Onaiwu,Toulouse,12.0,11,6,4,4,3,5,13,38.5,8,5,1,4,2,13,5,0
2057,Amadou Onana,Everton,27.6,72,43,24,42,6,30,42,71.4,12,25,6,19,37,109,39,0
2058,Andre Onana,Inter,24.0,0,0,0,0,0,0,1,0.0,1,0,0,0,0,0,5,0
2059,Jean Onana,Lens,9.0,28,17,8,17,3,10,22,45.5,12,15,5,10,18,46,20,0
2060,Karim Onisiwo,Mainz 05,28.2,19,12,3,10,6,4,21,19.0,17,19,0,19,2,21,7,0
2061,Josh Onomah,Fulham,0.2,1,0,1,0,0,0,0,0.0,0,1,0,1,0,1,0,0
2062,Paul Onuachu,Southampton,4.5,3,2,1,1,1,1,3,33.3,2,4,1,3,0,3,4,0
2063,Frank Onyeka,Brentford,9.4,19,14,11,7,1,10,25,40.0,15,16,3,13,10,29,16,0
2064,Lois Openda,Lens,28.0,11,9,2,6,3,2,13,15.4,11,9,0,9,2,13,6,0
2065,Willi Orban,RB Leipzig,32.8,51,30,33,18,0,26,43,60.5,17,42,24,18,39,90,129,1
2066,Ivan Ordets,Bochum,27.2,31,19,21,9,1,16,28,57.1,12,34,17,17,57,88,139,0
2067,Divock Origi,Milan,11.4,10,5,4,3,3,5,10,50.0,5,6,2,4,0,10,13,0
2068,Aimar Oroz,Osasuna,22.4,26,14,8,10,8,8,30,26.7,22,24,1,23,24,50,6,0
2069,Mislav Orsic,Southampton,0.1,1,1,1,0,0,0,0,0.0,0,0,0,0,0,1,0,0
2070,Riccardo Orsolini,Bologna,23.6,30,19,15,10,5,17,41,41.5,24,29,3,26,8,38,18,0
2071,Stefan Ortega,Manchester City,3.0,0,0,0,0,0,0,0,0.0,0,0,0,0,0,0,0,0
2072,Pedro Ortiz,Sevilla,0.0,0,0,0,0,0,0,0,0.0,0,0,0,0,0,0,0,0
2073,Jordi Osei-Tutu,Bochum,8.3,23,18,13,5,5,12,23,52.2,11,12,5,7,10,33,8,0
2074,Victor Osimhen,Napoli,28.5,10,6,1,2,7,0,7,0.0,7,6,1,5,6,16,29,0
2075,Patrick Osterhage,Bochum,11.4,20,17,8,10,2,11,16,68.8,5,17,6,11,12,32,25,0
2076,Paulo Otavio,Wolfsburg,22.7,72,46,46,17,9,44,66,66.7,22,42,6,36,30,102,70,1
2077,Dango Ouattara,Bournemouth,13.8,28,15,20,6,2,13,32,40.6,19,20,3,17,13,41,29,1
2078,Dango Ouattara,Lorient,17.2,41,26,20,11,10,15,28,53.6,13,24,6,18,19,60,21,0
2080,Remi Oudin,Lecce,14.7,25,13,9,12,4,10,23,43.5,13,16,2,14,29,54,23,0
2081,Zinedine Ould Khaled,Angers,0.6,1,1,0,1,0,0,1,0.0,1,0,0,0,2,3,0,0
2082,Azzedine Ounahi,Marseille,1.3,2,1,1,1,0,0,2,0.0,2,1,0,1,0,2,0,0
2083,Azzedine Ounahi,Angers,12.5,19,8,5,13,1,10,20,50.0,10,8,0,8,15,34,4,1
2084,Adam Ounas,Napoli,0.2,0,0,0,0,0,0,0,0.0,0,0,0,0,1,1,0,0
2085,Adam Ounas,Lille,11.8,20,11,4,10,6,8,13,61.5,5,16,0,16,7,27,5,0
2086,Thomas Ouwejan,Schalke 04,10.0,20,8,13,5,2,6,10,60.0,4,17,4,13,13,33,27,0
2087,Reece Oxford,Augsburg,1.0,1,1,1,0,0,0,0,0.0,0,4,3,1,1,2,5,0
2088,Alex Oxlade-Chamberlain,Liverpool,3.7,5,4,1,2,2,1,5,20.0,4,5,2,3,1,6,4,0
2089,Mikel Oyarzabal,Real Sociedad,13.5,13,7,5,3,5,5,19,26.3,14,14,4,10,3,16,5,0
2090,Salih Ozcan,Dortmund,17.5,31,18,10,16,5,16,39,41.0,23,24,2,22,28,59,19,1
2091,Cenk Ozkacar,Valencia,15.2,27,20,17,10,0,14,19,73.7,5,14,2,12,12,39,47,4
2092,David Ozoh,Crystal Palace,0.0,0,0,0,0,0,0,0,0.0,0,0,0,0,0,0,0,0
2093,Levin Oztunali,Union Berlin,0.1,0,0,0,0,0,0,1,0.0,1,0,0,0,0,0,0,0
2094,Fernando Pacheco,Almería,1.0,0,0,0,0,0,0,0,0.0,0,0,0,0,0,0,1,0
2095,Fernando Pacheco,Espanyol,16.0,0,0,0,0,0,0,1,0.0,1,0,0,0,1,1,11,0
2096,Jon Pacheco,Real Sociedad,13.3,16,10,10,6,0,6,10,60.0,4,9,6,3,12,28,37,1
2097,Goncalo Paciencia,Celta Vigo,7.4,8,5,0,5,3,2,7,28.6,5,9,1,8,0,8,4,0
2098,Simone Pafundi,Udinese,0.9,8,5,1,5,2,2,4,50.0,2,0,0,0,1,9,0,0
2099,Exequiel Palacios,Leverkusen,18.4,59,36,20,33,6,29,48,60.4,19,29,2,27,33,92,28,0
2100,Helibelton Palacios,Elche,21.3,38,20,21,15,2,19,26,73.1,7,26,12,14,20,58,55,0
2101,Ante Palaversa,Troyes,0.3,1,1,1,0,0,0,0,0.0,0,0,0,0,1,2,0,0
2102,Isaac Palazon Camacho,Rayo Vallecano,32.9,45,30,11,23,11,24,66,36.4,42,42,3,39,17,62,30,0
2103,Joao Palhinha,Fulham,34.5,147,83,58,65,24,71,134,53.0,63,48,5,43,46,193,61,2
2104,Nicolas Pallois,Nantes,24.6,69,44,51,16,2,42,70,60.0,28,35,18,17,30,99,131,2
2106,Cole Palmer,Manchester City,4.1,5,1,0,3,2,3,5,60.0,2,2,1,1,1,6,2,0
2107,Erik Palmer-Brown,Troyes,35.5,42,27,31,10,1,18,33,54.5,15,56,29,27,26,68,166,1
2108,Emerson Palmieri,West Ham,14.7,26,14,9,15,2,12,24,50.0,12,17,4,13,15,41,36,0
2109,Milos Pantovic,Union Berlin,2.3,4,2,4,0,0,3,5,60.0,2,3,0,3,0,4,5,0
2110,Flavio Paoletti,Sampdoria,3.2,2,2,0,2,0,1,5,20.0,4,1,0,1,5,7,9,0
2111,Antonios Papadopoulos,Dortmund,0.1,0,0,0,0,0,0,0,0.0,0,0,0,0,1,1,0,0
2112,Lucas Paqueta,West Ham,23.9,71,53,23,36,12,27,66,40.9,39,41,4,37,16,87,31,0
2113,Lucas Paqueta,Lyon,1.8,5,4,0,5,0,1,3,33.3,2,2,0,2,1,6,3,0
2114,Aitor Paredes,Athletic Club,9.5,7,6,4,2,1,6,11,54.5,5,11,7,4,14,21,26,0
2115,Kevin Paredes,Wolfsburg,5.9,13,9,6,3,4,9,12,75.0,3,7,0,7,6,19,8,0
2116,Leandro Paredes,Juventus,10.9,19,13,7,11,1,10,22,45.5,12,8,0,8,17,36,22,0
2117,Leandro Paredes,Paris S-G,0.6,1,1,1,0,0,1,1,100.0,0,2,1,1,1,2,0,0
2118,Daniel Parejo,Villarreal,36.5,71,40,32,23,16,30,75,40.0,45,40,12,28,29,100,31,2
2119,Fabiano Parisi,Empoli,31.4,65,35,37,21,7,30,72,41.7,42,51,16,35,41,106,91,0
2120,Moises Parra Gutierrez,Getafe,0.1,1,0,0,1,0,0,0,0.0,0,0,0,0,0,1,0,0
2121,Raul Parra,Cádiz,3.4,4,2,4,0,0,4,9,44.4,5,5,3,2,1,5,9,0
2122,Thomas Partey,Arsenal,27.6,70,40,20,35,15,25,52,48.1,27,26,5,21,28,98,41,1
2123,Marco Pasalic,Dortmund,0.1,0,0,0,0,0,0,0,0.0,0,0,0,0,0,0,0,0
2124,Mario Pasalic,Atalanta,19.7,22,10,6,14,2,6,23,26.1,17,22,4,18,21,43,13,0
2125,Pascu,Villarreal,0.1,0,0,0,0,0,0,0,0.0,0,0,0,0,0,0,0,0
2126,Felix Passlack,Dortmund,0.7,4,3,0,4,0,1,1,100.0,0,1,1,0,0,4,1,0
2127,Javier Pastore,Elche,0.1,0,0,0,0,0,0,0,0.0,0,0,0,0,0,0,0,0
2128,Patric,Lazio,15.7,17,11,12,3,2,11,16,68.8,5,17,12,5,11,28,53,1
2129,Rui Patricio,Roma,35.0,1,1,1,0,0,1,1,100.0,0,0,0,0,2,3,6,3
2130,Nathan Patterson,Everton,14.2,49,24,32,13,4,29,53,54.7,24,24,4,20,15,64,45,0
2132,Paulinho,Leverkusen,0.9,0,0,0,0,0,0,0,0.0,0,1,0,1,0,0,2,0
2133,Gabriel Paulista,Valencia,16.7,17,9,13,4,0,13,19,68.4,6,22,14,8,32,49,79,2
2134,Benjamin Pavard,Bayern Munich,27.0,70,41,36,26,8,36,48,75.0,12,35,16,19,44,114,83,0
2135,Jiri Pavlenka,Werder Bremen,32.3,1,0,1,0,0,1,5,20.0,4,1,0,1,3,4,21,1
2136,Dimitri Payet,Marseille,9.3,6,4,2,2,2,3,10,30.0,7,4,0,4,0,6,4,0
2137,Ben Pearson,Bournemouth,3.2,7,3,3,3,1,1,3,33.3,2,4,0,4,2,9,6,0
2138,Kristian Pedersen,Köln,3.1,5,4,4,1,0,0,2,0.0,2,3,0,3,6,11,17,0
2139,Mads Pedersen,Augsburg,20.4,44,23,31,11,2,22,33,66.7,11,32,9,23,20,64,41,1
2140,Alfonso Pedraza,Villarreal,18.1,35,26,20,10,5,19,29,65.5,10,19,1,18,18,53,31,0
2141,Pedri,Barcelona,22.0,39,22,15,17,7,13,45,28.9,32,27,0,27,13,52,8,1
2142,Pedro,Lazio,21.1,35,24,14,10,11,11,30,36.7,19,18,2,16,6,41,4,1
2143,Adria Pedrosa,Espanyol,2.5,5,1,5,0,0,4,7,57.1,3,1,1,0,5,10,3,0
2144,Jordan Pefok,Union Berlin,15.1,15,7,3,4,8,2,17,11.8,15,17,5,12,4,19,15,0
2145,Gianluca Pegolo,Sassuolo,2.0,0,0,0,0,0,0,1,0.0,1,0,0,0,0,0,1,0
2146,Dzenan Pejcinovic,Wolfsburg,0.1,0,0,0,0,0,0,0,0.0,0,0,0,0,0,0,0,0
2147,Peter Pekarik,Hertha BSC,2.3,4,3,4,0,0,4,6,66.7,2,6,2,4,4,8,7,0
2148,Pietro Pellegri,Torino,5.2,6,2,1,3,2,2,3,66.7,1,5,1,4,0,6,4,0
2149,Lorenzo Pellegrini,Roma,28.3,52,29,24,24,4,22,48,45.8,26,27,4,23,26,78,22,0
2150,Luca Pellegrini,Lazio,2.0,1,0,0,1,0,1,4,25.0,3,3,0,3,7,8,4,0
2151,Luca Pellegrini,Eint Frankfurt,6.2,13,8,10,3,0,8,8,100.0,0,8,2,6,7,20,11,1
2152,Theo Pellenard,Auxerre,1.1,1,0,1,0,0,1,1,100.0,0,3,1,2,2,3,2,0
2153,Facundo Pellistri,Manchester Utd,0.7,1,1,0,1,0,0,0,0.0,0,0,0,0,0,1,3,0
2154,Timothee Pembele,Paris S-G,2.9,5,5,3,1,1,2,4,50.0,2,2,0,2,4,9,2,0
2155,Inaki Pena,Barcelona,0.8,0,0,0,0,0,0,0,0.0,0,0,0,0,0,0,0,1
2156,Ruben Pena,Osasuna,14.2,32,18,10,18,4,20,41,48.8,21,23,8,15,17,49,31,0
2158,Patrick Pentz,Reims,7.0,0,0,0,0,0,0,0,0.0,0,0,0,0,0,0,1,0
2159,Nicolas Pepe,Nice,16.6,25,13,14,5,6,11,25,44.0,14,17,0,17,3,28,1,0
2160,Ricardo Pepi,Augsburg,1.1,1,1,1,0,0,1,1,100.0,0,1,0,1,0,1,1,0
2161,Pepin,Monza,12.5,28,19,10,11,7,9,27,33.3,18,14,3,11,13,41,17,0
2162,Alberto Perea,Cádiz,0.5,2,0,2,0,0,0,0,0.0,0,2,0,2,0,2,0,0
2163,Juan Perea,Stuttgart,4.6,5,4,0,2,3,2,4,50.0,2,2,1,1,1,6,3,0
2164,Andreas Pereira,Fulham,29.9,18,9,3,6,9,8,33,24.2,25,21,3,18,6,24,8,0
2165,Brayann Pereira,Auxerre,2.0,6,5,5,1,0,1,5,20.0,4,2,2,0,2,8,8,1
2166,Danilo Pereira,Paris S-G,26.8,32,17,15,14,3,19,26,73.1,7,26,19,7,36,68,59,1
2167,Mathias Pereira Lage,Brest,14.0,20,7,5,14,1,11,29,37.9,18,10,1,9,14,34,12,0
2168,Ricardo Pereira,Leicester City,5.0,11,7,8,3,0,7,17,41.2,10,8,2,6,4,15,20,0
2169,Roberto Pereyra,Udinese,31.3,36,20,21,12,3,16,44,36.4,28,20,5,15,16,52,28,0
2170,Ayoze Perez,Leicester City,4.2,11,8,5,4,2,8,19,42.1,11,6,0,6,2,13,3,0
2171,Ayoze Perez,Betis,15.4,31,15,9,16,6,10,40,25.0,30,22,0,22,13,44,5,0
2172,Carles Perez,Celta Vigo,23.8,39,23,12,17,10,22,66,33.3,44,29,3,26,6,45,9,0
2173,Francisco Perez,Valencia,1.6,1,1,1,0,0,0,3,0.0,3,0,0,0,0,1,1,0
2174,Kike Perez,Valladolid,25.6,67,33,30,32,5,25,68,36.8,43,26,7,19,20,87,28,0
2175,Lucas Perez,Cádiz,7.0,3,2,2,1,0,1,3,33.3,2,2,0,2,1,4,3,0
2176,Luis Perez,Valladolid,13.5,44,24,26,12,6,27,38,71.1,11,13,4,9,16,60,29,0
2177,Nehuen Perez,Udinese,31.3,77,40,54,20,3,39,55,70.9,16,53,23,30,35,112,106,1
2178,Simone Perilli,Hellas Verona,1.0,0,0,0,0,0,0,0,0.0,0,0,0,0,0,0,0,0
2179,Mattia Perin,Juventus,10.5,0,0,0,0,0,0,0,0.0,0,0,0,0,0,0,0,0
2180,Samuele Perisan,Empoli,7.0,0,0,0,0,0,0,0,0.0,0,0,0,0,0,0,2,0
2181,Ivan Perisic,Tottenham,23.4,42,24,25,10,7,27,47,57.4,20,29,7,22,22,64,49,1
2182,Romain Perraud,Southampton,20.4,54,33,23,23,8,28,52,53.8,24,24,6,18,20,74,42,0
2184,Gaetan Perrin,Auxerre,15.5,17,8,5,6,6,8,30,26.7,22,15,0,15,10,27,9,0
2185,Lucas Perrin,Strasbourg,19.6,44,27,28,14,2,25,49,51.0,24,13,5,8,36,80,53,0
2186,Maximo Perrone,Manchester City,0.2,0,0,0,0,0,0,0,0.0,0,1,0,1,0,0,0,0
2187,Matteo Pessina,Monza,32.6,57,36,28,21,8,26,62,41.9,36,50,15,35,37,94,33,1
2188,Andrea Petagna,Monza,18.5,7,5,2,3,2,3,6,50.0,3,16,4,12,3,10,18,0
2189,Nils Petersen,Freiburg,3.1,6,4,0,3,3,2,5,40.0,3,11,2,9,1,7,6,0
2190,Lukas Petkov,Augsburg,1.6,5,1,4,1,0,2,3,66.7,1,4,1,3,1,6,0,0
2191,Cameron Peupion,Brighton,0.1,0,0,0,0,0,0,0,0.0,0,0,0,0,0,0,0,0
2192,German Pezzella,Betis,27.9,41,28,32,9,0,26,38,68.4,12,32,15,17,50,91,129,1
2193,Giuseppe Pezzella,Lecce,10.2,21,9,16,2,3,9,16,56.3,7,11,3,8,8,29,31,1
2194,Luca Pfeiffer,Stuttgart,7.8,1,1,1,0,0,0,1,0.0,1,4,0,4,1,2,5,0
2195,Maximilian Philipp,Wolfsburg,1.3,2,1,1,1,0,1,1,100.0,0,1,0,1,0,2,0,0
2196,Maximilian Philipp,Werder Bremen,4.9,6,5,3,2,1,1,9,11.1,8,7,1,6,3,9,4,0
2197,Kalvin Phillips,Manchester City,3.3,6,4,3,3,0,2,10,20.0,8,7,3,4,5,11,10,0
2198,Nathaniel Phillips,Liverpool,0.7,2,1,0,2,0,2,2,100.0,0,0,0,0,2,4,1,0
2199,Krzysztof Piatek,Salernitana,23.8,18,11,3,9,6,5,21,23.8,16,17,4,13,2,20,39,0
2200,Roberto Piccoli,Hellas Verona,2.1,1,0,1,0,0,0,2,0.0,2,2,0,2,0,1,2,0
2201,Roberto Piccoli,Empoli,5.7,1,1,1,0,0,0,3,0.0,3,4,1,3,1,2,9,0
2202,Charles Pickel,Cremonese,27.6,55,23,25,26,4,32,57,56.1,25,37,5,32,24,79,36,1
2203,Jordan Pickford,Everton,37.0,0,0,0,0,0,0,1,0.0,1,0,0,0,4,4,15,3
2204,Amos Pieper,Werder Bremen,21.7,46,28,25,19,2,24,40,60.0,16,23,11,12,30,76,94,1
2205,Ronael Pierre-Gabriel,Espanyol,2.6,17,9,12,4,1,5,11,45.5,6,5,2,3,9,26,11,0
2206,Ronael Pierre-Gabriel,Strasbourg,7.3,25,18,11,12,2,15,17,88.2,2,16,3,13,9,34,22,0
2207,Andrea Pinamonti,Sassuolo,24.0,10,7,0,5,5,3,7,42.9,4,19,2,17,2,12,11,0
2208,Ethan Pinnock,Brentford,30.0,52,28,33,12,7,18,24,75.0,6,41,31,10,35,87,215,2
2210,Yeremi Pino,Villarreal,27.2,62,38,25,20,17,21,56,37.5,35,41,4,37,15,77,36,0
2211,Gerard Pique,Barcelona,4.3,5,4,1,4,0,4,4,100.0,0,2,1,1,2,7,19,0
2212,Lorenzo Pirola,Salernitana,21.6,33,29,18,14,1,19,27,70.4,8,50,35,15,30,63,85,1
2213,Niccolo Pisilli,Roma,0.0,0,0,0,0,0,0,0,0.0,0,0,0,0,0,0,0,0
2214,Marko Pjaca,Empoli,5.8,4,3,3,1,0,3,5,60.0,2,3,0,3,3,7,3,0
2215,Oscar Plano,Valladolid,22.6,40,25,9,17,14,12,37,32.4,25,26,2,24,29,69,23,0
2216,Gonzalo Plata,Valladolid,25.6,66,35,31,24,11,23,70,32.9,47,40,0,40,12,78,10,1
2217,Marvin Plattenhardt,Hertha BSC,26.7,43,33,24,15,4,29,47,61.7,18,25,11,14,15,58,82,0
2218,Alassane Plea,M'Gladbach,19.7,16,8,5,7,4,8,26,30.8,18,23,3,20,12,28,14,0
2219,Tommaso Pobega,Milan,9.8,27,16,8,15,4,13,20,65.0,7,12,4,8,9,36,11,0
2220,Daniel Podence,Wolves,19.7,27,17,13,9,5,6,31,19.4,25,19,0,19,7,34,6,0
2221,Paul Pogba,Juventus,1.2,0,0,0,0,0,0,1,0.0,1,0,0,0,0,0,2,0
2222,Joel Pohjanpalo,Leverkusen,0.0,0,0,0,0,0,0,0,0.0,0,0,0,0,0,0,0,0
2223,Matteo Politano,Napoli,13.0,18,9,9,5,4,11,25,44.0,14,6,0,6,7,25,7,0
2224,Sebastian Polter,Schalke 04,7.0,4,3,0,4,0,1,4,25.0,3,4,0,4,1,5,6,0
2225,Ezequiel Ponce,Elche,12.5,9,7,0,6,3,0,7,0.0,7,6,1,5,1,10,13,0
2226,Julien Ponceau,Lorient,18.4,28,19,10,14,4,10,32,31.3,22,27,3,24,14,42,12,0
2227,Marin Pongracic,Lecce,8.8,16,14,8,7,1,5,7,71.4,2,4,3,1,16,32,31,0
2228,Nick Pope,Newcastle Utd,36.2,1,0,1,0,0,1,3,33.3,2,0,0,0,0,1,27,2
2229,Lukasz Poreba,Lens,2.9,5,4,2,1,2,2,3,66.7,1,3,0,3,4,9,2,0
2230,Jackson Porozo,Troyes,18.0,32,20,24,7,1,13,31,41.9,18,24,17,7,33,65,75,0
2231,Pedro Porro,Tottenham,12.6,25,16,8,15,2,14,39,35.9,25,25,2,23,15,40,24,1
2232,Francisco Portillo,Almería,8.0,13,6,4,5,4,3,16,18.8,13,7,1,6,7,20,8,0
2233,Portu,Getafe,19.7,28,21,14,10,4,18,42,42.9,24,23,3,20,17,45,20,1
2234,Stefan Posch,Bologna,28.1,81,43,41,29,11,44,75,58.7,31,44,15,29,35,116,69,0
2236,Stefan Posch,Hoffenheim,0.2,0,0,0,0,0,0,0,0.0,0,0,0,0,0,0,0,0
2237,Yussuf Poulsen,RB Leipzig,4.6,6,4,1,4,1,2,5,40.0,3,3,1,2,0,6,5,0
2238,Jose Pozo,Rayo Vallecano,1.0,2,2,0,2,0,0,0,0.0,0,0,0,0,1,3,1,0
2239,Manuel Pozo,Valladolid,0.2,0,0,0,0,0,0,0,0.0,0,2,0,2,2,2,0,0
2240,Alejandro Pozo Pozo,Almería,20.9,37,19,17,17,3,27,53,50.9,26,30,5,25,26,63,45,1
2241,Dennis Praet,Leicester City,7.2,12,9,5,6,1,6,11,54.5,5,12,2,10,5,17,6,0
2242,Abdon Prats,Mallorca,4.6,1,0,1,0,0,0,0,0.0,0,5,0,5,0,1,2,0
2243,Sanjin Prcic,Strasbourg,18.1,27,12,6,16,5,19,31,61.3,12,22,7,15,25,52,22,0
2244,Isaac Price,Everton,0.4,0,0,0,0,0,0,1,0.0,1,1,1,0,0,0,0,0
2245,Grischa Promel,Hoffenheim,16.2,27,19,14,11,2,9,25,36.0,16,22,4,18,8,35,23,0
2246,Ivan Provedel,Lazio,37.9,1,0,1,0,0,0,0,0.0,0,0,0,0,0,1,15,1
2247,Javi Puado,Espanyol,26.0,20,11,12,5,3,12,28,42.9,16,12,2,10,10,30,14,0
2248,Mehdi Puch Herrantz,Ajaccio,0.5,2,2,0,1,1,1,2,50.0,1,1,0,1,3,5,0,0
2249,Tymoteusz Puchacz,Union Berlin,0.6,1,0,1,0,0,0,0,0.0,0,0,0,0,0,1,1,0
2250,Arnau Puigmal,Almería,8.5,22,14,10,7,5,12,17,70.6,5,7,0,7,11,33,6,0
2251,Christian Pulisic,Chelsea,9.1,11,6,3,6,2,3,5,60.0,2,8,1,7,4,15,4,0
2252,Ignacio Pussetto,Sampdoria,1.7,6,3,2,3,1,3,4,75.0,1,4,0,4,0,6,3,0
2253,Niklas Pyyhtia,Bologna,1.2,1,0,0,1,0,0,1,0.0,1,1,1,0,1,2,4,0
2254,Fabio Quagliarella,Sampdoria,8.9,2,1,1,1,0,1,7,14.3,6,5,1,4,0,2,9,0
2255,Giacomo Quagliata,Cremonese,7.8,10,8,7,1,2,5,11,45.5,6,7,2,5,11,21,8,0
2256,Eduardo Quaresma,Hoffenheim,1.0,5,3,3,2,0,1,3,33.3,2,3,2,1,0,5,3,0
2257,Joshua Quarshie,Hoffenheim,0.0,0,0,0,0,0,0,0,0.0,0,0,0,0,0,0,0,0
2258,Ghjuvanni Quilichini,Ajaccio,0.9,0,0,0,0,0,0,0,0.0,0,0,0,0,0,0,1,0
2259,Domingos Quina,Elche,3.1,3,2,2,1,0,1,3,33.3,2,5,0,5,3,6,1,0
2260,Ruben Quintanilla,Mallorca,0.0,0,0,0,0,0,0,0,0.0,0,1,0,1,0,0,0,0
2262,Adrien Rabiot,Juventus,30.5,65,35,31,23,11,30,57,52.6,27,37,7,30,26,91,44,1
2263,Nemanja Radonjic,Torino,16.2,2,1,2,0,0,0,4,0.0,4,3,0,3,2,4,4,0
2264,Ivan Radovanovic,Salernitana,7.5,12,4,8,4,0,4,10,40.0,6,9,3,6,7,19,9,1
2265,Ionut Radu,Cremonese,9.0,0,0,0,0,0,0,0,0.0,0,0,0,0,0,0,1,3
2266,Ionut Radu,Auxerre,17.0,0,0,0,0,0,0,0,0.0,0,0,0,0,0,0,3,3
2267,Stefan Radu,Lazio,0.0,0,0,0,0,0,0,0,0.0,0,0,0,0,0,0,0,0
2268,Antonio Raillo,Mallorca,30.7,34,21,23,11,0,10,15,66.7,5,38,29,9,31,65,158,1
2269,Antonio Raimondo,Bologna,0.2,0,0,0,0,0,0,0,0.0,0,0,0,0,0,0,1,0
2270,Predrag Rajkovic,Mallorca,36.0,0,0,0,0,0,0,2,0.0,2,0,0,0,0,0,16,1
2271,Ivan Rakitic,Sevilla,19.9,37,26,10,18,9,19,40,47.5,21,21,1,20,27,64,20,0
2272,Diant Ramaj,Eint Frankfurt,1.0,0,0,0,0,0,0,0,0.0,0,0,0,0,0,0,1,0
2273,Largie Ramazani,Almería,15.6,15,9,6,3,6,8,27,29.6,19,11,0,11,15,30,10,0
2274,Simon Ramet,Lille,0.0,0,0,0,0,0,0,0,0.0,0,0,0,0,0,0,0,0
2275,Adil Rami,Troyes,17.7,19,14,13,5,1,17,32,53.1,15,23,16,7,25,44,75,3
2276,Chris Ramos,Cádiz,7.9,12,9,2,7,3,4,11,36.4,7,8,3,5,1,13,19,0
2277,Sergio Ramos,Paris S-G,30.0,34,26,14,18,2,23,44,52.3,21,29,13,16,34,68,93,3
2278,Aaron Ramsdale,Arsenal,38.0,1,1,1,0,0,1,1,100.0,0,0,0,0,0,1,20,6
2279,Aaron Ramsey,Nice,17.6,47,25,18,19,10,16,39,41.0,23,25,4,21,17,64,18,1
2280,Jacob Ramsey,Aston Villa,29.3,69,39,23,35,11,32,69,46.4,37,48,8,40,23,92,34,0
2281,Luca Ranieri,Fiorentina,5.6,9,4,6,3,0,6,9,66.7,3,5,3,2,11,20,15,1
2282,Andrea Ranocchia,Monza,0.5,3,1,1,2,0,3,4,75.0,1,5,5,0,0,3,7,0
2283,Filippo Ranocchia,Monza,5.9,11,6,5,4,2,4,12,33.3,8,5,1,4,4,15,7,0
2284,Lilian Raolisoa,Angers,1.9,11,9,6,3,2,7,10,70.0,3,3,1,2,3,14,5,0
2285,Raphinha,Barcelona,23.0,29,19,10,7,12,11,31,35.5,20,33,1,32,14,43,11,1
2286,Nicolai Rapp,Werder Bremen,0.8,3,1,3,0,0,0,3,0.0,3,0,0,0,0,3,1,0
2288,Elba Rashani,Clermont Foot,24.0,39,26,13,19,7,13,39,33.3,26,27,2,25,21,60,19,0
2289,Marcus Rashford,Manchester Utd,32.0,20,10,7,8,5,9,24,37.5,15,31,4,27,7,27,14,0
2290,Giacomo Raspadori,Sassuolo,0.5,0,0,0,0,0,0,0,0.0,0,0,0,0,0,0,0,0
2291,Giacomo Raspadori,Napoli,10.1,10,8,0,6,4,4,10,40.0,6,9,0,9,4,14,4,0
2292,Rafael Ratao,Toulouse,20.6,52,36,29,16,7,27,73,37.0,46,34,0,34,21,73,7,0
2293,David Raum,RB Leipzig,18.7,39,25,23,12,4,17,29,58.6,12,24,6,18,16,55,26,1
2294,Nicola Ravaglia,Sampdoria,9.0,0,0,0,0,0,0,1,0.0,1,0,0,0,0,0,7,0
2295,Rayan Raveloson,Auxerre,27.0,38,23,21,16,1,23,33,69.7,10,43,12,31,39,77,70,0
2296,David Raya,Brentford,38.0,0,0,0,0,0,0,2,0.0,2,1,0,1,1,1,10,2
2297,Tim Ream,Fulham,32.2,30,16,15,12,3,13,26,50.0,13,45,24,21,41,71,116,2
2298,Ante Rebic,Milan,10.9,10,8,1,3,6,3,11,27.3,8,6,1,5,1,11,5,0
2299,Arkadiusz Reca,Spezia,24.1,44,28,22,12,10,19,32,59.4,13,21,5,16,24,68,54,0
2300,Nathan Redmond,Southampton,0.0,0,0,0,0,0,0,0,0.0,0,0,0,0,0,0,0,0
2301,Harrison Reed,Fulham,31.8,44,27,17,21,6,16,50,32.0,34,54,12,42,19,63,36,0
2302,Sergio Reguilon,Atlético Madrid,3.4,7,5,5,2,0,5,7,71.4,2,3,0,3,2,9,4,0
2303,Bobby Reid,Fulham,27.5,42,24,14,14,14,16,34,47.1,18,25,3,22,20,62,28,1
2304,Pepe Reina,Villarreal,22.0,0,0,0,0,0,0,1,0.0,1,0,0,0,1,1,4,4
2305,Jeff Reine-Adelaide,Troyes,2.6,3,2,2,1,0,1,2,50.0,1,2,0,2,2,5,1,0
2306,Jeff Reine-Adelaide,Lyon,3.7,8,5,1,5,2,5,9,55.6,4,4,0,4,6,14,0,0
2307,Reinier,Girona,7.2,12,10,7,3,2,2,8,25.0,6,6,0,6,5,17,4,0
2308,Rocco Reitz,M'Gladbach,0.0,0,0,0,0,0,0,0,0.0,0,0,0,0,0,0,0,0
2309,Karim Rekik,Sevilla,13.1,11,5,8,3,0,4,5,80.0,1,12,5,7,10,21,24,0
2310,Alex Remiro,Real Sociedad,38.0,1,1,1,0,0,1,3,33.3,2,0,0,0,0,1,17,3
2311,Panagiotis Retsos,Hellas Verona,1.4,5,4,2,2,1,3,3,100.0,0,4,1,3,2,7,3,0
2312,Marco Reus,Dortmund,15.0,30,17,12,14,4,7,24,29.2,17,12,4,8,8,38,8,0
2314,Alejandro Revuelta Montero,Getafe,0.0,0,0,0,0,0,0,0,0.0,0,0,0,0,0,0,1,0
2315,Elvis Rexhbecaj,Augsburg,28.0,51,30,18,24,9,29,59,49.2,30,40,13,27,17,68,40,0
2316,Gio Reyna,Dortmund,6.9,14,7,2,5,7,5,10,50.0,5,8,2,6,3,17,5,0
2317,Chadi Riad,Barcelona,0.0,0,0,0,0,0,0,0,0.0,0,0,0,0,0,0,0,0
2318,Nico Ribaudo,Espanyol,13.9,18,13,5,9,4,11,30,36.7,19,19,1,18,5,23,1,0
2319,Alexsandro Ribeiro,Lille,17.9,32,18,24,7,1,19,28,67.9,9,11,2,9,25,57,59,1
2320,Franck Ribery,Salernitana,0.4,0,0,0,0,0,0,0,0.0,0,1,0,1,0,0,0,0
2321,Samuele Ricci,Torino,23.0,32,21,17,10,5,18,23,78.3,5,20,5,15,17,49,29,1
2322,Declan Rice,West Ham,36.4,79,38,44,31,4,31,50,62.0,19,45,15,30,63,142,58,0
2323,Chris Richards,Crystal Palace,5.0,9,6,8,1,0,5,7,71.4,2,10,1,9,8,17,31,0
2324,Richarlison,Tottenham,11.2,21,16,13,5,3,12,27,44.4,15,14,1,13,5,26,10,0
2325,Marco Richter,Hertha BSC,20.4,43,23,18,17,8,19,48,39.6,29,29,2,27,24,67,25,0
2326,Diego Rico,Real Sociedad,18.3,35,21,17,11,7,12,27,44.4,15,18,5,13,20,55,51,1
2327,Jairo Riedewald,Crystal Palace,0.7,2,1,2,0,0,0,1,0.0,1,2,0,2,0,2,4,0
2328,Manuel Riemann,Bochum,34.0,3,2,3,0,0,3,5,60.0,2,1,0,1,5,8,23,7
2329,Tomas Rincon,Sampdoria,28.4,56,27,22,26,8,29,61,47.5,32,37,7,30,30,86,18,0
2330,Remy Riou,Lyon,6.7,1,0,1,0,0,1,1,100.0,0,0,0,0,0,1,3,0
2331,Renaud Ripart,Troyes,14.7,40,23,14,20,6,19,52,36.5,33,29,2,27,7,47,5,0
2332,Rodrigo Riquelme,Girona,24.2,20,8,8,8,4,9,35,25.7,26,16,0,16,11,31,5,0
2333,Matt Ritchie,Newcastle Utd,0.4,1,1,0,1,0,1,3,33.3,2,0,0,0,1,2,0,0
2334,Sergi Roberto,Barcelona,14.5,22,15,12,6,4,7,18,38.9,11,15,7,8,11,33,16,0
2335,Lucas Robertone,Almería,31.6,50,28,20,21,9,28,64,43.8,36,45,7,38,46,96,46,1
2336,Andrew Robertson,Liverpool,28.7,38,21,12,16,10,21,41,51.2,20,32,5,27,18,56,50,3
2337,Antonee Robinson,Fulham,34.3,62,38,43,15,4,44,65,67.7,21,49,13,36,53,115,83,3
2338,Joel Robles,Leeds United,4.0,0,0,0,0,0,0,1,0.0,1,0,0,0,0,0,2,1
2340,Joel Roca,Girona,0.9,2,2,2,0,0,2,5,40.0,3,1,1,0,0,2,1,0
2341,Marc Roca,Leeds United,25.7,66,40,27,34,5,20,65,30.8,45,34,10,24,23,89,24,2
2342,Enzo Roco,Elche,18.4,33,13,23,10,0,15,24,62.5,9,22,15,7,17,50,63,1
2343,Marek Rodak,Fulham,2.0,0,0,0,0,0,0,0,0.0,0,0,0,0,0,0,1,1
2344,Sebastian Rode,Eint Frankfurt,15.7,38,24,7,28,3,14,45,31.1,31,18,2,16,16,54,12,0
2345,Joe Rodon,Rennes,15.7,11,7,9,2,0,4,10,40.0,6,16,12,4,9,20,54,1
2346,Rodri,Manchester City,32.3,67,41,28,28,11,26,52,50.0,26,40,14,26,33,100,43,1
2347,Rodri,Betis,17.8,16,11,5,9,2,8,17,47.1,9,10,0,10,13,29,2,0
2348,Rodrigo,Leeds United,21.5,24,10,2,15,7,8,19,42.1,11,16,4,12,6,30,21,1
2349,Angel Rodriguez,Mallorca,4.4,1,1,0,1,0,0,2,0.0,2,3,0,3,1,2,1,0
2350,Oscar Rodriguez Arnaiz,Celta Vigo,19.7,32,25,12,15,5,13,28,46.4,15,16,2,14,24,56,15,0
2351,Dani Rodriguez,Mallorca,23.3,42,23,18,22,2,21,46,45.7,25,31,8,23,21,63,14,0
2352,Guido Rodriguez,Betis,31.9,115,75,59,50,6,54,101,53.5,47,58,14,44,42,157,76,1
2353,Miguel Rodriguez,Celta Vigo,2.8,7,5,4,3,0,4,11,36.4,7,6,0,6,1,8,3,0
2354,Pablo Rodriguez,Lecce,0.6,2,1,2,0,0,0,2,0.0,2,3,0,3,0,2,0,0
2355,Ricardo Rodriguez,Torino,29.7,54,33,30,17,7,28,42,66.7,14,30,15,15,38,92,61,0
2356,Rodrygo,Real Madrid,26.4,17,10,3,7,7,4,23,17.4,19,23,0,23,8,25,5,0
2357,Mads Roerslev,Brentford,12.3,22,12,19,3,0,16,33,48.5,17,14,5,9,9,31,38,0
2358,Agustin Rogel,Hertha BSC,15.8,18,9,13,5,0,11,17,64.7,6,15,8,7,11,29,74,1
2359,Rogerio,Sassuolo,33.3,37,21,22,8,7,17,35,48.6,18,32,9,23,37,74,70,0
2360,Merlin Rohl,Freiburg,0.6,1,0,1,0,0,0,0,0.0,0,0,0,0,0,1,1,0
2361,Tony Rolke,Hertha BSC,0.2,0,0,0,0,0,0,0,0.0,0,1,0,1,0,0,1,0
2362,Filippo Romagna,Sassuolo,0.5,0,0,0,0,0,0,0,0.0,0,1,1,0,0,0,2,0
2363,Alessio Romagnoli,Lazio,32.5,33,15,19,14,0,11,22,50.0,11,33,26,7,38,71,108,0
2364,Simone Romagnoli,Lecce,1.9,6,5,3,3,0,2,2,100.0,0,4,1,3,1,7,11,0
2366,Leonardo Roman,Mallorca,1.0,0,0,0,0,0,0,0,0.0,0,0,0,0,0,0,0,0
2367,Cristian Romero,Tottenham,26.3,68,36,42,24,2,29,46,63.0,17,40,18,22,44,112,102,3
2368,Ivan Romero,Sevilla,0.1,0,0,0,0,0,0,0,0.0,0,0,0,0,0,0,0,0
2369,Luka Romero,Lazio,1.7,0,0,0,0,0,0,3,0.0,3,4,0,4,3,3,1,0
2370,Oriol Romeu,Southampton,0.8,1,0,0,1,0,0,0,0.0,0,1,0,1,1,2,1,0
2371,Oriol Romeu,Girona,32.8,70,38,36,26,8,26,51,51.0,25,48,10,38,37,107,54,0
2372,Cristiano Ronaldo,Manchester Utd,5.8,2,2,1,0,1,1,2,50.0,1,0,0,0,1,3,9,0
2373,Connor Ronan,Wolves,0.0,0,0,0,0,0,0,0,0.0,0,0,0,0,0,0,0,0
2374,Salomon Rondon,Everton,1.2,0,0,0,0,0,0,0,0.0,0,1,1,0,0,0,0,0
2375,Valentin Rongier,Marseille,33.7,93,59,33,47,13,41,77,53.2,36,50,11,39,54,147,38,1
2376,Marten de Roon,Atalanta,32.9,77,39,37,35,5,37,81,45.7,44,37,4,33,36,113,58,0
2377,Pablo Rosario,Nice,19.6,46,26,22,20,4,18,34,52.9,16,15,5,10,23,69,32,1
2378,Francesco Rossi,Atalanta,0.0,0,0,0,0,0,0,0,0.0,0,0,0,0,0,0,0,0
2379,Tom Rothe,Dortmund,0.3,1,1,0,1,0,1,1,100.0,0,0,0,0,1,2,2,0
2380,Joe Rothwell,Bournemouth,11.3,20,13,7,12,1,7,21,33.3,14,14,3,11,9,29,7,0
2381,Anthony Rouault,Toulouse,36.8,66,37,54,10,2,30,58,51.7,28,52,26,26,56,122,126,4
2382,Jerome Roussillon,Wolfsburg,0.2,0,0,0,0,0,0,0,0.0,0,0,0,0,0,0,0,0
2383,Jerome Roussillon,Union Berlin,10.6,16,9,6,8,2,8,12,66.7,4,7,2,5,4,20,22,0
2384,Nicolo Rovella,Monza,19.3,45,29,22,21,2,13,36,36.1,23,20,1,19,40,85,17,0
2385,Nicolo Rovella,Juventus,0.3,1,1,0,1,0,1,1,100.0,0,0,0,0,0,1,0,0
2386,Amir Rrahmani,Napoli,27.2,33,18,20,13,0,17,26,65.4,9,36,20,16,14,47,79,1
2387,Ruan,Sassuolo,19.0,38,26,25,12,1,19,29,65.5,10,29,17,12,24,62,80,3
2388,Ruben,Espanyol,9.9,30,15,18,9,3,20,29,69.0,9,14,4,10,18,48,18,0
2389,Antonio Rudiger,Real Madrid,26.8,18,16,12,5,1,14,23,60.9,9,23,13,10,19,37,74,0
2390,Sebastian Rudy,Hoffenheim,8.8,26,12,10,16,0,13,27,48.1,14,27,7,20,11,37,13,0
2392,Daniele Rugani,Juventus,6.3,7,0,6,1,0,4,4,100.0,0,7,5,2,7,14,32,0
2393,Matteo Ruggeri,Atalanta,9.2,17,12,5,9,3,8,16,50.0,8,14,3,11,12,29,16,0
2394,Mario Rui,Napoli,19.4,34,22,17,13,4,20,41,48.8,21,17,4,13,15,49,24,1
2395,Aitor Ruibal,Betis,16.2,47,29,35,9,3,31,58,53.4,27,17,2,15,24,71,41,0
2396,Kays Ruiz,Auxerre,0.7,1,1,1,0,0,0,1,0.0,1,2,1,1,3,4,0,0
2397,Fabian Ruiz Pena,Paris S-G,21.0,62,28,25,30,7,43,79,54.4,36,24,1,23,18,80,23,1
2398,Victor Ruiz,Betis,6.2,5,3,3,2,0,3,3,100.0,0,10,7,3,6,11,34,0
2399,Geronimo Rulli,Villarreal,14.0,0,0,0,0,0,0,0,0.0,0,1,0,1,1,1,6,2
2400,Alessandro Russo,Sassuolo,1.0,0,0,0,0,0,0,0,0.0,0,0,0,0,0,0,1,1
2401,Franco Russo,Mallorca,1.6,2,1,2,0,0,0,1,0.0,1,5,0,5,3,5,5,0
2402,Georginio Rutter,Leeds United,3.0,10,9,5,3,2,5,8,62.5,3,5,0,5,3,13,3,0
2403,Georginio Rutter,Hoffenheim,11.2,7,4,1,4,2,1,3,33.3,2,10,2,8,5,12,6,0
2404,Julian Ryerson,Union Berlin,11.5,28,17,17,10,1,15,25,60.0,10,15,3,12,12,40,19,0
2405,Julian Ryerson,Dortmund,15.7,27,15,17,7,3,19,37,51.4,18,13,2,11,8,35,28,0
2406,Frederik Ronnow,Union Berlin,29.0,0,0,0,0,0,0,5,0.0,5,0,0,0,0,0,9,1
2407,Jose Sa,Wolves,36.0,1,0,1,0,0,1,1,100.0,0,0,0,0,0,1,10,6
2408,Youssouf Sabaly,Betis,18.7,45,23,29,14,2,22,33,66.7,11,35,8,27,19,64,52,1
2409,Halid Sabanovic,Angers,7.1,8,6,7,1,0,6,8,75.0,2,8,2,6,8,16,12,0
2410,Abdelhamid Sabiri,Sampdoria,11.9,18,7,5,9,4,4,13,30.8,9,18,4,14,2,20,5,0
2411,Marcel Sabitzer,Manchester Utd,7.0,12,8,3,8,1,2,11,18.2,9,6,2,4,8,20,11,0
2412,Marcel Sabitzer,Bayern Munich,7.0,27,14,11,10,6,10,17,58.8,7,3,0,3,10,37,9,0
2413,Falaye Sacko,Montpellier,28.7,46,25,25,15,6,32,51,62.7,19,43,14,29,33,79,75,1
2414,Umar Sadiq,Almería,2.7,0,0,0,0,0,0,1,0.0,1,2,0,2,0,0,3,0
2415,Umar Sadiq,Real Sociedad,0.9,1,1,0,0,1,0,1,0.0,1,2,0,2,0,1,0,0
2416,Alexis Saelemaekers,Milan,15.6,31,20,12,16,3,19,41,46.3,22,13,1,12,19,50,11,0
2418,Wesley Said,Lens,7.2,4,1,1,2,1,2,6,33.3,4,4,0,4,1,5,2,0
2419,Allan Saint-Maximin,Newcastle Utd,12.4,10,3,3,6,1,2,11,18.2,9,4,0,4,5,15,2,0
2420,Theo Sainte-Luce,Montpellier,5.9,13,11,8,5,0,7,14,50.0,7,7,2,5,10,23,11,0
2421,Samuel Saiz,Girona,2.7,2,2,0,2,0,1,2,50.0,1,3,0,3,0,2,1,1
2422,Bukayo Saka,Arsenal,35.3,63,34,22,15,26,20,44,45.5,24,38,0,38,14,77,19,0
2423,Hamza Sakhi,Auxerre,18.4,44,22,22,17,5,22,42,52.4,20,16,1,15,25,69,9,0
2424,Mamadou Sakho,Montpellier,8.5,9,5,4,5,0,3,5,60.0,2,17,12,5,8,17,35,1
2425,Jacopo Sala,Spezia,1.2,1,0,1,0,0,0,2,0.0,2,2,0,2,1,2,2,0
2426,Ibrahim Salah,Rennes,2.5,8,1,5,3,0,2,15,13.3,13,3,0,3,2,10,0,0
2427,Mohamed Salah,Liverpool,36.6,21,12,4,5,12,10,26,38.5,16,21,0,21,6,27,4,0
2428,Amine Salama,Angers,13.9,11,9,3,7,1,2,12,16.7,10,8,2,6,10,21,2,0
2429,Kike Salas,Sevilla,4.1,1,1,1,0,0,0,0,0.0,0,4,3,1,5,6,23,0
2430,William Saliba,Arsenal,26.8,34,20,23,9,2,15,18,83.3,3,13,10,3,19,53,85,4
2431,Dikeni Salifou,Werder Bremen,0.0,0,0,0,0,0,0,0,0.0,0,0,0,0,0,0,0,0
2432,Mohammed Salisu,Southampton,21.9,51,29,33,16,2,24,34,70.6,10,56,25,31,31,82,122,1
2433,Roland Sallai,Freiburg,11.1,11,8,4,3,4,4,10,40.0,6,7,1,6,2,13,11,0
2434,Yoann Salmier,Troyes,29.4,51,29,34,12,5,21,35,60.0,14,34,19,15,39,90,124,0
2435,Salvi,Rayo Vallecano,5.4,13,8,5,5,3,2,8,25.0,6,0,0,0,2,15,2,0
2436,Lazar Samardzic,Udinese,20.5,33,16,9,20,4,17,43,39.5,26,13,0,13,11,44,16,0
2437,Diadie Samassekou,Hoffenheim,0.4,1,0,0,1,0,0,1,0.0,1,0,0,0,0,1,0,0
2438,Mama Samba Balde,Troyes,29.6,46,21,14,21,11,13,28,46.4,15,30,3,27,10,56,13,0
2439,Brice Samba,Lens,37.0,1,0,1,0,0,1,2,50.0,1,1,0,1,0,1,12,2
2440,Albert Sambi Lokonga,Arsenal,2.2,1,1,0,0,1,0,2,0.0,2,1,0,1,5,6,2,0
2441,Albert Sambi Lokonga,Crystal Palace,6.0,13,10,7,4,2,8,12,66.7,4,8,3,5,7,20,10,0
2442,Junior Sambia,Salernitana,7.7,12,5,7,4,1,6,10,60.0,4,9,3,6,8,20,16,1
2444,Fede San Emeterio,Cádiz,20.5,41,22,23,16,2,22,46,47.8,24,34,14,20,17,58,28,0
2445,Antonio Sanabria,Torino,27.0,11,5,3,3,5,1,7,14.3,6,9,2,7,4,15,7,0
2446,Leandro Sanca,Spezia,0.4,1,1,0,0,1,1,1,100.0,0,0,0,0,0,1,0,0
2447,Oihan Sancet,Athletic Club,28.1,27,16,2,19,6,11,37,29.7,26,10,0,10,4,31,9,1
2448,Renato Sanches,Paris S-G,8.0,8,1,1,3,4,5,14,35.7,9,13,3,10,9,17,4,0
2449,Alexis Sanchez,Marseille,29.8,27,17,5,16,6,3,24,12.5,21,14,0,14,5,32,6,0
2450,Antonio Sanchez,Mallorca,12.0,19,8,13,4,2,10,34,29.4,24,18,0,18,22,41,14,1
2451,Davinson Sanchez,Tottenham,9.5,24,11,17,6,1,14,20,70.0,6,16,10,6,12,36,41,0
2452,Ivan Sanchez,Valladolid,12.8,20,14,8,8,4,10,27,37.0,17,14,1,13,8,28,4,0
2453,Javi Sanchez,Valladolid,26.6,43,26,27,15,1,17,26,65.4,9,32,22,10,46,89,116,0
2454,Manu Sanchez,Osasuna,23.6,51,35,35,9,7,33,63,52.4,30,33,5,28,14,65,51,0
2455,Robert Sanchez,Brighton,23.0,1,0,1,0,0,0,0,0.0,0,0,0,0,3,4,9,2
2456,Jadon Sancho,Manchester Utd,18.7,16,10,7,5,4,8,28,28.6,20,25,2,23,7,23,6,0
2457,Alex Sandro,Juventus,19.9,35,20,16,16,3,15,22,68.2,7,27,10,17,15,50,64,1
2458,Leroy Sane,Bayern Munich,22.3,38,30,11,19,8,18,36,50.0,18,11,1,10,3,41,1,2
2459,Sidi Sane,Schalke 04,0.3,1,1,1,0,0,1,1,100.0,0,0,0,0,0,1,0,0
2460,Morgan Sanson,Aston Villa,0.1,2,1,1,1,0,1,1,100.0,0,0,0,0,0,2,0,0
2461,Morgan Sanson,Strasbourg,15.8,36,25,10,16,10,17,56,30.4,39,21,1,20,22,58,9,0
2462,Nicola Sansone,Bologna,8.2,12,4,6,4,2,5,10,50.0,5,0,0,0,0,12,4,0
2463,Baptiste Santamaria,Rennes,20.1,41,22,13,23,5,21,41,51.2,20,21,5,16,21,62,23,0
2464,Riccardo Saponara,Fiorentina,13.4,10,5,3,6,1,5,9,55.6,4,7,1,6,5,15,9,1
2465,Pablo Sarabia,Wolves,8.5,12,6,4,5,3,6,15,40.0,9,7,0,7,2,14,4,0
2466,Pablo Sarabia,Paris S-G,4.1,5,4,2,2,1,1,7,14.3,6,3,0,3,2,7,0,0
2467,Jeremy Sarmiento,Brighton,2.0,6,3,4,1,1,2,5,40.0,3,2,0,2,1,7,0,0
2468,Amin Sarr,Lyon,6.0,9,6,1,4,4,1,4,25.0,3,2,0,2,0,9,4,0
2470,Bouna Sarr,Bayern Munich,0.0,0,0,0,0,0,0,0,0.0,0,0,0,0,0,0,0,0
2471,Malang Sarr,Monaco,8.0,6,3,5,1,0,1,5,20.0,4,11,7,4,15,21,29,2
2472,Mamadou Sarr,Lyon,0.1,0,0,0,0,0,0,0,0.0,0,0,0,0,0,0,0,0
2473,Mouhamadou Sarr,Cremonese,2.0,0,0,0,0,0,0,0,0.0,0,0,0,0,0,0,2,0
2474,Martin Satriano,Empoli,18.9,13,8,5,6,2,6,14,42.9,8,5,0,5,3,16,22,0
2475,Teji Savanier,Montpellier,28.3,46,30,16,19,11,23,70,32.9,47,30,2,28,30,76,12,1
2476,Esteban Saveljich,Rayo Vallecano,0.0,0,0,0,0,0,0,0,0.0,0,0,0,0,0,0,0,0
2477,Stefan Savic,Atlético Madrid,21.6,39,26,29,7,3,26,39,66.7,13,17,8,9,33,72,67,2
2478,Joe Scally,M'Gladbach,24.5,31,20,25,5,1,24,31,77.4,7,17,6,11,8,39,61,0
2479,Giorgio Scalvini,Atalanta,25.9,54,29,30,18,6,29,55,52.7,26,36,13,23,56,110,57,2
2480,Gianluca Scamacca,West Ham,10.3,10,5,1,3,6,2,2,100.0,0,3,0,3,4,14,5,0
2481,Gustavo Scarpa,Nott'ham Forest,2.0,5,2,3,1,1,2,5,40.0,3,4,0,4,0,5,3,0
2482,Kevin Schade,Brentford,8.1,12,8,7,2,3,5,10,50.0,5,7,0,7,4,16,6,0
2483,Kevin Schade,Freiburg,2.0,6,4,3,2,1,3,5,60.0,2,0,0,0,0,6,2,0
2484,Andras Schafer,Union Berlin,9.6,21,9,7,12,2,6,14,42.9,8,12,2,10,4,25,11,0
2485,Fabian Schar,Newcastle Utd,35.6,47,22,31,13,3,24,39,61.5,15,34,19,15,52,99,139,0
2486,Derry Scherhant,Hertha BSC,3.2,7,6,3,3,1,4,8,50.0,4,3,0,3,0,7,5,0
2487,Patrik Schick,Leverkusen,10.5,0,0,0,0,0,0,1,0.0,1,4,1,3,1,1,7,0
2488,Kingsley Schindler,Köln,12.1,23,12,13,8,2,18,28,64.3,10,14,2,12,15,38,24,0
2489,Xaver Schlager,RB Leipzig,16.7,41,24,13,26,2,20,43,46.5,23,19,2,17,17,58,23,0
2490,Keven Schlotterbeck,Freiburg,0.2,0,0,0,0,0,0,0,0.0,0,1,1,0,2,2,2,0
2491,Keven Schlotterbeck,Bochum,8.2,17,9,12,5,0,9,11,81.8,2,11,5,6,14,31,49,0
2492,Nico Schlotterbeck,Dortmund,25.0,59,34,34,24,1,37,53,69.8,16,38,21,17,32,91,71,1
2493,Jeffrey Schlupp,Crystal Palace,28.1,66,46,28,29,9,22,43,51.2,21,39,8,31,23,89,38,0
2494,Kasper Schmeichel,Nice,36.0,1,0,1,0,0,1,4,25.0,3,1,0,1,1,2,11,1
2496,Jonathan Schmid,Freiburg,0.5,1,1,1,0,0,0,0,0.0,0,1,0,1,1,2,1,1
2497,Romano Schmid,Werder Bremen,16.9,24,15,5,13,6,10,22,45.5,12,21,3,18,7,31,12,0
2498,Kenneth Schmidt,Freiburg,2.8,6,3,4,2,0,5,6,83.3,1,4,2,2,0,6,2,0
2499,Niklas Schmidt,Werder Bremen,12.1,25,10,12,11,2,13,28,46.4,15,10,0,10,5,30,12,0
2500,Benno Schmitz,Köln,26.9,64,42,31,28,5,42,82,51.2,40,34,4,30,26,90,57,0
2501,Jerdy Schouten,Bologna,27.9,63,38,28,33,2,27,49,55.1,22,40,17,23,40,103,43,1
2502,Perr Schuurs,Torino,25.8,51,25,29,17,5,14,26,53.8,12,28,16,12,28,79,102,0
2503,Marvin Schwabe,Köln,34.0,1,0,1,0,0,1,1,100.0,0,0,0,0,2,3,8,2
2504,Alexander Schwolow,Schalke 04,22.6,0,0,0,0,0,0,2,0.0,2,0,0,0,1,1,6,3
2505,Manuel Sebastian,Sevilla,1.7,7,4,3,3,1,5,8,62.5,3,0,0,0,0,7,2,0
2506,Demba Seck,Torino,5.8,5,2,3,2,0,2,3,66.7,1,3,1,2,1,6,1,0
2507,Haris Seferovic,Celta Vigo,9.9,6,3,1,4,1,3,8,37.5,5,7,1,6,1,7,6,1
2508,Telasco Segovia,Sampdoria,0.0,0,0,0,0,0,0,0,0.0,0,0,0,0,0,0,0,0
2509,Jacopo Segre,Torino,0.2,0,0,0,0,0,0,0,0.0,0,0,0,0,0,0,0,0
2510,Paul Seguin,Union Berlin,7.7,17,8,9,4,4,8,18,44.4,10,6,0,6,6,23,7,0
2511,Alidu Seidu,Clermont Foot,27.3,52,31,35,14,3,31,51,60.8,20,28,14,14,52,104,50,2
2512,Davie Selke,Hertha BSC,3.1,2,1,1,1,0,0,1,0.0,1,3,1,2,1,3,5,0
2513,Davie Selke,Köln,9.7,0,0,0,0,0,0,4,0.0,4,4,1,3,0,0,11,0
2514,Matz Sels,Strasbourg,38.0,4,3,4,0,0,4,4,100.0,0,0,0,0,4,8,23,0
2515,Nelson Semedo,Wolves,29.2,71,42,48,19,4,33,64,51.6,31,42,15,27,29,100,83,2
2516,Vivaldo Semedo,Udinese,0.4,0,0,0,0,0,0,0,0.0,0,1,0,1,0,0,1,0
2517,Antoine Semenyo,Bournemouth,2.9,1,0,0,0,1,1,6,16.7,5,10,1,9,2,3,4,0
2518,Marvin Senaya,Strasbourg,0.1,0,0,0,0,0,0,1,0.0,1,1,0,1,0,0,1,0
2519,Marcos Senesi,Bournemouth,27.7,50,35,28,22,0,23,43,53.5,20,38,20,18,43,93,146,2
2520,Stefano Sensi,Monza,18.0,41,26,25,13,3,18,48,37.5,30,13,3,10,20,61,4,0
2522,Jaime Seoane,Getafe,3.6,10,4,3,4,3,2,8,25.0,6,7,3,4,1,11,2,0
2523,Luigi Sepe,Salernitana,17.0,0,0,0,0,0,0,1,0.0,1,0,0,0,0,0,0,0
2524,Suat Serdar,Hertha BSC,22.5,51,23,14,30,7,20,41,48.8,21,48,12,36,29,80,24,0
2525,Leonardo Sernicola,Cremonese,25.7,45,33,25,13,7,29,43,67.4,14,23,6,17,38,83,55,0
2526,Ryan Sessegnon,Tottenham,9.0,16,11,9,7,0,6,12,50.0,6,8,1,7,6,22,17,1
2527,Stephan El Shaarawy,Roma,16.9,21,9,8,10,3,6,22,27.3,16,11,1,10,15,36,11,0
2528,Eniss Shabani,Mainz 05,0.1,0,0,0,0,0,0,0,0.0,0,0,0,0,0,0,0,0
2529,Luke Shaw,Manchester Utd,28.4,55,36,31,22,2,32,45,71.1,13,51,17,34,36,91,55,2
2530,Jonjo Shelvey,Newcastle Utd,0.4,1,0,1,0,0,0,1,0.0,1,1,0,1,0,1,0,0
2531,Jonjo Shelvey,Nott'ham Forest,6.0,2,1,0,1,1,1,9,11.1,8,7,2,5,5,7,10,1
2532,Eldor Shomurodov,Spezia,9.0,5,5,3,1,1,2,11,18.2,9,5,1,4,3,8,4,0
2533,Eldor Shomurodov,Roma,1.3,1,0,1,0,0,0,2,0.0,2,1,0,1,1,2,0,0
2534,Kaj Sierhuis,Reims,2.4,3,3,1,0,2,0,5,0.0,5,3,1,2,1,4,2,0
2535,Vincent Sierro,Toulouse,7.4,19,11,9,9,1,11,29,37.9,18,12,3,9,4,23,11,1
2536,Kiliann Sildillia,Freiburg,22.0,33,20,10,19,4,18,30,60.0,12,24,9,15,21,54,47,1
2537,Andre Silva,RB Leipzig,19.3,12,6,2,5,5,3,8,37.5,5,11,1,10,3,15,3,0
2538,Bernardo Silva,Manchester City,24.5,44,23,11,25,8,18,45,40.0,27,23,6,17,16,60,6,0
2539,Caio Henrique Oliveira Silva,Monaco,32.2,74,51,42,28,4,44,76,57.9,32,28,8,20,26,100,68,1
2540,David Silva,Real Sociedad,21.5,36,21,11,18,7,11,19,57.9,8,17,2,15,15,51,16,0
2541,Rui Silva,Betis,26.0,4,1,4,0,0,4,4,100.0,0,0,0,0,0,4,12,1
2542,Thiago Silva,Chelsea,26.1,41,27,24,17,0,21,31,67.7,10,38,29,9,34,75,111,2
2543,Marco Silvestri,Udinese,38.0,2,1,2,0,0,2,3,66.7,1,0,0,0,1,3,15,1
2544,Abdallah Sima,Angers,20.4,22,13,4,15,3,7,19,36.8,12,8,0,8,4,26,19,0
2545,Mohamed Simakan,RB Leipzig,16.2,21,14,12,5,4,14,21,66.7,7,21,4,17,16,37,55,0
2546,Giovanni Simeone,Napoli,4.5,12,3,3,5,4,3,8,37.5,5,2,1,1,1,13,4,0
2548,Ellis Simms,Everton,2.5,0,0,0,0,0,0,0,0.0,0,0,0,0,0,0,1,0
2549,Simo,Espanyol,1.6,3,1,3,0,0,2,3,66.7,1,5,4,1,0,3,3,0
2550,Moses Simon,Nantes,26.1,18,9,6,7,5,7,15,46.7,8,14,1,13,11,29,3,0
2551,Unai Simon,Athletic Club,30.5,2,0,2,0,0,1,1,100.0,0,1,0,1,0,2,9,3
2552,Lassine Sinayoko,Auxerre,17.4,33,15,14,12,7,21,40,52.5,19,12,0,12,18,51,17,0
2553,Wilfried Singo,Torino,22.7,27,17,14,10,3,12,19,63.2,7,15,2,13,12,39,33,1
2554,Luis Sinisterra,Leeds United,9.6,21,14,8,9,4,11,18,61.1,7,11,1,10,8,29,2,0
2555,Daley Sinkgraven,Leverkusen,3.8,10,7,7,3,0,7,9,77.8,2,8,4,4,5,15,7,0
2556,Tobias Sippel,M'Gladbach,5.7,0,0,0,0,0,0,0,0.0,0,0,0,0,0,0,1,1
2557,Hugo Siquet,Freiburg,0.2,2,2,2,0,0,2,2,100.0,0,1,0,1,0,2,0,0
2558,Salvatore Sirigu,Fiorentina,1.0,0,0,0,0,0,0,0,0.0,0,0,0,0,0,0,1,0
2559,Ibrahima Sissoko,Strasbourg,14.6,40,22,18,17,5,22,42,52.4,20,20,6,14,10,50,19,0
2560,Moussa Sissoko,Nantes,21.3,26,16,16,7,3,12,18,66.7,6,22,5,17,16,42,17,0
2561,Tim Skarke,Union Berlin,0.6,1,1,0,0,1,0,0,0.0,0,1,0,1,0,1,0,0
2562,Tim Skarke,Schalke 04,4.9,13,7,3,8,2,8,11,72.7,3,5,0,5,0,13,4,0
2563,Ellyes Skhiri,Köln,31.7,79,44,29,42,8,26,66,39.4,40,52,12,40,56,135,48,0
2564,Oliver Skipp,Tottenham,16.6,34,17,18,15,1,16,33,48.5,17,17,8,9,17,51,19,1
2565,Leo Skiri Ostigard,Napoli,4.7,4,1,3,1,0,1,1,100.0,0,3,3,0,6,10,18,1
2566,Lukasz Skorupski,Bologna,37.0,2,1,2,0,0,1,2,50.0,1,0,0,0,0,2,19,2
2567,Robert Skov,Hoffenheim,15.0,22,11,14,7,1,10,26,38.5,16,22,8,14,8,30,20,2
2568,Milan Skriniar,Inter,19.7,29,18,14,11,4,18,32,56.3,14,18,13,5,13,42,46,3
2569,Naatan Skytta,Toulouse,0.3,0,0,0,0,0,0,0,0.0,0,0,0,0,1,1,0,0
2570,Islam Slimani,Brest,11.0,5,3,2,2,1,0,3,0.0,3,2,0,2,1,6,11,0
2571,Chris Smalling,Roma,31.2,26,15,16,10,0,13,21,61.9,8,51,36,15,43,69,123,0
2572,Adam Smith,Bournemouth,32.7,49,29,27,19,3,29,60,48.3,31,30,13,17,25,74,81,1
2574,Emile Smith Rowe,Arsenal,1.9,1,1,1,0,0,1,3,33.3,2,1,0,1,0,1,2,0
2575,Hrvoje Smolcic,Eint Frankfurt,5.2,8,7,6,2,0,5,10,50.0,5,11,4,7,6,14,38,0
2576,Cedric Soares,Arsenal,0.3,0,0,0,0,0,0,1,0.0,1,1,0,1,0,0,1,0
2577,Cedric Soares,Fulham,2.2,8,5,4,3,1,3,3,100.0,0,3,1,2,1,9,5,0
2578,Danilo Soares,Bochum,19.6,72,46,42,23,7,43,72,59.7,29,29,6,23,30,102,56,1
2579,Eduard Sobol,Strasbourg,9.7,19,10,10,6,3,9,13,69.2,4,10,1,9,8,27,19,0
2580,Ruben Sobrino,Cádiz,27.4,55,37,29,17,9,23,56,41.1,33,33,3,30,24,79,20,1
2581,Alex Sola,Real Sociedad,3.9,18,9,14,3,1,7,10,70.0,3,7,2,5,7,25,10,0
2582,Dominic Solanke,Bournemouth,31.8,15,9,8,3,4,5,22,22.7,17,26,7,19,6,21,46,0
2583,Augusto Solari,Celta Vigo,2.9,10,6,6,3,1,3,11,27.3,8,5,0,5,4,14,3,0
2584,Ola Solbakken,Roma,5.6,2,2,1,1,0,2,7,28.6,5,2,0,2,2,4,8,0
2585,Nikola Soldo,Köln,6.6,15,9,8,7,0,7,11,63.6,4,7,6,1,7,22,28,0
2586,Carlos Soler,Valencia,2.7,2,0,0,1,1,2,3,66.7,1,1,0,1,0,2,2,0
2587,Carlos Soler,Paris S-G,13.2,20,12,6,10,4,10,19,52.6,9,12,4,8,4,24,6,0
2588,Francois-Joseph Sollacaro,Ajaccio,6.0,0,0,0,0,0,0,0,0.0,0,0,0,0,0,0,2,2
2589,Manor Solomon,Fulham,6.4,20,12,12,6,2,9,16,56.3,7,8,0,8,5,25,3,0
2590,Yann Sommer,M'Gladbach,10.0,1,0,1,0,0,1,1,100.0,0,0,0,0,0,1,8,0
2591,Yann Sommer,Bayern Munich,19.0,0,0,0,0,0,0,0,0.0,0,0,0,0,1,1,5,1
2592,Brandon Soppy,Udinese,1.0,1,1,0,1,0,0,0,0.0,0,4,0,4,1,2,1,0
2593,Brandon Soppy,Atalanta,7.1,8,5,4,4,0,3,9,33.3,6,10,0,10,3,11,7,0
2594,David Soria,Getafe,38.0,0,0,0,0,0,0,1,0.0,1,0,0,0,1,1,20,4
2595,Roberto Soriano,Bologna,14.7,31,16,9,16,6,13,25,52.0,12,23,2,21,6,37,14,0
2596,Borna Sosa,Stuttgart,21.7,27,21,18,8,1,21,32,65.6,11,20,5,15,19,46,37,0
2597,Joaquin Sosa,Bologna,7.6,6,2,5,1,0,4,18,22.2,14,5,3,2,6,12,31,0
2598,Hugo Sotelo,Celta Vigo,0.2,0,0,0,0,0,0,0,0.0,0,0,0,0,0,0,0,0
2600,Florian Sotoca,Lens,33.9,39,19,11,17,11,15,40,37.5,25,41,2,39,29,68,51,0
2601,Riccardo Sottil,Fiorentina,9.3,4,3,2,0,2,2,5,40.0,3,2,0,2,0,4,0,0
2602,Tomas Soucek,West Ham,31.3,77,37,41,29,7,28,58,48.3,30,42,17,25,53,130,71,3
2603,Matias Soule,Juventus,4.7,7,4,3,2,2,5,7,71.4,2,7,1,6,3,10,3,0
2604,Moussa Soumano,Ajaccio,5.5,2,2,0,1,1,0,6,0.0,6,2,0,2,0,2,0,0
2605,Adama Soumaoro,Bologna,20.7,25,17,11,12,2,5,7,71.4,2,18,13,5,15,40,75,1
2606,Boubakary Soumare,Leicester City,18.1,57,34,29,26,2,23,43,53.5,20,15,4,11,33,90,27,1
2607,Arnaud Souquet,Montpellier,4.0,22,16,13,7,2,11,14,78.6,3,8,3,5,4,26,4,0
2608,Dyego Sousa,Almería,5.9,10,6,5,4,1,4,5,80.0,1,4,2,2,1,11,14,0
2609,Harry Souttar,Leicester City,11.0,15,9,10,5,0,7,18,38.9,11,16,12,4,12,27,45,0
2610,Vinicius Souza,Espanyol,27.0,99,66,41,45,13,33,59,55.9,26,31,14,17,48,147,50,1
2611,Djibril Sow,Eint Frankfurt,29.4,41,25,13,25,3,22,44,50.0,22,22,4,18,28,69,23,0
2612,Caglar Soyuncu,Leicester City,5.9,14,9,10,4,0,7,10,70.0,3,9,8,1,7,21,30,0
2613,Kevin Spadanuda,Ajaccio,11.8,29,18,15,9,5,12,33,36.4,21,18,0,18,11,40,5,0
2614,Djed Spence,Tottenham,0.1,0,0,0,0,0,0,0,0.0,0,0,0,0,0,0,0,0
2615,Djed Spence,Rennes,6.4,14,6,8,2,4,11,18,61.1,7,10,3,7,4,18,15,0
2616,Stijn Spierings,Toulouse,34.7,95,67,37,49,9,43,101,42.6,58,49,11,38,53,148,44,0
2617,Leonardo Spinazzola,Roma,18.4,15,8,7,6,2,8,23,34.8,15,13,3,10,9,24,25,0
2618,Marco Sportiello,Atalanta,14.9,1,0,1,0,0,1,3,33.3,2,0,0,0,0,1,2,0
2619,Jack Stacey,Bournemouth,3.3,5,4,3,1,1,2,5,40.0,3,3,1,2,5,10,15,0
2620,Anton Stach,Mainz 05,23.0,27,21,10,15,2,16,38,42.1,22,28,2,26,41,68,25,0
2621,Kostas Stafylidis,Bochum,11.6,27,16,13,8,6,10,24,41.7,14,21,8,13,20,47,31,1
2622,Jens Stage,Werder Bremen,20.6,34,17,15,18,1,10,37,27.0,27,34,11,23,16,50,37,0
2623,Veit Stange,Hertha BSC,0.1,1,1,1,0,0,1,1,100.0,0,0,0,0,0,1,0,0
2624,Josip Stanisic,Bayern Munich,6.4,19,11,14,2,3,12,17,70.6,5,9,1,8,7,26,11,3
2626,Junior Stanislas,Bournemouth,0.7,0,0,0,0,0,0,0,0.0,0,2,1,1,0,0,0,0
2627,Jay Stansfield,Fulham,1.0,0,0,0,0,0,0,2,0.0,2,4,1,3,1,1,1,0
2628,Niklas Stark,Werder Bremen,23.1,56,36,29,24,3,27,42,64.3,15,24,13,11,37,93,110,0
2629,Jason Steele,Brighton,15.0,0,0,0,0,0,0,1,0.0,1,0,0,0,0,0,6,1
2630,Calvin Stengs,Nice,2.4,2,2,1,0,1,1,2,50.0,1,0,0,0,0,2,0,0
2631,Pascal Stenzel,Stuttgart,3.7,12,8,8,4,0,5,9,55.6,4,9,2,7,5,17,6,0
2632,Jack Stephens,Southampton,0.5,2,2,2,0,0,1,1,100.0,0,1,1,0,1,3,2,0
2633,Jack Stephens,Bournemouth,13.0,15,11,10,4,1,6,10,60.0,4,23,16,7,16,31,53,0
2634,Raheem Sterling,Chelsea,21.0,18,10,5,4,9,8,14,57.1,6,17,0,17,2,20,5,0
2635,Angelo Stiller,Hoffenheim,7.8,26,12,9,13,4,8,12,66.7,4,12,2,10,10,36,14,0
2636,Lars Stindl,M'Gladbach,19.3,24,14,4,17,3,10,28,35.7,18,24,5,19,11,35,19,0
2637,Kevin Stoger,Bochum,28.9,84,45,38,32,14,31,94,33.0,63,27,4,23,26,110,21,1
2638,Petar Stojanovic,Empoli,17.0,42,22,28,10,4,26,43,60.5,17,17,5,12,11,53,55,0
2639,John Stones,Manchester City,20.5,23,13,11,8,4,7,10,70.0,3,17,10,7,9,32,40,0
2640,Jorgen Strand Larsen,Celta Vigo,18.9,15,7,3,5,7,7,30,23.3,23,14,5,9,3,18,24,0
2641,Tony Strata,Ajaccio,1.5,4,3,4,0,0,4,5,80.0,1,2,0,2,1,5,7,0
2642,Gabriel Strefezza,Lecce,27.1,50,24,18,20,12,27,53,50.9,26,36,3,33,16,66,15,0
2643,David Strelec,Spezia,1.9,2,2,0,1,1,2,2,100.0,0,0,0,0,0,2,0,0
2644,Pascal Struijk,Leeds United,24.4,84,57,43,31,10,49,75,65.3,26,32,12,20,32,116,70,1
2645,Cristhian Stuani,Girona,12.1,13,6,2,7,4,5,14,35.7,9,10,0,10,2,15,5,0
2646,Damian Suarez,Getafe,21.6,49,33,23,19,7,26,48,54.2,22,40,0,40,15,64,36,0
2647,Denis Suarez,Espanyol,10.5,26,20,12,12,2,13,45,28.9,32,11,1,10,5,31,4,0
2648,Mario Suarez,Rayo Vallecano,0.1,0,0,0,0,0,0,0,0.0,0,1,0,1,0,0,0,0
2649,Gabriel Suazo,Toulouse,14.0,38,22,20,15,3,29,63,46.0,34,21,5,16,22,60,24,1
2650,Isaac Success,Udinese,20.2,8,4,2,5,1,3,8,37.5,5,13,2,11,4,12,18,0
2652,Niklas Sule,Dortmund,23.5,25,19,18,3,4,14,23,60.9,9,28,19,9,17,42,53,0
2653,Ibrahim Sulemana,Hellas Verona,7.2,19,13,10,7,2,6,12,50.0,6,8,2,6,14,33,15,0
2654,Kamaldeen Sulemana,Southampton,10.7,15,9,4,7,4,4,14,28.6,10,16,0,16,6,21,6,0
2655,Kamaldeen Sulemana,Rennes,3.6,6,3,1,4,1,1,5,20.0,4,2,0,2,4,10,2,0
2656,Crysencio Summerville,Leeds United,15.8,30,20,14,14,2,11,23,47.8,12,20,2,18,13,43,11,0
2657,Ivan Sunjic,Hertha BSC,11.0,38,20,16,21,1,16,24,66.7,8,17,5,12,13,51,19,1
2658,Sam Surridge,Nott'ham Forest,3.6,5,0,1,3,1,1,4,25.0,3,5,2,3,0,5,7,0
2659,Suso,Sevilla,11.8,16,10,5,7,4,10,22,45.5,12,7,1,6,2,18,3,0
2660,Yuito Suzuki,Strasbourg,0.4,0,0,0,0,0,0,0,0.0,0,3,0,3,0,0,0,0
2661,Mattias Svanberg,Wolfsburg,20.4,25,16,8,16,1,10,30,33.3,20,27,5,22,21,46,25,1
2662,Mile Svilar,Roma,3.0,0,0,0,0,0,0,0,0.0,0,0,0,0,0,0,1,0
2663,Williot Swedberg,Celta Vigo,0.6,3,1,1,0,2,0,0,0.0,0,2,0,2,0,3,1,0
2664,Issiaga Sylla,Montpellier,14.5,28,16,19,8,1,15,31,48.4,16,19,3,16,32,60,35,0
2665,Issiaga Sylla,Toulouse,15.2,28,15,14,9,5,15,34,44.1,19,15,5,10,38,66,38,0
2666,Wojciech Szczesny,Juventus,27.5,1,0,1,0,0,0,1,0.0,1,0,0,0,0,1,7,0
2667,Dominik Szoboszlai,RB Leipzig,27.2,45,28,12,20,13,17,42,40.5,25,43,2,41,17,62,27,0
2668,Alexander Sorloth,Real Sociedad,26.5,18,9,3,6,9,7,14,50.0,7,15,1,14,2,20,26,1
2669,Alexander Sorloth,RB Leipzig,0.1,0,0,0,0,0,0,0,0.0,0,0,0,0,0,0,0,0
2670,Nicolas Tagliafico,Lyon,33.2,91,53,36,41,14,50,78,64.1,28,45,11,34,57,148,47,0
2671,Jonathan Tah,Leverkusen,27.6,25,12,21,4,0,12,18,66.7,6,30,18,12,40,65,118,0
2672,Benjamin Tahirovic,Roma,3.9,8,5,5,2,1,4,12,33.3,8,9,4,5,3,11,3,0
2673,Waniss Taibi,Angers,2.1,9,5,4,4,1,2,4,50.0,2,1,0,1,2,11,2,0
2674,Flavien Tait,Rennes,18.7,30,15,8,17,5,19,42,45.2,23,16,4,12,20,50,12,0
2675,Montassar Talbi,Lorient,38.0,53,25,40,13,0,22,35,62.9,13,55,34,21,40,93,190,3
2676,Thibault Tamas,Montpellier,0.1,0,0,0,0,0,0,0,0.0,0,0,0,0,1,1,0,0
2678,Adrien Tameze,Hellas Verona,33.7,51,30,21,26,4,28,63,44.4,35,51,14,37,37,88,55,2
2679,Japhet Tanganga,Tottenham,1.6,3,2,3,0,0,1,5,20.0,4,1,0,1,2,5,8,0
2680,Renato Tapia,Celta Vigo,16.1,47,25,21,21,5,18,37,48.6,19,29,11,18,19,66,37,0
2681,Edmond Tapsoba,Leverkusen,31.9,51,30,35,12,4,30,42,71.4,12,40,17,23,36,87,109,1
2682,Florian Tardieu,Troyes,11.2,31,20,19,12,0,12,31,38.7,19,19,4,15,23,54,15,0
2683,Matt Targett,Newcastle Utd,6.8,13,10,8,3,2,9,24,37.5,15,8,3,5,9,22,16,0
2684,James Tarkowski,Everton,38.0,51,26,36,13,2,20,38,52.6,18,99,78,21,51,102,201,3
2685,Ciprian Tatarusanu,Milan,16.0,0,0,0,0,0,0,0,0.0,0,0,0,0,1,1,2,0
2686,Niklas Tauer,Mainz 05,1.0,2,1,2,0,0,1,3,33.3,2,2,1,1,2,4,4,0
2687,Nuno Tavares,Marseille,26.1,56,30,19,24,13,28,55,50.9,27,32,4,28,15,71,25,0
2688,Marcus Tavernier,Bournemouth,19.4,33,22,19,11,3,11,32,34.4,21,25,4,21,9,42,23,0
2689,Enzo Tchato,Montpellier,12.2,26,17,14,11,1,13,22,59.1,9,17,2,15,7,33,33,0
2690,Aurelien Tchouameni,Real Madrid,23.5,64,40,23,36,5,23,38,60.5,15,20,6,14,49,113,50,0
2691,Mathys Tel,Bayern Munich,4.6,2,2,0,1,1,1,1,100.0,0,5,1,4,0,2,2,0
2692,Semir Telalovic,M'Gladbach,0.1,0,0,0,0,0,0,0,0.0,0,0,0,0,0,0,0,0
2693,Alex Telles,Sevilla,15.9,21,13,15,6,0,13,25,52.0,12,17,5,12,20,41,38,0
2694,Marc-Andre ter Stegen,Barcelona,37.2,0,0,0,0,0,0,0,0.0,0,0,0,0,1,1,7,3
2695,Simon Terodde,Schalke 04,20.3,15,8,4,7,4,3,14,21.4,11,6,2,4,6,21,9,0
2696,Filippo Terracciano,Hellas Verona,9.1,20,13,11,7,2,15,20,75.0,5,7,4,3,10,30,14,0
2697,Pietro Terracciano,Fiorentina,29.0,2,1,2,0,0,2,3,66.7,1,0,0,0,1,3,14,0
2698,Ramon Terrats,Villarreal,9.1,15,10,3,8,4,9,17,52.9,8,11,4,7,8,23,6,2
2699,Ramon Terrats,Girona,2.4,4,2,1,3,0,2,6,33.3,4,6,2,4,3,7,3,1
2700,Martin Terrier,Rennes,14.7,25,11,7,9,9,13,24,54.2,11,15,2,13,14,39,6,0
2701,Aleksa Terzic,Fiorentina,10.4,16,9,9,4,3,11,21,52.4,10,13,4,9,5,21,16,0
2702,Tete,Leicester City,8.2,14,8,5,7,2,6,21,28.6,15,9,0,9,2,16,3,0
2704,Tete,Lyon,12.3,21,10,8,5,8,10,19,52.6,9,9,0,9,13,34,2,0
2705,Kenny Tete,Fulham,28.5,83,46,41,29,13,38,50,76.0,12,48,17,31,52,135,81,1
2706,Florian Thauvin,Udinese,6.1,2,1,0,2,0,2,13,15.4,11,5,0,5,2,4,2,0
2707,Arthur Theate,Rennes,34.7,29,19,17,8,4,17,30,56.7,13,26,14,12,30,59,114,3
2708,Malick Thiaw,Milan,15.1,31,26,22,9,0,11,20,55.0,9,11,5,6,12,43,65,1
2709,Malick Thiaw,Schalke 04,3.0,3,1,2,1,0,1,2,50.0,1,4,3,1,9,12,24,1
2710,Jan Thielmann,Köln,9.7,9,8,3,4,2,2,11,18.2,9,16,3,13,9,18,7,0
2711,Sada Thioub,Angers,11.8,19,10,9,8,2,8,17,47.1,9,13,0,13,7,26,5,1
2712,Luke Thomas,Leicester City,11.9,23,19,15,5,3,15,32,46.9,17,20,4,16,27,50,35,0
2713,Adrien Thomasson,Strasbourg,10.4,19,9,8,6,5,9,30,30.0,21,18,0,18,3,22,2,0
2714,Adrien Thomasson,Lens,14.2,24,17,8,11,5,12,45,26.7,33,25,2,23,4,28,17,0
2715,Morten Thorsby,Union Berlin,9.3,22,10,9,11,2,13,21,61.9,8,11,5,6,3,25,20,0
2716,Kristian Thorstvedt,Sassuolo,12.6,16,7,4,9,3,6,17,35.3,11,19,5,14,14,30,13,0
2717,Khephren Thuram,Nice,28.3,51,25,22,23,6,19,43,44.2,24,33,13,20,38,89,34,0
2718,Marcus Thuram,M'Gladbach,27.9,14,7,3,6,5,6,13,46.2,7,20,3,17,6,20,22,0
2719,Alexis Tibidi,Troyes,0.8,1,1,1,0,0,0,0,0.0,0,0,0,0,0,1,0,0
2720,Youri Tielemans,Leicester City,26.0,66,39,27,30,9,23,61,37.7,38,35,8,27,28,94,24,1
2721,Kieran Tierney,Arsenal,8.8,20,11,9,9,2,12,16,75.0,4,8,2,6,11,31,25,0
2722,Steffen Tigges,Köln,17.7,12,7,1,8,3,4,14,28.6,10,13,2,11,8,20,17,0
2723,Jean-Clair Todibo,Nice,31.9,76,48,54,19,3,41,56,73.2,15,41,19,22,41,117,110,2
2724,Harry Toffolo,Nott'ham Forest,10.4,17,8,10,4,3,10,14,71.4,4,16,8,8,10,27,33,0
2725,Umut Tohumcu,Hoffenheim,3.0,10,5,4,5,1,3,9,33.3,6,4,0,4,2,12,8,0
2726,Karl Toko Ekambi,Rennes,10.8,3,1,1,1,1,3,9,33.3,6,5,0,5,9,12,3,0
2727,Karl Toko Ekambi,Lyon,15.0,9,9,2,4,3,4,15,26.7,11,12,2,10,9,18,6,0
2728,Corentin Tolisso,Lyon,22.6,44,27,16,23,5,25,66,37.9,41,25,5,20,24,68,23,1
2730,Jeremy Toljan,Sassuolo,29.7,36,23,17,14,5,22,33,66.7,11,31,14,17,18,54,60,1
2731,Rafael Toloi,Atalanta,30.9,69,44,37,32,0,35,64,54.7,29,42,18,24,57,126,88,1
2732,Raul de Tomas,Rayo Vallecano,8.9,3,2,0,1,2,2,6,33.3,4,4,0,4,0,3,6,0
2733,Tiago Tomas,Stuttgart,14.3,10,4,2,4,4,8,13,61.5,5,9,2,7,1,11,5,0
2734,Takehiro Tomiyasu,Arsenal,7.4,27,18,12,10,5,13,18,72.2,5,7,0,7,14,41,15,1
2735,James Tomkins,Crystal Palace,3.8,4,2,2,1,1,1,3,33.3,2,3,2,1,5,9,19,0
2736,Fikayo Tomori,Milan,30.7,70,34,44,25,1,22,34,64.7,12,46,25,21,29,99,88,1
2737,Sandro Tonali,Milan,30.1,64,41,35,24,5,27,44,61.4,17,34,9,25,25,89,26,1
2738,Lorenzo Tonelli,Empoli,0.2,0,0,0,0,0,0,1,0.0,1,0,0,0,0,0,0,0
2739,Ivan Toney,Brentford,32.8,23,13,4,9,10,7,23,30.4,16,24,9,15,14,37,36,0
2740,Pablo Torre,Barcelona,1.6,2,1,0,1,1,2,4,50.0,2,1,0,1,2,4,1,0
2741,David Torres,Valladolid,4.3,1,1,0,1,0,1,1,100.0,0,4,2,2,3,4,8,0
2742,Ferran Torres,Barcelona,15.5,13,7,4,5,4,5,20,25.0,15,11,2,9,3,16,5,0
2743,Oliver Torres,Sevilla,23.7,39,23,12,13,14,18,59,30.5,41,26,5,21,10,49,10,0
2744,Pau Torres,Villarreal,33.9,43,25,25,13,5,23,36,63.9,13,36,27,9,13,56,146,3
2745,Roberto Torres,Osasuna,0.1,0,0,0,0,0,0,0,0.0,0,0,0,0,0,0,0,0
2746,Lucas Torro,Osasuna,27.5,48,32,28,15,5,18,42,42.9,24,24,3,21,42,90,64,1
2747,Nabil Touaizi,Espanyol,0.0,0,0,0,0,0,0,0,0.0,0,0,0,0,0,0,0,0
2748,Almamy Toure,Eint Frankfurt,4.4,13,7,7,5,1,5,9,55.6,4,9,2,7,10,23,8,0
2749,Birama Toure,Auxerre,37.8,80,47,35,35,10,34,93,36.6,59,54,9,45,67,147,49,0
2750,Mohamed Toure,Reims,0.3,0,0,0,0,0,0,0,0.0,0,0,0,0,0,0,0,0
2751,Souleymane Toure,Marseille,0.8,2,1,1,1,0,1,2,50.0,1,1,0,1,0,2,5,0
2752,Souleymane Toure,Auxerre,17.6,29,13,19,9,1,16,20,80.0,4,32,12,20,26,55,56,1
2753,Lucas Tousart,Hertha BSC,32.7,73,38,35,28,10,27,60,45.0,33,42,6,36,48,121,75,1
2754,Yoann Touzghar,Ajaccio,5.0,3,2,0,2,1,0,1,0.0,1,0,0,0,0,3,1,0
2756,Adama Traore,Wolves,16.6,14,7,7,4,3,4,9,44.4,5,8,1,7,3,17,17,0
2757,Bertrand Traore,Aston Villa,2.6,1,1,1,0,0,1,4,25.0,3,5,0,5,2,3,0,0
2758,Boubacar Traore,Wolves,4.6,12,5,4,5,3,3,7,42.9,4,4,2,2,7,19,1,0
2759,Charles Traore,Nantes,5.4,8,5,5,2,1,5,7,71.4,2,9,2,7,10,18,12,0
2760,Hamari Traore,Rennes,28.1,48,32,26,15,7,28,52,53.8,24,33,7,26,38,86,64,0
2761,Kevin Trapp,Eint Frankfurt,33.0,1,1,1,0,0,0,2,0.0,2,2,0,2,0,1,10,0
2762,Mark Travers,Bournemouth,11.5,0,0,0,0,0,0,0,0.0,0,1,0,1,0,0,6,0
2763,Oscar Trejo,Rayo Vallecano,23.8,48,32,12,23,13,9,44,20.5,35,31,3,28,8,56,8,1
2764,Manu Trigueros,Villarreal,9.2,20,14,9,5,6,9,22,40.9,13,9,2,7,5,25,4,0
2765,Christopher Trimmel,Union Berlin,20.1,31,16,16,12,3,20,31,64.5,11,14,1,13,25,56,48,0
2766,Theo Trinker,Nice,0.0,0,0,0,0,0,0,0,0.0,0,0,0,0,0,0,0,0
2767,Kieran Trippier,Newcastle Utd,37.1,71,49,36,27,8,46,90,51.1,44,45,15,30,43,114,84,2
2768,William Troost-Ekong,Salernitana,4.9,11,3,7,4,0,6,7,85.7,1,7,4,3,6,17,10,0
2769,Leandro Trossard,Arsenal,10.3,12,7,4,2,6,6,18,33.3,12,18,0,18,6,18,3,1
2770,Leandro Trossard,Brighton,14.6,10,6,7,1,2,1,8,12.5,7,17,0,17,6,16,1,0
2771,Adrien Truffert,Rennes,21.7,62,32,36,17,9,31,46,67.4,15,32,8,24,22,84,55,0
2772,Frank Tsadjout,Cremonese,11.7,10,8,3,6,1,3,9,33.3,6,7,1,6,8,18,9,0
2773,Kostas Tsimikas,Liverpool,8.6,14,9,10,2,2,10,16,62.5,6,8,1,7,12,26,15,0
2774,Theocharis Tsingaras,Toulouse,0.1,0,0,0,0,0,0,0,0.0,0,0,0,0,0,0,0,0
2775,Viktor Tsyhankov,Girona,16.5,8,8,5,1,2,1,14,7.1,13,13,2,11,7,15,12,0
2776,Alessandro Tuia,Lecce,5.7,10,6,6,4,0,3,9,33.3,6,3,1,2,15,25,29,0
2777,Martin Turk,Sampdoria,4.0,0,0,0,0,0,0,0,0.0,0,0,0,0,0,0,1,0
2778,Benat Turrientes,Real Sociedad,1.2,3,3,3,0,0,1,5,20.0,4,2,0,2,0,3,3,0
2779,Tuta,Eint Frankfurt,30.2,53,35,27,19,7,33,57,57.9,24,47,14,33,49,102,134,2
2780,Destiny Udogie,Udinese,30.0,71,45,42,24,5,34,59,57.6,25,34,6,28,36,107,25,0
2782,Ike Ugbo,Troyes,9.9,5,2,2,2,1,3,11,27.3,8,8,2,6,2,7,4,0
2783,Lesley Ugochukwu,Rennes,14.8,36,19,13,20,3,16,24,66.7,8,24,10,14,21,57,16,0
2784,Samir Ujkani,Empoli,0.1,0,0,0,0,0,0,0,0.0,0,0,0,0,0,0,0,0
2785,Sven Ulreich,Bayern Munich,3.0,1,1,1,0,0,1,1,100.0,0,0,0,0,0,1,0,1
2786,Lauren Ulrich,Stuttgart,0.1,1,1,0,0,1,0,0,0.0,0,0,0,0,0,1,0,0
2787,Samuel Umtiti,Lecce,23.5,52,34,25,25,2,18,26,69.2,8,26,14,12,26,78,79,0
2788,Enes Unal,Getafe,33.0,26,14,5,19,2,7,25,28.0,18,19,2,17,6,32,35,0
2789,Deniz Undav,Brighton,7.0,7,4,2,2,3,2,8,25.0,6,4,1,3,0,7,1,0
2790,Cengiz Under,Marseille,27.7,37,19,15,13,9,13,34,38.2,21,18,2,16,18,55,13,0
2791,Dayot Upamecano,Bayern Munich,26.1,65,37,43,22,0,28,45,62.2,17,26,6,20,27,92,71,4
2792,Filip Uremovic,Hertha BSC,19.2,38,23,29,8,1,14,22,63.6,8,18,13,5,36,74,88,2
2793,Oscar Urena,Girona,1.1,4,2,2,2,0,2,3,66.7,1,2,0,2,1,5,0,0
2794,Jere Uronen,Brest,3.3,8,5,4,4,0,7,12,58.3,5,6,2,4,7,15,5,0
2795,Jere Uronen,Schalke 04,7.5,14,10,6,6,2,6,10,60.0,4,5,2,3,8,22,13,0
2796,Mark Uth,Köln,0.5,0,0,0,0,0,0,0,0.0,0,0,0,0,0,0,0,0
2797,Josha Vagnoman,Stuttgart,16.4,26,15,12,11,3,15,27,55.6,12,20,2,18,8,34,29,1
2798,Diego Valencia,Salernitana,2.6,8,5,4,2,2,2,9,22.2,7,10,1,9,1,9,2,0
2799,Oscar Valentin,Rayo Vallecano,28.4,92,51,29,50,13,46,121,38.0,75,60,9,51,44,136,30,0
2800,Emanuele Valeri,Cremonese,30.9,54,27,29,21,4,29,69,42.0,40,17,3,14,22,76,44,1
2801,Yan Valery,Southampton,0.5,0,0,0,0,0,0,0,0.0,0,1,0,1,0,0,3,0
2802,Yan Valery,Angers,27.7,54,39,28,20,6,20,37,54.1,17,35,15,20,34,88,82,0
2803,Martin Valjent,Mallorca,29.5,35,27,22,12,1,19,28,67.9,9,39,21,18,29,64,137,0
2804,Jesus Vallejo,Real Madrid,0.2,0,0,0,0,0,0,0,0.0,0,0,0,0,0,0,0,0
2805,Manu Vallejo,Girona,2.3,4,1,1,2,1,1,6,16.7,5,2,0,2,1,5,3,0
2806,Mattia Valoti,Monza,5.0,17,10,7,9,1,5,16,31.3,11,13,3,10,3,20,6,0
2808,Federico Valverde,Real Madrid,27.8,31,20,14,11,6,13,26,50.0,13,31,4,27,17,48,15,0
2809,Virgil van Dijk,Liverpool,31.5,27,14,13,11,3,8,19,42.1,11,24,16,8,31,58,138,2
2810,Vanderson,Monaco,24.6,84,48,36,34,14,44,75,58.7,31,36,9,27,48,132,36,1
2811,Raphael Varane,Manchester Utd,21.2,24,9,18,6,0,7,17,41.2,10,24,17,7,11,35,91,0
2812,Jamie Vardy,Leicester City,20.6,10,5,4,3,3,1,7,14.3,6,17,3,14,2,12,30,0
2813,Ruben Vargas,Augsburg,12.6,15,7,6,7,2,5,11,45.5,6,8,2,6,6,21,16,1
2814,Johan Vasquez,Cremonese,20.1,41,26,34,7,0,18,39,46.2,21,27,20,7,45,86,93,1
2815,Jesus Vazquez,Valencia,3.4,13,8,9,1,3,6,11,54.5,5,4,0,4,1,14,8,0
2816,Kevin Vazquez,Celta Vigo,4.9,13,8,5,7,1,8,12,66.7,4,4,1,3,2,15,8,0
2817,Lucas Vazquez,Real Madrid,12.7,34,23,22,10,2,20,28,71.4,8,10,0,10,7,41,13,0
2818,Matias Vecino,Lazio,18.8,47,27,13,23,11,23,48,47.9,25,33,10,23,16,63,39,1
2819,Gabriel Veiga,Celta Vigo,25.5,43,19,14,25,4,16,52,30.8,36,30,3,27,21,64,6,0
2820,Renato Veiga,Augsburg,7.1,9,6,4,3,2,7,9,77.8,2,20,6,14,7,16,29,1
2821,Milos Veljkovic,Werder Bremen,25.2,30,19,17,13,0,18,29,62.1,11,32,16,16,33,63,103,0
2822,Miguel Veloso,Hellas Verona,12.9,33,10,20,12,1,16,26,61.5,10,26,6,20,6,39,14,0
2823,Joel Veltman,Brighton,24.3,62,32,44,14,4,37,57,64.9,20,27,8,19,19,81,51,0
2824,Micky van de Ven,Wolfsburg,33.0,45,30,26,18,1,28,39,71.8,11,42,24,18,26,71,108,2
2825,Unai Vencedor Paris,Athletic Club,2.1,3,1,0,3,0,1,6,16.7,5,5,0,5,1,4,1,0
2826,Lorenzo Venuti,Fiorentina,10.3,18,7,6,11,1,11,18,61.1,7,7,2,5,5,23,17,2
2827,Daniele Verde,Spezia,11.1,4,4,3,0,1,3,7,42.9,4,6,0,6,8,12,4,0
2828,Simone Verdi,Hellas Verona,12.2,15,10,7,5,3,6,17,35.3,11,8,1,7,0,15,2,0
2829,Gonzalo Verdu,Elche,7.8,10,5,8,2,0,4,8,50.0,4,8,6,2,10,20,33,0
2830,Jordan Veretout,Marseille,31.8,56,35,17,32,7,25,53,47.2,28,22,7,15,36,92,40,2
2831,Marco Verratti,Paris S-G,24.4,76,49,34,36,6,38,89,42.7,51,42,6,36,27,103,11,3
2832,Valerio Verre,Sampdoria,7.5,14,7,6,5,3,8,17,47.1,9,9,1,8,9,23,3,0
2834,Mikel Vesga,Athletic Club,28.6,57,35,21,31,5,25,68,36.8,43,39,8,31,36,93,39,3
2835,Guglielmo Vicario,Empoli,30.9,1,1,1,0,0,1,2,50.0,1,0,0,0,0,1,15,2
2836,Joao Victor,Nantes,9.4,19,11,9,7,3,12,22,54.5,10,11,1,10,15,34,30,0
2837,Aleix Vidal,Espanyol,11.4,11,5,6,3,2,4,22,18.2,18,21,2,19,15,26,14,0
2838,Clement Vidal,Ajaccio,21.1,25,15,14,11,0,18,38,47.4,20,27,16,11,27,52,73,1
2839,Nacho Vidal,Osasuna,13.9,27,14,16,6,5,17,32,53.1,15,17,4,13,19,46,33,1
2840,Gabriel Vidovic,Bayern Munich,0.2,0,0,0,0,0,0,0,0.0,0,0,0,0,0,0,0,0
2841,Fabio Vieira,Arsenal,5.7,6,4,3,0,3,3,5,60.0,2,5,0,5,4,10,2,0
2842,Ronaldo Vieira,Torino,0.2,1,0,0,1,0,1,1,100.0,0,0,0,0,0,1,2,0
2843,Ronaldo Vieira,Sampdoria,9.1,18,10,4,12,2,10,13,76.9,3,15,5,10,13,31,10,2
2844,Emanuel Vignato,Bologna,2.7,4,4,2,2,0,2,4,50.0,2,2,0,2,3,7,0,0
2845,Emanuel Vignato,Empoli,0.6,2,0,2,0,0,0,0,0.0,0,0,0,0,0,2,1,0
2846,Samuele Vignato,Monza,0.7,0,0,0,0,0,0,0,0.0,0,1,0,1,0,0,0,0
2847,Tonny Vilhena,Salernitana,25.2,44,22,16,23,5,20,50,40.0,30,17,7,10,18,62,21,0
2848,Toni Villa,Valladolid,1.0,6,3,2,3,1,4,9,44.4,5,0,0,0,0,6,0,0
2849,Toni Villa,Girona,9.9,25,18,9,11,5,10,23,43.5,13,8,0,8,8,33,3,0
2850,Asier Villalibre,Athletic Club,1.1,0,0,0,0,0,0,0,0.0,0,0,0,0,0,0,1,0
2851,Gonzalo Villar,Sampdoria,7.7,13,7,4,8,1,7,15,46.7,8,11,3,8,4,17,9,1
2852,Gonzalo Villar,Getafe,5.1,10,5,1,6,3,6,14,42.9,8,9,2,7,6,16,5,0
2853,Ivan Villar,Celta Vigo,19.0,0,0,0,0,0,0,1,0.0,1,0,0,0,0,0,7,0
2854,Matias Vina,Bournemouth,5.1,19,11,9,8,2,14,30,46.7,16,13,1,12,4,23,22,0
2855,Matias Vina,Roma,0.6,3,1,1,1,1,1,3,33.3,2,5,1,4,2,5,5,0
2856,Ruben Vinagre,Everton,0.3,2,2,1,1,0,1,2,50.0,1,0,0,0,0,2,1,0
2857,Carlos Vinicius,Fulham,12.3,4,1,0,2,2,0,4,0.0,4,7,0,7,0,4,10,0
2858,Alan Virginius,Lille,2.9,3,2,1,1,1,0,4,0.0,4,0,0,0,2,5,1,0
2860,Mattia Viti,Nice,7.0,4,2,1,1,2,2,5,40.0,3,9,3,6,8,12,22,0
2861,Vitinha,Marseille,5.2,15,7,0,6,9,3,11,27.3,8,3,0,3,2,17,6,0
2862,Vitinha,Paris S-G,27.2,58,25,21,27,10,27,83,32.5,56,27,4,23,25,83,15,0
2863,Daniel Vivian,Athletic Club,26.4,57,32,36,16,5,36,45,80.0,9,27,14,13,24,81,90,3
2864,Dusan Vlahovic,Juventus,21.4,11,6,0,7,4,4,10,40.0,6,10,3,7,3,14,8,1
2865,Nikola Vlasic,Torino,30.3,32,21,9,16,7,15,34,44.1,19,25,2,23,10,42,14,0
2866,Joel Voelkerling Persson,Lecce,1.1,1,1,0,0,1,0,1,0.0,1,1,0,1,0,1,0,0
2867,Kevin Vogt,Hoffenheim,19.7,15,10,10,5,0,9,22,40.9,13,18,11,7,26,41,67,0
2868,Mergim Vojvoda,Torino,19.1,22,12,15,6,1,12,24,50.0,12,14,2,12,10,32,31,1
2869,Kevin Volland,Monaco,7.1,8,4,1,5,2,2,8,25.0,6,8,0,8,2,10,0,0
2870,Cristian Volpato,Roma,2.5,3,2,1,1,1,0,2,0.0,2,2,0,2,2,5,0,0
2871,Lukas Vorlicky,Atalanta,0.3,0,0,0,0,0,0,0,0.0,0,0,0,0,1,1,0,0
2872,Aster Vranckx,Milan,2.7,3,2,0,2,1,2,7,28.6,5,3,1,2,2,5,1,0
2873,Aster Vranckx,Wolfsburg,0.1,0,0,0,0,0,0,0,0.0,0,0,0,0,0,0,1,0
2874,Stefan de Vrij,Inter,21.6,28,18,19,9,0,8,14,57.1,6,18,10,8,40,68,80,0
2875,Robert Wagner,Freiburg,0.4,0,0,0,0,0,0,0,0.0,0,2,0,2,0,0,2,0
2876,Elye Wahi,Montpellier,27.9,9,3,2,3,4,5,14,35.7,9,14,2,12,3,12,5,0
2877,Walace,Udinese,35.4,82,39,42,31,9,41,90,45.6,49,47,12,35,51,133,51,1
2878,Theo Walcott,Southampton,12.5,13,6,8,4,1,8,27,29.6,19,8,1,7,9,22,7,0
2879,Luca Waldschmidt,Wolfsburg,5.8,5,2,2,1,2,2,10,20.0,8,6,0,6,3,8,5,0
2880,Kyle Walker,Manchester City,21.8,13,9,8,5,0,4,24,16.7,20,12,2,10,18,31,22,0
2881,Kyle Walker-Peters,Southampton,29.4,61,32,34,24,3,22,42,52.4,20,47,8,39,27,88,52,0
2882,Sebastian Walukiewicz,Empoli,6.7,9,6,7,2,0,4,6,66.7,2,10,9,1,7,16,30,0
2883,Aaron Wan-Bissaka,Manchester Utd,15.9,40,25,20,17,3,23,25,92.0,2,24,8,16,22,62,41,0
2884,Paul Wanner,Bayern Munich,0.3,3,1,1,2,0,1,1,100.0,0,0,0,0,0,3,1,0
2886,Danny Ward,Leicester City,26.0,1,1,1,0,0,1,3,33.3,2,0,0,0,0,1,14,2
2887,Joel Ward,Crystal Palace,25.1,50,36,30,11,9,30,41,73.2,11,32,16,16,25,75,80,1
2888,James Ward-Prowse,Southampton,37.5,65,37,31,27,7,21,61,34.4,40,30,10,20,55,120,48,0
2889,Ollie Watkins,Aston Villa,34.7,19,13,3,13,3,10,27,37.0,17,21,4,17,10,29,39,0
2890,Timothy Weah,Lille,19.4,24,14,13,9,2,16,29,55.2,13,17,3,14,23,47,18,0
2891,Adam Webster,Brighton,22.1,22,12,10,9,3,11,19,57.9,8,30,19,11,19,41,55,4
2892,Wout Weghorst,Manchester Utd,8.9,11,5,6,1,4,2,9,22.2,7,7,2,5,7,18,9,0
2893,Julian Weigl,M'Gladbach,21.0,43,16,21,21,1,23,41,56.1,18,23,2,21,18,61,32,0
2894,Nelson Weiper,Mainz 05,1.1,2,0,0,0,2,1,3,33.3,2,2,0,2,0,2,1,0
2895,Mitchell Weiser,Werder Bremen,28.0,71,43,38,24,9,38,75,50.7,37,50,7,43,28,99,38,1
2896,Noah Weisshaupt,Freiburg,4.7,11,6,3,7,1,2,7,28.6,5,4,0,4,6,17,8,0
2897,Shon Weissman,Valladolid,8.3,2,1,1,1,0,0,4,0.0,4,8,0,8,1,3,7,0
2898,Danny Welbeck,Brighton,20.6,15,7,0,7,8,4,11,36.4,7,24,2,22,5,20,20,0
2899,Marcel Wenig,Eint Frankfurt,0.0,0,0,0,0,0,0,0,0.0,0,0,0,0,0,0,0,0
2900,Axel Werner,Elche,2.0,0,0,0,0,0,0,1,0.0,1,0,0,0,0,0,0,0
2901,Timo Werner,RB Leipzig,21.5,10,5,4,3,3,4,12,33.3,8,12,0,12,7,17,5,0
2902,Ben White,Arsenal,33.9,60,31,23,30,7,42,70,60.0,28,47,11,36,22,82,79,1
2903,Harvey White,Tottenham,0.1,0,0,0,0,0,0,1,0.0,1,0,0,0,0,0,0,0
2904,Joseph Whitworth,Crystal Palace,2.0,0,0,0,0,0,0,0,0.0,0,0,0,0,0,0,1,0
2905,Silvan Widmer,Mainz 05,18.8,26,17,15,10,1,20,39,51.3,19,22,8,14,31,57,28,0
2906,Mateusz Wieteska,Clermont Foot,34.6,41,23,28,13,0,19,33,57.6,14,44,28,16,56,97,97,4
2907,Georginio Wijnaldum,Roma,8.5,4,3,1,3,0,0,2,0.0,2,7,1,6,2,6,3,0
2908,Inaki Williams,Athletic Club,31.5,22,16,5,14,3,9,24,37.5,15,18,3,15,7,29,34,0
2909,Neco Williams,Nott'ham Forest,20.9,72,47,49,17,6,38,71,53.5,33,33,8,25,33,105,48,0
2910,Nico Williams,Athletic Club,29.5,31,16,10,15,6,19,41,46.3,22,40,2,38,8,39,14,1
2912,Willian,Fulham,23.6,13,8,8,3,2,7,25,28.0,18,13,0,13,9,22,9,0
2913,Joe Willock,Newcastle Utd,28.4,51,30,13,26,12,25,58,43.1,33,54,8,46,25,76,17,0
2914,Callum Wilson,Newcastle Utd,20.9,9,3,0,8,1,0,3,0.0,3,8,0,8,1,10,5,0
2915,Harry Wilson,Fulham,12.2,21,13,9,9,3,8,18,44.4,10,17,2,15,6,27,14,0
2916,Patrick Wimmer,Wolfsburg,18.3,39,26,18,11,10,12,38,31.6,26,27,2,25,15,54,15,0
2917,Jonas Wind,Wolfsburg,14.3,14,6,2,7,5,5,10,50.0,5,14,4,10,1,15,10,0
2918,Harry Winks,Sampdoria,19.1,27,12,7,18,2,14,43,32.6,29,14,8,6,24,51,24,0
2919,Frederik Winther,Augsburg,1.0,2,2,1,1,0,0,2,0.0,2,1,1,0,0,2,7,0
2920,Florian Wirtz,Leverkusen,12.1,18,10,9,7,2,8,16,50.0,8,15,1,14,1,19,6,0
2921,Przemyslaw Wisniewski,Spezia,11.1,13,6,7,6,0,6,18,33.3,12,16,8,8,11,24,66,0
2922,Yoane Wissa,Brentford,17.8,17,12,4,7,6,6,13,46.2,7,10,0,10,6,23,15,0
2923,Axel Witsel,Atlético Madrid,25.1,36,22,22,11,3,17,31,54.8,14,20,11,9,23,59,76,0
2924,Maximilian Wober,Leeds United,14.1,25,18,9,15,1,16,24,66.7,8,32,14,18,27,52,67,1
2925,Hannes Wolf,M'Gladbach,5.0,11,8,4,5,2,5,13,38.5,8,3,0,3,3,14,9,0
2926,Marius Wolf,Dortmund,17.4,25,18,9,12,4,16,29,55.2,13,40,10,30,18,43,22,1
2927,Jeong Woo-yeong,Freiburg,7.3,7,3,4,2,1,2,5,40.0,3,7,1,6,1,8,7,0
2928,Chris Wood,Newcastle Utd,5.0,5,4,0,3,2,3,5,60.0,2,2,2,0,1,6,7,0
2929,Chris Wood,Nott'ham Forest,4.1,0,0,0,0,0,0,1,0.0,1,2,1,1,1,1,2,0
2930,Christopher Wooh,Rennes,11.2,16,7,8,8,0,9,11,81.8,2,11,5,6,6,22,49,0
2931,Christopher Wooh,Lens,0.0,0,0,0,0,0,0,1,0.0,1,0,0,0,0,0,1,0
2932,Joe Worrall,Nott'ham Forest,24.7,53,25,39,12,2,25,35,71.4,10,33,23,10,26,79,111,1
2933,Xeka,Rennes,6.1,10,3,6,3,1,7,16,43.8,9,11,2,9,6,16,8,0
2934,Granit Xhaka,Arsenal,33.3,34,27,11,18,5,16,41,39.0,25,28,10,18,15,49,45,1
2935,Lamine Yamal,Barcelona,0.1,0,0,0,0,0,0,0,0.0,0,0,0,0,0,0,0,0
2936,Jawad El Yamiq,Valladolid,17.9,17,11,10,7,0,6,11,54.5,5,27,19,8,37,54,101,0
2938,Ryan Yates,Nott'ham Forest,20.4,38,19,19,16,3,14,22,63.6,8,26,8,18,10,48,44,0
2939,Yusuf Yazici,Lille,2.2,0,0,0,0,0,0,0,0.0,0,2,0,2,0,0,1,0
2940,Kelvin Yeboah,Augsburg,3.9,6,4,2,4,0,2,5,40.0,3,7,0,7,1,7,2,0
2941,Gerard Yepes,Sampdoria,2.2,5,3,2,3,0,1,3,33.3,2,3,0,3,4,9,3,0
2942,Darlin Yongwa,Lorient,8.7,13,11,7,5,1,4,15,26.7,11,13,1,12,5,18,11,0
2943,Leny Yoro,Lille,8.5,11,5,8,3,0,4,9,44.4,5,6,1,5,18,29,27,1
2944,Maya Yoshida,Schalke 04,28.4,34,22,19,13,2,18,29,62.1,11,40,29,11,46,80,132,2
2945,Ashley Young,Aston Villa,22.6,50,27,34,15,1,37,49,75.5,12,25,11,14,21,71,65,0
2946,Mohamed Youssouf,Ajaccio,27.3,72,44,41,24,7,38,61,62.3,23,32,8,24,65,137,70,0
2947,Illia Zabarnyi,Bournemouth,3.3,4,2,4,0,0,3,7,42.9,4,7,2,5,3,7,14,0
2948,Mattia Zaccagni,Lazio,30.8,42,28,16,18,8,14,38,36.8,24,37,3,34,21,63,10,1
2949,Dan-Axel Zagadou,Stuttgart,14.1,14,9,10,4,0,5,14,35.7,9,19,16,3,21,35,81,1
2950,Wilfried Zaha,Crystal Palace,25.4,32,20,12,12,8,8,21,38.1,13,21,1,20,16,48,9,0
2951,Warren Zaire-Emery,Paris S-G,10.3,17,10,5,10,2,8,29,27.6,21,11,0,11,12,29,17,0
2952,Denis Zakaria,Chelsea,4.6,9,5,5,2,2,2,8,25.0,6,4,1,3,3,12,10,0
2953,Denis Zakaria,Juventus,1.4,6,3,1,4,1,2,2,100.0,0,2,0,2,2,8,1,0
2954,Rodrigo Zalazar,Schalke 04,14.7,16,8,5,9,2,9,24,37.5,15,16,1,15,7,23,13,0
2955,Joseba Zaldua,Cádiz,7.1,15,8,10,4,1,7,10,70.0,3,4,2,2,11,26,22,0
2956,Nicola Zalewski,Roma,24.4,45,26,25,15,5,22,71,31.0,49,27,1,26,31,76,23,0
2957,Andre-Frank Zambo Anguissa,Napoli,33.9,53,32,16,29,8,16,64,25.0,48,50,4,46,49,102,25,0
2958,Oliver Zanden,Toulouse,1.6,2,1,1,0,1,2,5,40.0,3,0,0,0,1,3,7,0
2959,Luca Zanimacchia,Cremonese,8.3,21,13,11,6,4,8,21,38.1,13,9,0,9,9,30,5,0
2960,Nicolo Zaniolo,Roma,9.9,7,5,2,4,1,2,7,28.6,5,11,0,11,2,9,0,0
2961,Alessandro Zanoli,Sampdoria,17.1,22,14,14,6,2,8,17,47.1,9,19,15,4,12,34,39,0
2962,Alessandro Zanoli,Napoli,0.1,1,0,0,1,0,0,0,0.0,0,0,0,0,0,1,1,0
2964,Mattia Zanotti,Inter,0.3,0,0,0,0,0,0,1,0.0,1,2,0,2,0,0,0,0
2965,Duvan Zapata,Atalanta,15.4,8,4,1,3,4,3,5,60.0,2,6,2,4,4,12,17,1
2966,Davide Zappacosta,Atalanta,16.3,34,18,17,12,5,15,22,68.2,7,23,2,21,9,43,16,0
2967,Oier Zarraga,Athletic Club,9.5,14,9,5,7,2,8,20,40.0,12,7,0,7,10,24,5,0
2968,Akim Zedadka,Auxerre,17.8,35,21,21,10,4,18,32,56.3,14,17,3,14,23,58,51,1
2969,Akim Zedadka,Lille,3.9,1,1,1,0,0,0,2,0.0,2,3,0,3,2,3,6,0
2970,Karim Zedadka,Napoli,0.2,0,0,0,0,0,0,0,0.0,0,0,0,0,0,0,1,0
2971,Deyovaisio Zeefuik,Hellas Verona,0.1,1,1,0,1,0,0,0,0.0,0,0,0,0,0,1,0,0
2972,Marvin Zeegelaar,Udinese,3.9,8,4,6,2,0,3,4,75.0,1,2,0,2,3,11,5,0
2973,Mehdi Zeffane,Clermont Foot,7.3,12,7,5,7,0,4,21,19.0,17,14,6,8,22,34,12,0
2974,Aaron Zehnter,Augsburg,0.0,0,0,0,0,0,0,1,0.0,1,0,0,0,1,1,0,0
2975,Jordan Zemura,Bournemouth,16.2,39,24,24,14,1,23,43,53.5,20,31,9,22,16,55,32,0
2976,Arber Zeneli,Reims,11.1,9,3,3,3,3,5,12,41.7,7,8,0,8,2,11,2,0
2977,Robin Zentner,Mainz 05,26.0,0,0,0,0,0,0,4,0.0,4,0,0,0,0,0,17,1
2978,Alessio Zerbin,Napoli,2.2,10,5,4,5,1,4,8,50.0,4,2,0,2,2,12,2,0
2979,Michael Zetterer,Werder Bremen,1.7,0,0,0,0,0,0,0,0.0,0,0,0,0,0,0,1,0
2980,Nathan Zeze,Nantes,0.7,3,2,2,1,0,1,1,100.0,0,0,0,0,0,3,1,0
2981,Edon Zhegrova,Lille,11.7,18,12,6,7,5,12,20,60.0,8,9,0,9,2,20,2,0
2982,Piotr Zielinski,Napoli,25.4,17,10,1,11,5,12,25,48.0,13,16,5,11,14,31,7,0
2983,David Zima,Torino,4.5,9,5,5,4,0,3,4,75.0,1,7,2,5,9,18,11,2
2984,Oleksandr Zinchenko,Arsenal,23.5,40,18,14,17,9,21,39,53.8,18,20,2,18,22,62,38,2
2985,Joshua Zirkzee,Bologna,9.1,4,2,1,1,2,2,7,28.6,5,4,1,3,4,8,4,0
2986,Hakim Ziyech,Chelsea,7.3,20,12,12,5,3,4,9,44.4,5,8,0,8,5,25,5,1
2987,Jeroen Zoet,Spezia,3.7,1,1,1,0,0,1,1,100.0,0,0,0,0,0,1,1,0
2988,Simon Zoller,Bochum,16.2,11,4,2,8,1,4,12,33.3,8,14,1,13,6,17,21,0
2990,Nadir Zortea,Atalanta,2.5,10,5,3,7,0,3,4,75.0,1,4,0,4,0,10,4,0
2991,Nadir Zortea,Sassuolo,7.3,15,8,12,2,1,9,14,64.3,5,10,4,6,4,19,21,0
2992,Tanguy Zoukrou,Troyes,5.7,14,7,8,6,0,10,14,71.4,4,18,11,7,2,16,24,0
2993,Kurt Zouma,West Ham,22.1,9,4,4,5,0,5,8,62.5,3,17,14,3,30,39,120,1
2994,Petar Zovko,Spezia,0.8,1,0,1,0,0,1,1,100.0,0,0,0,0,0,1,0,0
2995,Igor Zubeldia,Real Sociedad,28.2,35,18,28,7,0,25,35,71.4,10,23,17,6,21,56,93,0
2996,Martin Zubimendi,Real Sociedad,34.5,59,33,23,30,6,24,45,53.3,21,44,17,27,37,96,55,4
2997,Szymon Zurkowski,Fiorentina,0.4,0,0,0,0,0,0,0,0.0,0,0,0,0,0,0,0,0
2998,Szymon Zurkowski,Spezia,4.7,9,3,4,4,1,2,15,13.3,13,9,2,7,4,13,6,0
2999,Martin Odegaard,Arsenal,34.7,36,23,12,14,10,14,47,29.8,33,20,5,15,6,42,12,1
3000,Milan Duric,Hellas Verona,15.2,2,1,1,0,1,1,3,33.3,2,7,4,3,1,3,24,0
3001,Filip Duricic,Sampdoria,24.1,43,22,18,20,5,14,32,43.8,18,19,6,13,7,50,8,0
3002,Blanco,Cádiz,1.8,0.0,4,0.0,0.0,0.0,0.0,0.0,0.0,0.0,0.0,0.0,0.0,1,0.0,0.0,0.0
3003,Hugo Guillamon,Valencia,18.1,0.0,14,0.0,0.0,0.0,0.0,0.0,0.0,0.0,0.0,0.0,0.0,19,0.0,0.0,0.0
