,Player,90s,Tackles - Tkl,Tackles - TklW,Tackles - Def 3rd,Tackles - Mid 3rd,Tackles - Att 3rd,Challenges - Tkl,Challenges - Att,Challenges - Tkl%,Challenges - Lost,Blocks - Blocks,Blocks - Sh,Blocks - Pass,Int,Tkl+Int,Clr,Err
0,Brenden Aaronson,26.4,45,18,16,22,7,15,46,32.6,31,43,3,40,5,50,6,1
1,Paxten Aaronson,1.9,6,5,2,2,2,2,3,66.7,1,2,1,1,0,6,2,0
4,Yunis Abdelhamid,37.0,82,50,47,33,2,39,52,75.0,13,65,27,38,64,146,116,1
5,Himad Abdelli,23.7,64,38,22,32,10,31,67,46.3,36,30,1,29,28,92,15,0
6,Salis Abdul Samed,32.2,46,26,18,23,5,29,52,55.8,23,38,9,29,36,82,26,0
7,Laurent Abergel,26.0,92,52,59,30,3,39,92,42.4,53,47,8,39,34,126,39,0
8,Oliver Abildgaard,6.6,10,6,6,3,1,7,16,43.8,9,7,1,6,5,15,17,0
9,Matthis Abline,9.0,4,2,0,3,1,0,5,0.0,5,6,1,5,1,5,1,0
10,Matthis Abline,1.2,1,1,0,0,1,1,1,100.0,0,1,0,1,2,3,1,0
11,Abner,6.7,12,9,9,2,1,7,16,43.8,9,8,2,6,8,20,24,0
12,Zakaria Aboukhlal,27.5,33,23,13,9,11,14,45,31.1,31,18,1,17,22,55,23,0
13,Tammy Abraham,24.3,17,10,4,8,5,3,16,18.8,13,10,4,6,3,20,14,0
14,Christian Acella,0.2,1,0,1,0,0,0,2,0.0,2,0,0,0,0,1,0,0
15,Francesco Acerbi,26.9,33,19,22,7,4,20,27,74.1,7,25,18,7,41,74,85,2
17,Mohamed Achi,0.4,1,1,1,0,0,1,1,100.0,0,0,0,0,0,1,0,0
18,Marcos Acuna,21.2,57,36,34,17,6,30,42,71.4,12,16,5,11,23,80,36,0
19,Che Adams,22.1,17,13,7,8,2,7,12,58.3,5,13,4,9,4,21,22,0
20,Tyler Adams,24.0,89,46,44,35,10,50,77,64.9,27,48,8,40,35,124,29,0
21,Sargis Adamyan,7.2,14,7,5,3,6,7,17,41.2,10,12,0,12,4,18,5,0
22,Tosin Adarabioyo,23.2,30,13,22,6,2,16,23,69.6,7,20,15,5,26,56,140,1
23,Martin Adeline,1.2,3,3,2,1,0,3,4,75.0,1,3,1,2,3,6,3,0
24,Karim Adeyemi,15.4,16,11,6,6,4,8,30,26.7,22,18,1,17,7,23,3,0
26,Amine Adli,15.9,18,10,4,6,8,5,17,29.4,12,28,2,26,6,24,7,0
27,Yacine Adli,1.6,6,3,2,4,0,2,2,100.0,0,2,0,2,1,7,1,0
28,Michel Aebischer,17.1,12,6,3,6,3,2,18,11.1,16,14,2,12,7,19,9,0
29,Felix Afena-Gyan,9.1,7,3,4,1,2,2,10,20.0,8,5,1,4,1,8,6,0
30,Emmanuel Agbadou,26.5,71,49,53,16,2,42,65,64.6,23,30,14,16,32,103,107,3
32,Lucien Agoume,12.2,42,25,18,15,9,17,33,51.5,16,14,5,9,27,69,24,0
34,Alvaro Aguado,21.0,27,15,13,11,3,15,25,60.0,10,16,4,12,13,40,15,0
35,Kevin Agudelo,23.7,71,38,22,30,19,25,59,42.4,34,39,5,34,10,81,6,0
36,Nayef Aguerd,17.7,27,18,18,8,1,13,20,65.0,7,26,24,2,18,45,79,2
37,Ruben Aguilar,13.0,19,9,7,7,5,8,22,36.4,14,13,1,12,18,37,28,1
38,Naouirou Ahamada,1.0,3,2,3,0,0,1,3,33.3,2,2,0,2,0,3,0,0
39,Naouirou Ahamada,15.5,17,11,7,7,3,8,20,40.0,12,16,5,11,8,25,7,0
40,Amar Ahmed,0.2,1,1,0,1,0,0,1,0.0,1,0,0,0,1,2,0,0
41,Jean-Eudes Aholou,14.4,34,20,10,20,4,12,31,38.7,19,25,0,25,24,58,15,0
42,Joseph Aidoo,34.7,51,36,33,17,1,16,28,57.1,12,26,14,12,31,82,150,0
43,Ola Aina,9.7,17,13,5,8,4,9,15,60.0,6,12,2,10,11,28,26,0
44,Rayan Ait Nouri,12.0,33,20,25,7,1,9,15,60.0,6,3,0,3,9,42,28,0
45,Emanuel Aiwum,18.4,55,34,36,17,2,33,47,70.2,14,28,16,12,25,80,52,3
46,Kristoffer Ajer,8.5,11,8,5,4,2,9,16,56.3,7,6,5,1,7,18,22,0
47,Ludovic Ajorque,8.6,5,4,1,4,0,3,9,33.3,6,3,1,2,2,7,7,0
48,Ludovic Ajorque,13.5,6,5,1,4,1,1,9,11.1,8,8,2,6,1,7,8,0
49,Manuel Akanji,25.4,36,25,15,18,3,23,36,63.9,13,27,9,18,16,52,33,0
50,Nathan Ake,20.8,26,12,15,9,2,11,15,73.3,4,20,10,10,20,46,48,0
52,Sergio Akieme,25.5,27,16,19,6,2,12,22,54.5,10,22,6,16,14,41,41,0
54,Maghnes Akliouche,4.5,7,4,4,3,0,2,8,25.0,6,2,0,2,3,10,2,0
55,Paul Akouokou,5.0,16,9,13,3,0,13,20,65.0,7,2,2,0,12,28,17,1
56,Jean-Daniel Akpa-Akpro,15.1,53,37,25,19,9,23,42,54.8,19,35,4,31,13,66,27,0
57,Kevin Akpoguma,21.7,75,44,45,27,3,32,45,71.1,13,45,16,29,24,99,70,1
58,David Alaba,20.4,15,11,8,4,3,9,15,60.0,6,18,9,9,14,29,37,1
60,Tomas Alarcon,2.5,3,2,0,2,1,1,2,50.0,1,1,0,1,2,5,2,0
61,Lucas Alario,3.7,3,2,1,0,2,0,1,0.0,1,0,0,0,2,5,13,0
62,Jordi Alba,15.8,25,18,13,11,1,12,28,42.9,16,12,5,7,11,36,23,0
63,Luis Alberto,27.1,49,29,18,20,11,23,72,31.9,49,35,6,29,9,58,4,0
64,Raul Albiol,23.5,25,17,17,6,2,14,18,77.8,4,17,13,4,14,39,111,0
65,Marc Albrighton,2.6,4,1,0,2,2,1,8,12.5,7,6,2,4,1,5,5,0
66,Thiago Alcantara,13.9,43,24,20,21,2,14,23,60.9,9,15,3,12,21,64,13,2
67,Carlos Alcaraz,11.4,10,5,2,7,1,6,22,27.3,16,14,5,9,1,11,11,0
68,Ruben Alcaraz,22.7,43,31,24,18,1,19,54,35.2,35,23,8,15,19,62,37,0
69,Omar Alderete,22.7,35,20,21,14,0,28,40,70.0,12,23,16,7,26,61,85,0
70,Ivan Alejo,14.6,32,21,19,9,4,17,37,45.9,20,18,3,15,5,37,12,1
72,Carles Alena,23.5,18,10,7,5,6,5,34,14.7,29,19,1,18,4,22,18,0
73,Trent Alexander-Arnold,32.5,57,40,32,16,9,42,79,53.2,37,25,7,18,43,100,41,2
75,Angel Algobia,12.6,27,13,14,13,0,22,48,45.8,26,15,5,10,3,30,11,0
76,Mohamed Ali Cho,6.5,13,10,6,5,2,4,10,40.0,6,9,0,9,2,15,2,0
78,Faride Alidou,2.0,8,5,3,4,1,3,9,33.3,6,3,0,3,1,9,3,0
79,Alisson,37.0,0,0,0,0,0,0,3,0.0,3,3,0,3,0,0,20,0
80,Jim Allevinah,24.9,39,24,24,11,4,19,62,30.6,43,24,2,22,24,63,26,1
82,Domingos Andre Ribeiro Almeida,28.2,66,42,23,32,11,26,57,45.6,31,26,0,26,20,86,16,1
83,Miguel Almiron,27.7,46,30,16,19,11,18,42,42.9,24,25,2,23,10,56,17,0
84,Marcos Alonso,13.0,15,10,10,5,0,9,12,75.0,3,14,10,4,11,26,32,0
85,Mickael Alphonse,15.1,35,23,20,11,4,20,33,60.6,13,17,5,12,35,70,44,1
86,Eder Alvarez Balanta,2.6,5,4,2,3,0,2,6,33.3,4,0,0,0,3,8,4,0
88,Gaston Alvarez,16.7,38,30,24,9,5,23,42,54.8,19,15,5,10,15,53,35,0
89,Julian Alvarez,16.3,26,16,3,13,10,9,29,31.0,20,13,0,13,2,28,6,0
90,Agustin Alvarez Martinez,4.1,6,3,0,5,1,1,4,25.0,3,5,1,4,3,9,3,0
91,Yeray Alvarez,25.9,34,23,26,7,1,24,31,77.4,7,23,13,10,48,82,101,0
92,Ibrahim Amadou,4.7,10,7,6,3,1,7,11,63.6,4,7,3,4,10,20,20,0
93,Selim Amallah,3.0,15,9,7,8,0,5,8,62.5,3,2,0,2,5,20,2,0
94,Daniel Amartey,17.9,19,8,13,5,1,12,14,85.7,2,24,17,7,8,27,71,0
95,Amath,13.6,29,19,14,8,7,14,22,63.6,8,13,1,12,5,34,5,0
96,Jordan Amavi,2.2,3,2,3,0,0,1,3,33.3,2,3,0,3,4,7,7,0
97,Lukas Ambros,0.2,1,0,1,0,0,1,4,25.0,3,1,0,1,0,1,2,1
98,Kelvin Amian,26.4,54,32,33,12,9,24,31,77.4,7,34,12,22,22,76,87,1
99,Bruno Amione,0.6,1,1,1,0,0,1,2,50.0,1,1,0,1,0,1,4,0
100,Bruno Amione,23.2,50,33,36,14,0,19,43,44.2,24,26,11,15,25,75,62,1
101,Nadiem Amiri,10.9,15,6,5,8,2,9,20,45.0,11,12,1,11,6,21,10,2
102,Samuel Amo-Ameyaw,0.0,0,0,0,0,0,0,1,0.0,1,0,0,0,0,0,0,0
104,Ethan Ampadu,29.3,66,37,33,28,5,17,41,41.5,24,48,23,25,36,102,98,0
105,Sofyan Amrabat,22.2,39,24,15,17,7,16,29,55.2,13,23,5,18,21,60,18,2
106,Ayoub Amraoui,3.3,6,5,3,3,0,2,5,40.0,3,1,0,1,4,10,4,0
107,Joachim Andersen,30.9,42,22,30,12,0,16,32,50.0,16,28,13,15,24,66,188,0
108,Elliot Anderson,4.6,11,5,5,3,3,6,12,50.0,6,11,2,9,6,17,2,0
109,Felipe Anderson,32.9,80,50,31,41,8,31,88,35.2,57,58,6,52,31,111,27,0
110,Benjamin Andre,32.4,128,74,51,60,17,65,121,53.7,56,50,8,42,47,175,60,0
111,Marcos Andre,5.0,4,1,1,1,2,1,2,50.0,1,4,1,3,0,4,0,0
112,Komnen Andric,16.1,13,5,2,7,4,2,15,13.3,13,8,1,7,8,21,13,0
113,Robert Andrich,26.7,61,38,30,27,4,26,45,57.8,19,27,9,18,42,103,55,2
114,Angelino,29.1,40,24,19,18,3,23,37,62.2,14,32,6,26,25,65,67,0
115,Fabrizio Angileri,6.5,12,9,8,3,1,10,17,58.8,7,8,3,5,7,19,10,0
116,Jaidon Anthony,14.0,30,17,15,9,6,8,24,33.3,16,30,3,27,10,40,19,0
117,Janis Antiste,0.6,1,0,1,0,0,1,1,100.0,0,0,0,0,0,1,0,0
118,Waldemar Anton,32.6,49,27,27,19,3,27,51,52.9,24,44,16,28,38,87,123,2
121,Marcos Antonio,6.6,9,6,4,5,0,9,20,45.0,11,7,2,5,11,20,18,0
122,Michail Antonio,20.3,14,7,1,8,5,3,12,25.0,9,13,5,8,5,19,9,0
123,Antony,20.0,22,9,9,9,4,8,28,28.6,20,18,0,18,11,33,6,0
124,Valentin Antov,3.4,6,5,3,3,0,1,5,20.0,4,5,4,1,4,10,14,1
125,Christopher Antwi-Adjei,22.0,23,15,7,8,8,10,29,34.5,19,17,0,17,5,28,16,0
127,Houssem Aouar,5.8,12,5,5,5,2,3,9,33.3,6,12,2,10,8,20,3,0
128,Adil Aouchiche,2.8,5,2,3,1,1,1,9,11.1,8,1,0,1,4,9,1,0
130,Dennis Appiah,8.8,21,11,14,7,0,10,27,37.0,17,13,5,8,10,31,16,0
132,Mauro Arambarri,11.0,14,6,9,4,1,3,17,17.6,14,17,5,12,14,28,19,0
133,Charles Aranguiz,5.5,17,7,7,10,0,12,20,60.0,8,4,0,4,7,24,4,0
134,Ronald Araujo,20.0,26,18,12,13,1,6,9,66.7,3,15,7,8,12,38,41,1
136,Tairyk Arconte,1.4,1,1,0,0,1,0,3,0.0,3,1,0,1,0,1,2,0
138,Adu Ares,0.9,4,2,2,1,1,4,4,100.0,0,1,0,1,2,6,1,0
139,Joe Aribo,13.6,31,20,15,12,4,11,20,55.0,9,14,1,13,10,41,11,0
140,Adam Armstrong,14.8,14,9,6,5,3,3,10,30.0,7,15,3,12,5,19,6,0
141,Stuart Armstrong,15.6,32,21,15,13,4,14,39,35.9,25,18,0,18,10,42,9,1
142,Marko Arnautovic,17.0,9,6,2,5,2,1,6,16.7,5,11,1,10,2,11,10,0
143,Maximilian Arnold,30.7,62,31,25,28,9,28,54,51.9,26,34,11,23,26,88,65,2
146,Kepa Arrizabalaga,28.5,2,2,2,0,0,2,3,66.7,1,0,0,0,1,3,16,2
147,Roberto Arroyo,0.2,1,1,0,1,0,1,1,100.0,0,0,0,0,0,1,0,0
148,Tolgay Arslan,13.5,29,18,13,15,1,14,39,35.9,25,19,0,19,12,41,9,1
149,Ricard Artero,1.5,3,3,2,1,0,1,1,100.0,0,2,0,2,1,4,3,0
150,Arthur,15.9,9,2,1,4,4,4,8,50.0,4,10,1,9,1,10,12,0
151,Santiago Arzamendia,5.4,9,8,7,1,1,6,21,28.6,15,11,1,10,2,11,15,1
152,Takuma Asano,19.0,14,9,4,4,6,7,16,43.8,9,17,1,16,8,22,8,0
153,Santiago Ascacibar,8.1,29,14,17,10,2,14,35,40.0,21,14,2,12,13,42,11,0
156,Marco Asensio,16.0,16,10,8,6,2,8,19,42.1,11,8,3,5,5,21,4,0
157,Kristoffer Askildsen,8.1,7,3,2,3,2,4,10,40.0,6,15,4,11,11,18,6,0
158,Fisnik Asllani,1.9,0,0,0,0,0,0,4,0.0,4,2,0,2,3,3,3,0
159,Kristjan Asllani,6.6,11,5,1,8,2,7,10,70.0,3,3,1,2,6,17,4,0
160,Iago Aspas,31.9,8,4,0,4,4,3,22,13.6,19,10,1,9,7,15,23,0
161,Lorenz Assignon,2.9,6,2,4,2,0,2,4,50.0,2,6,0,6,2,8,9,0
162,Youcef Atal,8.7,38,22,18,15,5,23,32,71.9,9,9,0,9,14,52,13,0
163,Valentin Atangana Edoa,1.9,8,3,4,2,2,3,6,50.0,3,2,1,1,0,8,1,0
164,Pierre-Emerick Aubameyang,6.2,1,0,1,0,0,0,1,0.0,1,2,0,2,2,3,4,2
166,Emil Audero,25.0,0,0,0,0,0,0,2,0.0,2,0,0,0,0,0,7,1
167,Tommaso Augello,34.0,17,14,13,2,2,9,20,45.0,11,23,7,16,17,34,61,1
169,Ludwig Augustinsson,1.5,2,1,2,0,0,1,3,33.3,2,1,0,1,1,3,3,0
170,Serge Aurier,21.6,64,41,41,18,5,23,33,69.7,10,34,11,23,29,93,75,0
171,Mathias Autret,14.3,22,10,10,10,2,7,16,43.8,9,14,2,12,12,34,13,0
172,Ezequiel Avila,19.0,8,5,2,4,2,6,23,26.1,17,12,1,11,8,16,16,0
173,Cedric Avinel,19.9,13,7,8,5,0,8,12,66.7,4,20,13,7,15,28,91,1
174,Taiwo Awoniyi,15.6,17,10,2,10,5,6,10,60.0,4,18,4,14,4,21,20,0
175,Yasin Ayari,0.7,2,2,1,1,0,0,4,0.0,4,1,0,1,0,2,0,0
176,Mehmet Aydin,6.3,25,18,14,9,2,11,24,45.8,13,11,0,11,10,35,15,0
177,Andre Ayew,3.5,5,3,0,4,1,2,4,50.0,2,6,1,5,0,5,7,0
178,Jordan Ayew,30.2,66,41,23,20,23,21,53,39.6,32,35,4,31,15,81,31,0
179,Kaan Ayhan,6.1,10,4,6,4,0,7,7,100.0,0,5,4,1,5,15,26,1
180,Luke Ayling,22.8,66,37,42,15,9,42,85,49.4,43,34,11,23,26,92,52,2
183,Sardar Azmoun,10.3,6,3,1,4,1,1,7,14.3,6,4,0,4,2,8,14,0
184,Cesar Azpilicueta,17.0,43,25,23,15,5,22,37,59.5,15,26,5,21,19,62,54,1
186,Iddrisu Baba,18.9,31,17,15,16,0,15,32,46.9,17,18,8,10,11,42,39,0
187,Srdan Babic,33.3,28,18,20,8,0,15,32,46.9,17,34,22,12,29,57,124,1
188,Loic Bade,16.1,27,20,23,3,1,17,30,56.7,13,21,13,8,23,50,77,0
190,Edgar Badia,36.0,1,0,1,0,0,1,2,50.0,1,0,0,0,0,1,19,3
191,Benoit Badiashile,10.1,14,8,10,4,0,9,14,64.3,5,5,2,3,16,30,34,1
192,Benoit Badiashile,9.3,10,8,6,4,0,5,10,50.0,5,9,6,3,17,27,40,1
193,Alex Baena,21.6,30,17,9,15,6,15,45,33.3,30,15,3,12,7,37,16,0
194,Jaime Baez,1.1,4,2,3,0,1,3,6,50.0,3,0,0,0,0,4,2,1
195,Leon Bailey,21.9,14,6,6,7,1,5,20,25.0,15,13,0,13,6,20,12,0
196,Eric Bailly,6.0,13,10,6,6,1,7,7,100.0,0,15,12,3,12,25,18,1
197,Denys Bain,1.4,4,3,3,1,0,1,2,50.0,1,2,1,1,2,6,4,0
198,Brandon Baiye,0.6,3,2,2,1,0,2,3,66.7,1,1,0,1,1,4,3,0
199,Stefan Bajcetic,5.8,9,6,5,3,1,8,27,29.6,19,7,0,7,9,18,4,0
200,Nedim Bajrami,10.4,8,4,3,3,2,4,6,66.7,2,5,0,5,7,15,4,0
201,Nedim Bajrami,9.1,12,7,6,2,4,5,11,45.5,6,9,1,8,7,19,6,0
202,Cedric Bakambu,0.7,2,1,2,0,0,2,2,100.0,0,0,0,0,0,2,0,0
203,Tiemoue Bakayoko,0.5,5,5,4,1,0,3,3,100.0,0,0,0,0,0,5,0,1
204,Mitchel Bakker,18.4,16,8,9,7,0,6,15,40.0,9,20,2,18,15,31,20,2
205,Ridle Baku,28.7,50,26,29,17,4,32,58,55.2,26,44,6,38,21,71,59,0
206,Tommaso Baldanzi,19.7,25,12,9,13,3,7,32,21.9,25,21,1,20,2,27,5,0
208,Alejandro Balde,27.5,42,30,22,16,4,24,41,58.5,17,25,3,22,12,54,17,1
209,Thierno Balde,23.9,27,14,19,4,4,18,30,60.0,12,15,3,12,23,50,39,0
210,Carlos Baleba,5.3,13,11,2,9,2,9,14,64.3,5,13,3,10,1,14,3,2
211,Mikel Balenziaga,1.3,4,4,1,2,1,4,4,100.0,0,0,0,0,1,5,2,0
212,Leonardo Balerdi,29.3,57,37,43,12,2,32,45,71.1,13,48,29,19,63,120,91,1
214,Ivan Balliu,35.9,52,29,26,20,6,18,30,60.0,12,26,3,23,25,77,72,1
215,Fode Ballo-Toure,5.8,14,9,7,6,1,7,10,70.0,3,11,3,8,2,16,3,0
216,Folarin Balogun,33.3,9,5,1,5,3,2,20,10.0,18,20,1,19,3,12,15,0
217,Abdoulaye Bamba,15.2,22,12,15,5,2,16,19,84.2,3,7,3,4,18,40,38,0
218,Jonathan Bamba,30.9,37,17,12,14,11,14,45,31.1,31,36,1,35,22,59,14,0
219,Patrick Bamford,16.8,9,6,0,6,3,4,20,20.0,16,12,5,7,5,14,13,0
220,Lameck Banda,18.2,30,20,13,14,3,15,41,36.6,26,24,2,22,8,38,5,0
221,Filippo Bandinelli,25.1,55,34,19,26,10,17,45,37.8,28,20,7,13,18,73,40,0
222,Leo Baptistao,19.2,32,20,13,16,3,13,33,39.4,20,17,2,15,19,51,12,0
223,Shandon Baptiste,6.9,15,9,6,6,3,7,17,41.2,10,10,2,8,7,22,10,0
225,Antonin Barak,20.0,21,9,5,7,9,6,16,37.5,10,16,2,14,3,24,13,0
226,Andrea Barberis,3.8,7,2,4,3,0,5,11,45.5,6,0,0,0,8,15,1,0
227,Tommaso Barbieri,1.2,3,3,3,0,0,3,8,37.5,5,3,0,3,0,3,2,0
228,Bradley Barcola,16.0,25,16,8,10,7,8,39,20.5,31,29,0,29,19,44,10,0
229,Melvin Bard,27.3,96,60,61,29,6,59,89,66.3,30,35,4,31,64,160,40,1
231,Keidi Bare,5.6,15,8,7,5,3,7,13,53.8,6,8,2,6,11,26,8,0
232,Nicolo Barella,29.0,49,25,17,26,6,28,53,52.8,25,29,5,24,12,61,12,0
234,Kike Barja,14.6,15,9,6,5,4,8,24,33.3,16,7,0,7,4,19,3,0
235,Ross Barkley,10.7,16,9,7,4,5,7,13,53.8,6,7,2,5,8,24,6,0
236,Aymen Barkok,6.5,18,8,10,5,3,5,10,50.0,5,7,0,7,3,21,9,0
237,Harvey Barnes,30.1,26,14,8,14,4,14,42,33.3,28,32,1,31,8,34,12,0
238,Leandro Barreiro Martins,23.8,60,38,19,28,13,22,49,44.9,27,38,13,25,41,101,39,1
239,Enzo Barrenechea,1.8,8,3,3,4,1,3,5,60.0,2,3,0,3,2,10,3,0
240,Ander Barrenetxea,9.8,21,15,15,6,0,12,28,42.9,16,15,1,14,5,26,7,0
241,Mickael Barreto,14.7,32,20,12,17,3,8,45,17.8,37,17,0,17,18,50,11,0
242,Pablo Barrios,8.0,19,10,3,10,6,8,15,53.3,7,12,2,10,9,28,6,1
243,Musa Barrow,21.8,21,4,10,6,5,8,14,57.1,6,25,1,24,1,22,7,0
244,Federico Baschirotto,37.0,40,30,35,5,0,22,36,61.1,14,45,29,16,36,76,192,0
245,Toma Basic,5.7,6,4,4,1,1,3,8,37.5,5,9,0,9,7,13,8,0
247,Gil Bastiao Dias,4.4,8,6,3,4,1,3,12,25.0,9,7,0,7,2,10,3,0
248,Alessandro Bastoni,24.0,41,20,20,14,7,11,27,40.7,16,27,13,14,24,65,45,0
249,Simone Bastoni,13.2,47,24,23,19,5,15,33,45.5,18,20,5,15,8,55,14,0
250,Rodrigo Battaglia,7.6,12,5,7,5,0,6,14,42.9,8,16,7,9,5,17,18,0
251,Maximilian Bauer,20.5,31,17,18,12,1,17,34,50.0,17,25,9,16,23,54,79,1
253,Timo Baumgartl,6.2,11,6,5,4,2,5,18,27.8,13,12,4,8,2,13,14,0
254,Julian Baumgartlinger,6.2,15,4,5,6,4,6,19,31.6,13,4,2,2,4,19,15,0
255,Christoph Baumgartner,28.5,36,19,12,17,7,9,52,17.3,43,57,5,52,15,51,19,1
256,Cyrille Bayala,22.3,53,37,16,20,17,23,47,48.9,24,20,3,17,25,78,21,0
257,Brian Bayeye,0.7,3,0,3,0,0,1,1,100.0,0,1,1,0,1,4,2,0
258,Noah Joel Sarenren Bazee,0.2,0,0,0,0,0,0,1,0.0,1,1,0,1,0,0,0,0
260,Gavin Bazunu,32.0,1,0,1,0,0,1,1,100.0,0,0,0,0,1,2,24,2
261,Bebe,0.7,0,0,0,0,0,0,2,0.0,2,1,0,1,0,0,0,0
262,Ihlas Bebou,15.7,19,16,8,7,4,11,17,64.7,6,9,2,7,7,26,15,0
263,Rodrigo Becao,27.6,70,36,50,17,3,40,53,75.5,13,44,24,20,26,96,68,2
266,Sheraldo Becker,28.4,15,5,1,7,7,2,11,18.2,9,13,1,12,3,18,7,1
267,Jan Bednarek,18.6,27,21,20,7,0,12,16,75.0,4,38,27,11,49,76,87,0
268,Jan Bednarek,1.1,3,3,0,3,0,1,1,100.0,0,3,1,2,2,5,5,0
269,Donny van de Beek,1.9,0,0,0,0,0,0,1,0.0,1,2,1,1,1,1,1,0
271,Yanis Begraoui,0.7,2,0,1,0,1,1,2,50.0,1,0,0,0,1,3,0,0
272,Kevin Behrens,17.1,11,7,4,4,3,4,18,22.2,14,18,3,15,5,16,25,0
273,Alexis Beka Beka,6.1,16,5,6,9,1,4,15,26.7,11,9,1,8,12,28,6,0
274,Jeremie Bela,8.3,6,4,2,1,3,3,4,75.0,1,10,1,9,9,15,8,0
275,Reda Belahyane,2.0,8,6,5,3,0,3,5,60.0,2,5,1,4,2,10,0,0
276,Youcef Belaili,12.8,18,10,3,9,6,8,20,40.0,12,10,1,9,5,23,4,0
277,Youcef Belaili,4.0,5,2,3,2,0,2,7,28.6,5,2,0,2,1,6,1,0
278,Haris Belkebla,29.5,80,48,35,40,5,44,85,51.8,41,32,6,26,52,132,21,3
279,Stefan Bell,26.6,43,28,32,10,1,22,44,50.0,22,42,15,27,44,87,133,0
280,Armel Bella Kotchap,20.9,37,17,28,9,0,15,20,75.0,5,29,12,17,44,81,110,0
281,Raoul Bellanova,5.5,14,6,11,2,1,9,14,64.3,5,6,1,5,4,18,14,0
282,Karim Bellarabi,0.9,2,0,1,1,0,2,3,66.7,1,0,0,0,0,2,0,0
283,Jean-Ricner Bellegarde,26.9,47,25,15,21,11,11,25,44.0,14,26,3,23,26,73,22,0
284,Hector Bellerin,1.6,2,0,0,2,0,2,3,66.7,1,2,0,2,3,5,2,0
286,Jude Bellingham,29.9,76,42,28,34,14,34,51,66.7,17,51,4,47,35,111,30,0
287,Jeanoel Belocian,5.6,10,7,3,5,2,5,9,55.6,4,6,3,3,6,16,11,0
288,Andrea Belotti,12.7,12,5,3,5,4,5,11,45.5,6,11,1,10,3,15,5,0
289,Fran Beltran,31.7,34,22,15,14,5,14,55,25.5,41,29,5,24,53,87,35,2
290,Eliesse Ben Seghir,11.7,18,10,4,12,2,4,12,33.3,8,18,1,17,4,22,1,0
292,Wissam Ben Yedder,23.5,16,9,2,5,9,4,13,30.8,9,15,0,15,4,20,0,0
293,Marco Benassi,1.0,3,3,2,0,1,3,4,75.0,1,0,0,0,1,4,1,0
294,Marco Benassi,11.1,26,15,9,11,6,15,24,62.5,9,13,1,12,12,38,19,0
295,Iker Benito,2.0,4,3,0,3,1,2,4,50.0,2,0,0,0,2,6,4,0
296,Ismael Bennacer,22.3,59,33,26,31,2,30,51,58.8,21,25,7,18,26,85,16,1
297,Said Benrahma,23.0,25,15,11,7,7,11,27,40.7,16,23,1,22,9,34,13,0
298,Ramy Bensebaini,27.6,34,21,21,10,3,26,39,66.7,13,44,14,30,36,70,98,1
299,Nabil Bentaleb,27.7,74,40,31,35,8,36,61,59.0,25,33,11,22,44,118,29,3
300,Rodrigo Bentancur,16.7,45,28,15,21,9,16,28,57.1,12,28,15,13,20,65,22,0
301,Daniel Bentley,2.0,1,1,1,0,0,1,1,100.0,0,0,0,0,0,1,0,0
302,Karim Benzema,22.6,9,5,2,4,3,2,11,18.2,9,11,0,11,2,11,5,0
303,Domenico Berardi,20.7,23,14,8,10,5,9,40,22.5,31,13,0,13,19,42,18,0
304,Yuri Berchiche,26.7,56,32,28,20,8,35,59,59.3,24,37,12,25,40,96,59,1
305,Alex Berenguer,25.5,58,37,17,25,16,23,60,38.3,37,37,4,33,10,68,6,0
306,Bartosz Bereszynski,13.3,28,18,15,11,2,17,26,65.4,9,18,4,14,21,49,25,0
307,Bartosz Bereszynski,1.8,3,2,1,1,1,2,2,100.0,0,4,0,4,3,6,3,0
308,Patrick Berg,0.3,0,0,0,0,0,0,1,0.0,1,0,0,0,1,1,0,0
309,Mitchell van Bergen,10.1,18,8,6,7,5,8,20,40.0,12,8,2,6,6,24,11,0
310,Mergim Berisha,18.7,11,6,4,3,4,4,14,28.6,10,16,1,15,0,11,19,0
312,Quentin Bernard,7.0,9,7,4,2,3,7,15,46.7,8,9,1,8,15,24,17,0
313,Paul Bernardoni,27.0,2,0,2,0,0,2,3,66.7,1,1,0,1,1,3,12,1
314,Juan Bernat,18.3,32,16,18,9,5,21,39,53.8,18,11,2,9,9,41,22,1
315,Victor Bernth Kristiansen,9.9,38,23,18,16,4,22,30,73.3,8,16,4,12,3,41,26,0
318,Beto,23.7,16,9,0,9,7,4,17,23.5,13,18,3,15,6,22,30,0
320,Matteo Bianchetti,23.7,32,19,21,9,2,20,32,62.5,12,31,17,14,20,52,111,0
321,Alessandro Bianco,1.7,5,2,2,3,0,2,3,66.7,1,1,0,1,0,5,0,0
322,Giulian Biancone,0.2,2,1,2,0,0,1,1,100.0,0,0,0,0,1,3,0,0
323,Ermin Bicakcic,2.9,8,4,6,1,1,2,6,33.3,4,4,3,1,5,13,14,0
324,Pedro Bigas,22.4,37,20,30,7,0,18,29,62.1,11,25,14,11,33,70,95,0
325,Jaka Bijol,30.3,39,23,32,7,0,16,27,59.3,11,41,25,16,29,68,165,0
326,El Bilal Toure,14.0,4,3,2,1,1,0,3,0.0,3,6,1,5,1,5,23,0
328,Philip Billing,30.7,63,36,21,33,9,11,40,27.5,29,48,8,40,31,94,58,1
330,Cristiano Biraghi,28.3,65,38,29,29,7,32,65,49.2,33,32,7,25,14,79,42,1
331,Samuele Birindelli,15.6,35,19,21,10,4,18,29,62.1,11,28,8,20,16,51,30,0
332,Veljko Birmancevic,4.9,13,7,5,4,4,7,21,33.3,14,12,2,10,7,20,1,0
333,Tom Bischof,3.5,15,10,8,3,4,7,10,70.0,3,5,1,4,1,16,1,0
334,Yves Bissouma,11.2,16,13,6,6,4,2,7,28.6,5,15,6,9,12,28,10,0
335,Kristijan Bistrovic,5.1,3,1,3,0,0,0,5,0.0,5,3,0,3,0,3,4,0
336,Leonardo Bittencourt,18.1,53,28,20,25,8,25,62,40.3,37,13,0,13,10,63,15,0
338,Marco Bizot,37.0,0,0,0,0,0,0,1,0.0,1,1,0,1,0,0,24,4
339,Lautaro Blanco,9.7,16,9,10,4,2,9,26,34.6,17,8,1,7,2,18,10,1
341,Ludovic Blas,31.3,47,30,17,19,11,17,49,34.7,32,26,1,25,19,66,8,0
343,Miha Blazic,22.0,8,6,8,0,0,7,15,46.7,8,25,19,6,22,30,80,1
345,Alexis Blin,26.4,69,39,27,33,9,38,73,52.1,35,55,15,40,34,103,74,0
346,Daley Blind,1.5,2,0,2,0,0,0,1,0.0,1,4,2,2,2,4,6,0
347,Myron Boadu,3.3,3,3,0,2,1,1,7,14.3,6,1,0,1,0,3,1,0
348,Jerome Boateng,4.8,3,0,2,1,0,2,6,33.3,4,8,5,3,6,9,16,0
349,Kevin-Prince Boateng,5.2,8,6,4,2,2,3,9,33.3,6,11,3,8,3,11,5,0
351,Jean-Paul Boetius,11.7,30,16,19,9,2,8,25,32.0,17,25,5,20,14,44,10,0
352,Jeremie Boga,8.7,9,5,3,2,4,2,5,40.0,3,6,0,6,1,10,1,0
353,Emil Bohinen,9.2,25,13,15,8,2,12,23,52.2,11,25,7,18,17,42,21,0
354,Quentin Boisgard,2.0,6,2,1,4,1,3,4,75.0,1,3,1,2,4,10,2,0
355,Willy Boly,7.6,13,6,8,3,2,8,13,61.5,5,13,4,9,12,25,45,0
356,Giacomo Bonaventura,21.2,35,23,14,15,6,24,37,64.9,13,14,0,14,16,51,5,1
357,Federico Bonazzoli,12.4,5,3,0,3,2,0,9,0.0,9,9,1,8,3,8,0,0
359,Theo Bongonda,21.5,28,20,11,14,3,17,40,42.5,23,21,2,19,6,34,14,0
360,Kevin Bonifazi,10.0,13,8,7,6,0,6,12,50.0,6,11,8,3,12,25,39,0
361,Leonardo Bonucci,9.8,5,4,1,4,0,2,4,50.0,2,12,8,4,13,18,29,0
362,Neto Borges,31.5,75,45,45,20,10,46,75,61.3,29,45,11,34,41,116,62,1
364,Yvandro Borges Sanches,0.3,2,2,0,2,0,2,2,100.0,0,0,0,0,0,2,0,0
365,Sebastiaan Bornauw,21.4,29,17,17,10,2,16,22,72.7,6,27,12,15,31,60,83,1
366,Rafael Borre,12.0,25,15,4,13,8,4,17,23.5,13,10,2,8,2,27,9,0
367,Erik Botheim,9.6,11,7,3,4,4,6,13,46.2,7,3,0,3,0,11,4,0
368,Sven Botman,34.7,38,24,31,7,0,22,28,78.6,6,44,24,20,34,72,126,2
369,Kenji-Van Boto,2.0,3,2,2,0,1,2,4,50.0,2,0,0,0,1,4,3,0
370,Kouame Botue,2.5,4,2,2,1,1,0,2,0.0,2,1,0,1,0,4,1,0
371,Badredine Bouanani,9.6,13,9,2,7,4,7,14,50.0,7,4,0,4,1,14,2,0
372,Hicham Boudaoui,20.8,67,32,31,30,6,35,53,66.0,18,34,5,29,36,103,16,0
373,Franci Bouebari,0.8,3,0,1,2,0,3,5,60.0,2,0,0,0,2,5,2,0
374,Sofiane Boufal,9.3,14,9,7,4,3,3,14,21.4,11,6,0,6,5,19,1,0
375,Yassine Bounou,23.9,2,1,2,0,0,1,4,25.0,3,0,0,0,2,4,11,1
376,Ismaelben Boura,1.0,6,4,4,2,0,5,6,83.3,1,2,1,1,2,8,3,0
377,Mehdi Bourabia,30.8,41,20,13,22,6,19,41,46.3,22,39,12,27,32,73,57,0
378,Benjamin Bourigeaud,34.1,45,29,16,23,6,21,65,32.3,44,38,3,35,31,76,32,0
379,Edoardo Bove,11.0,35,18,12,15,8,16,39,41.0,23,15,1,14,10,45,11,0
380,Jarrod Bowen,35.9,39,16,14,11,14,16,57,28.1,41,47,9,38,36,75,25,0
381,Lucas Boye,27.4,36,16,12,16,8,17,35,48.6,18,33,5,28,15,51,46,0
383,Domagoj Bradaric,25.0,26,19,14,8,4,7,16,43.8,9,20,5,15,21,47,44,0
384,Bilal Brahimi,8.9,8,5,2,5,1,1,7,14.3,6,4,0,4,4,12,0,0
385,Martin Braithwaite,27.3,12,2,2,4,6,5,14,35.7,9,10,0,10,5,17,11,0
386,Juan Brandariz,16.5,29,16,18,9,2,14,23,60.9,9,20,7,13,15,44,53,0
387,Julian Brandt,26.6,29,20,6,14,9,12,43,27.9,31,23,0,23,15,44,9,1
388,Darko Brasanac,11.6,29,20,12,10,7,12,23,52.2,11,14,2,12,12,41,9,0
390,Lilian Brassier,34.4,42,30,31,8,3,23,32,71.9,9,42,19,23,53,95,132,1
392,Fabian Bredlow,15.0,1,1,1,0,0,1,1,100.0,0,0,0,0,0,1,4,2
393,James Bree,4.1,5,3,4,1,0,3,4,75.0,1,3,1,2,6,11,11,0
394,Josip Brekalo,2.5,2,1,0,1,1,1,4,25.0,3,1,0,1,1,3,1,0
395,Josip Brekalo,3.0,2,1,2,0,0,0,4,0.0,4,0,0,0,2,4,2,0
396,Gleison Bremer,29.3,29,20,23,5,1,19,26,73.1,7,44,22,22,42,71,120,2
397,Armando Broja,3.3,4,1,0,3,1,1,1,100.0,0,10,1,9,1,5,1,0
398,Dylan Bronn,18.7,34,18,17,16,1,20,30,66.7,10,32,20,12,20,54,58,1
399,David Brooks,1.9,1,0,1,0,0,0,1,0.0,1,2,0,2,2,3,5,0
400,John Brooks,15.0,18,12,10,8,0,13,18,72.2,5,17,12,5,10,28,105,0
401,Moritz Broschinski,2.4,0,0,0,0,0,0,5,0.0,5,1,0,1,0,0,6,0
402,Marcelo Brozovic,19.7,37,22,13,22,2,11,37,29.7,26,23,7,16,22,59,28,0
403,Cedric Brunner,25.7,39,27,26,11,2,30,45,66.7,15,24,7,17,43,82,79,0
405,Jacob Bruun Larsen,3.6,4,3,0,1,3,3,4,75.0,1,3,1,2,1,5,0,0
406,Andreas Bruus,18.1,12,6,9,3,0,8,20,40.0,12,13,2,11,17,29,24,0
407,Joe Bryan,2.0,5,4,3,2,0,4,4,100.0,0,2,0,2,1,6,1,0
408,Lee Buchanan,5.2,14,10,2,11,1,6,12,50.0,6,5,0,5,12,26,21,0
409,Ante Budimir,20.0,19,9,0,12,7,2,10,20.0,8,10,0,10,5,24,19,0
410,Emi Buendia,26.8,52,23,20,20,12,21,74,28.4,53,20,2,18,20,72,17,0
411,Hugo Bueno,14.6,33,16,23,6,4,17,33,51.5,16,14,1,13,10,43,36,0
412,Santiago Bueno,33.4,63,38,43,19,1,24,36,66.7,12,34,22,12,31,94,105,2
413,Adam Buksa,1.1,1,0,0,0,1,0,3,0.0,3,0,0,0,0,1,0,0
414,Marius Bulter,28.9,22,11,8,7,7,12,32,37.5,20,34,1,33,10,32,20,0
416,Cristian Buonaiuto,10.9,25,16,8,11,6,12,26,46.2,14,11,0,11,14,39,7,0
417,Facundo Buonanotte,6.3,2,1,1,1,0,1,22,4.5,21,5,2,3,4,6,3,0
418,Alessandro Buongiorno,30.2,38,25,22,16,0,16,31,51.6,15,38,19,19,60,98,105,2
419,Delano Burgzorg,2.7,3,3,1,1,1,2,3,66.7,1,2,0,2,0,3,2,0
420,Jonathan Burkardt,5.9,3,1,0,1,2,1,4,25.0,3,6,1,5,1,4,1,0
422,Dan Burn,34.6,60,38,29,23,8,34,67,50.7,33,42,16,26,32,92,120,2
423,Maxime Busi,11.6,21,16,9,11,1,13,29,44.8,16,14,6,8,14,35,24,0
424,Sergio Busquets,26.0,58,26,24,26,8,29,51,56.9,22,32,6,26,27,85,36,2
425,Aurelio Buta,14.6,33,19,15,13,5,15,27,55.6,12,18,1,17,9,42,34,0
427,Marcin Bulka,2.0,0,0,0,0,0,0,1,0.0,1,0,0,0,1,1,0,0
428,Jamie Bynoe-Gittens,5.9,8,4,2,5,1,2,7,28.6,5,1,0,1,1,9,2,0
429,Juan Cabal,4.9,10,6,7,3,0,7,12,58.3,5,8,5,3,13,23,12,0
430,Remy Cabella,28.1,64,37,21,28,15,29,64,45.3,35,41,5,36,17,81,7,1
431,Jimmy Cabot,5.7,20,12,10,8,2,12,26,46.2,14,5,0,5,4,24,12,0
432,Leandro Cabrera,29.7,46,24,34,12,0,28,43,65.1,15,37,23,14,43,89,114,2
433,Liberato Cacace,6.5,25,10,12,8,5,9,15,60.0,6,15,7,8,4,29,16,0
434,Anthony Caci,22.6,58,33,32,20,6,28,42,66.7,14,28,4,24,54,112,40,0
436,Moises Caicedo,34.9,100,50,41,47,12,40,68,58.8,28,43,7,36,56,156,31,3
437,Tom Cairney,11.0,17,6,4,8,5,7,10,70.0,3,18,3,15,5,22,3,0
438,Jens Cajuste,17.0,46,25,25,14,7,25,48,52.1,23,30,6,24,18,64,22,0
439,Cala,1.5,2,1,1,1,0,1,2,50.0,1,2,1,1,1,3,12,0
440,Davide Calabria,18.8,71,44,31,32,8,38,61,62.3,23,22,7,15,25,96,34,0
442,Mattia Caldara,13.9,23,14,10,11,2,9,20,45.0,11,23,16,7,17,40,88,2
443,Luca Caldirola,26.1,26,14,19,4,3,13,26,50.0,13,32,18,14,25,51,66,1
444,Fernando Calero,17.9,46,29,27,15,4,21,34,61.8,13,31,13,18,13,59,52,0
445,Duje Caleta-Car,10.5,14,10,9,4,1,6,9,66.7,3,15,11,4,15,29,65,1
447,Hakan Calhanoglu,26.3,48,27,17,26,5,16,43,37.2,27,30,5,25,25,73,13,1
448,Kerim Calhanoglu,0.7,2,1,2,0,0,2,2,100.0,0,1,0,1,0,2,3,0
449,Daniel Caligiuri,3.2,8,5,5,3,0,4,5,80.0,1,3,2,1,3,11,2,0
450,Alexander Callens,1.3,3,3,2,1,0,3,4,75.0,1,3,1,2,1,4,9,0
451,Dominic Calvert-Lewin,12.9,4,2,1,0,3,1,5,20.0,4,5,1,4,3,7,18,0
452,Mahdi Camara,20.2,63,36,18,38,7,25,43,58.1,18,35,4,31,40,103,16,0
453,Mohamed Camara,7.7,13,10,3,7,3,5,15,33.3,10,5,1,4,10,23,8,0
454,Mohamed Camara,24.4,83,45,38,39,6,48,92,52.2,44,45,6,39,27,110,14,1
456,Ousmane Camara,5.8,10,6,5,5,0,5,12,41.7,7,4,2,2,11,21,15,0
457,Eduardo Camavinga,22.3,68,48,32,21,15,24,64,37.5,40,24,5,19,17,85,25,0
458,Nicolo Cambiaghi,14.3,30,22,11,12,7,8,27,29.6,19,19,1,18,9,39,8,0
459,Andrea Cambiaso,24.1,57,34,34,20,3,28,65,43.1,37,26,2,24,26,83,33,1
460,Axel Camblan,0.8,2,2,1,1,0,0,1,0.0,1,0,0,0,0,2,0,0
461,Sergio Camello,26.7,16,10,3,9,4,5,17,29.4,12,9,1,8,2,18,26,0
462,Chem Campbell,0.8,2,1,1,1,0,0,1,0.0,1,2,0,2,1,3,0,0
463,Emre Can,21.1,57,28,25,27,5,22,43,51.2,21,16,6,10,25,82,39,1
464,Sergio Canales,26.7,25,14,10,8,7,14,33,42.4,19,18,0,18,14,39,8,0
465,Matteo Cancellieri,2.8,10,4,5,3,2,5,9,55.6,4,4,0,4,1,11,2,0
466,Joao Cancelo,14.2,29,21,16,9,4,17,24,70.8,7,7,1,6,19,48,9,1
468,Joao Cancelo,11.2,23,14,9,10,4,10,23,43.5,13,14,2,12,15,38,22,0
469,Antonio Candreva,30.3,17,7,13,2,2,11,38,28.9,27,7,3,4,17,34,32,0
471,Sergi Canos,0.9,0,0,0,0,0,0,2,0.0,2,3,1,2,0,0,1,0
472,Ander Capa,1.2,1,1,1,0,0,1,5,20.0,4,5,0,5,0,1,2,0
473,Pierrick Capelle,15.9,36,21,17,15,4,22,55,40.0,33,24,3,21,15,51,24,0
474,Etienne Capoue,21.7,21,12,6,13,2,10,18,55.6,8,12,5,7,19,40,20,1
475,Gianluca Caprari,27.1,16,6,3,11,2,8,26,30.8,18,22,1,21,8,24,3,0
476,Francesco Caputo,12.2,3,1,0,0,3,0,3,0.0,3,0,0,0,1,4,3,0
477,Francesco Caputo,19.0,2,2,0,1,1,0,1,0.0,1,7,2,5,2,4,8,0
478,Maxence Caqueret,30.7,87,54,27,38,22,43,109,39.4,66,45,3,42,39,126,27,0
479,Andrea Carboni,1.9,3,2,2,0,1,2,5,40.0,3,3,2,1,3,6,2,1
480,Franco Carboni,0.7,1,1,1,0,0,0,2,0.0,2,3,0,3,1,2,0,0
481,Valentin Carboni,0.3,1,1,0,1,0,1,3,33.3,2,1,0,1,0,1,0,0
482,Isaac Carcelen,24.4,69,51,41,22,6,41,63,65.1,22,35,11,24,19,88,80,1
483,Irvin Cardona,2.6,2,0,1,1,0,0,3,0.0,3,3,0,3,2,4,2,0
484,Irvin Cardona,3.5,1,1,1,0,0,1,5,20.0,4,3,0,3,4,5,8,0
485,Igor Carioca,5.1,18,11,12,2,4,12,21,57.1,9,7,0,7,5,23,17,0
486,Carlos,34.3,73,38,42,23,8,33,54,61.1,21,24,6,18,24,97,85,1
487,Diego Carlos,2.3,1,0,0,1,0,0,1,0.0,1,2,2,0,1,2,2,0
490,Jose Carlos Lazo,1.8,5,3,2,2,1,3,3,100.0,0,2,0,2,3,8,5,0
491,Carmona,6.5,16,9,7,6,3,6,16,37.5,10,14,2,12,8,24,9,0
492,Carmona,5.9,13,11,5,3,5,9,16,56.3,7,10,6,4,7,20,17,1
494,Marco Carnesecchi,27.0,1,1,1,0,0,1,2,50.0,1,0,0,0,0,1,11,2
495,Yannick Carrasco,25.7,35,14,21,10,4,23,54,42.6,31,23,1,22,12,47,19,0
496,Dani Carvajal,19.8,32,18,15,12,5,18,35,51.4,17,24,6,18,15,47,49,0
497,Fabio Carvalho,3.9,8,8,3,3,2,3,6,50.0,3,6,0,6,6,14,0,0
499,William Carvalho,27.1,43,27,18,23,2,17,44,38.6,27,27,6,21,16,59,22,0
500,Nicolo Casale,27.1,42,20,28,14,0,22,34,64.7,12,25,17,8,17,59,73,1
501,Casemiro,23.6,89,46,43,35,11,48,92,52.2,44,49,11,38,34,123,64,0
503,Matty Cash,20.2,55,32,36,15,4,26,37,70.3,11,20,5,15,26,81,43,0
505,Timothy Castagne,36.2,87,44,53,27,7,41,84,48.8,43,50,13,37,43,130,110,0
506,Michele Castagnetti,15.7,46,21,20,24,2,18,54,33.3,36,14,4,10,15,61,22,0
508,Valentin Castellanos,28.9,12,5,2,7,3,0,18,0.0,18,22,2,20,6,18,26,0
509,Jean-Charles Castelletto,28.5,43,26,29,12,2,22,36,61.1,14,35,22,13,58,101,90,0
510,Samu Castillejo,15.1,21,12,8,9,4,8,40,20.0,32,21,2,19,9,30,2,0
511,Jonny Castro,14.0,34,15,23,10,1,18,37,48.6,19,26,5,21,14,48,28,2
512,Gaetano Castrovilli,8.0,10,8,1,7,2,2,9,22.2,7,5,1,4,8,18,5,0
513,Danilo Cataldi,21.3,25,16,7,15,3,14,40,35.0,26,23,9,14,24,49,33,0
514,Catena,34.5,29,14,23,4,2,13,27,48.1,14,32,25,7,28,57,159,1
515,Yoann Cathline,12.1,19,12,7,6,6,5,12,41.7,7,10,1,9,8,27,16,1
516,Maximiliano Caufriez,24.7,40,24,31,8,1,20,28,71.4,8,33,18,15,34,74,70,0
517,Edinson Cavani,16.1,7,4,3,3,1,3,15,20.0,12,10,3,7,2,9,11,0
518,Dani Ceballos,17.4,43,29,13,15,15,25,64,39.1,39,23,2,21,25,68,6,1
521,Federico Ceccherini,15.7,25,19,15,9,1,13,23,56.5,10,17,10,7,19,44,55,0
522,Assan Ceesay,20.1,23,18,7,8,8,9,17,52.9,8,15,2,13,3,26,24,0
523,Emil Ceide,5.7,5,2,5,0,0,3,5,60.0,2,3,1,2,1,6,0,0
524,Zeki Celik,16.7,42,21,19,21,2,24,41,58.5,17,33,6,27,14,56,36,2
525,Alex Centelles,12.5,22,14,16,3,3,16,22,72.7,6,13,2,11,11,33,40,0
526,Fabien Centonze,18.8,58,37,30,22,6,30,42,71.4,12,24,7,17,44,102,55,1
528,Franco Cervi,21.0,76,46,29,36,11,33,66,50.0,33,33,1,32,36,112,16,0
529,Julio Cesar Enciso,9.0,13,4,3,6,4,8,13,61.5,5,9,0,9,4,17,2,0
530,Julian Chabot,20.0,36,23,19,14,3,20,35,57.1,15,30,18,12,41,77,105,0
531,Florian Chabrolle,3.7,6,4,1,5,0,2,4,50.0,2,3,0,3,7,13,2,0
532,El Chadaille Bitshiabu,6.5,10,7,7,2,1,3,12,25.0,9,9,7,2,9,19,13,3
533,Fares Chaibi,26.0,31,18,8,15,8,17,50,34.0,33,38,5,33,19,50,36,1
534,Nathaniel Chalobah,0.1,1,1,1,0,0,1,1,100.0,0,0,0,0,0,1,2,0
535,Trevoh Chalobah,17.9,31,20,22,6,3,24,34,70.6,10,17,7,10,24,55,56,1
536,Muhammed Cham,21.9,30,15,15,4,11,13,35,37.1,22,13,0,13,7,37,5,0
537,Calum Chambers,3.9,9,6,7,2,0,6,8,75.0,2,5,4,1,7,16,10,1
538,Timothy Chandler,1.0,2,2,2,0,0,2,2,100.0,0,1,0,1,0,2,3,0
539,Gaetan Charbonnier,2.8,2,1,0,2,0,0,4,0.0,4,2,0,2,0,2,5,0
540,Brendan Chardonnet,27.7,45,27,27,18,0,20,38,52.6,18,40,19,21,63,108,86,1
541,Shea Charles,0.3,4,0,4,0,0,1,1,100.0,0,0,0,0,1,5,2,0
542,Xavier Chavalerin,27.0,82,50,39,30,13,27,71,38.0,44,31,8,23,41,123,24,0
543,Pep Chavarria,4.1,6,4,2,1,3,1,5,20.0,4,8,0,8,2,8,8,0
544,Ivane Chegra,2.1,8,3,6,1,1,4,11,36.4,7,0,0,0,1,9,0,0
546,Pape Cheikh Diop,0.4,0,0,0,0,0,0,1,0.0,1,0,0,0,0,0,0,0
547,Rayan Cherki,20.8,14,8,2,5,7,8,23,34.8,15,6,0,6,5,19,1,0
548,Ilyes Cheti,2.3,6,4,4,0,2,5,8,62.5,3,5,1,4,4,10,7,0
549,Lucas Chevalier,32.0,2,1,2,0,0,2,2,100.0,0,1,0,1,2,4,7,2
551,Federico Chiesa,9.5,22,11,6,6,10,5,14,35.7,9,13,1,12,0,22,1,0
552,Ben Chilwell,15.6,21,17,12,8,1,13,25,52.0,12,21,2,19,18,39,26,0
553,Vlad Chiriches,10.9,35,20,27,7,1,16,24,66.7,8,36,23,13,22,57,44,0
554,Pedro Chirivella,22.5,33,22,12,15,6,17,44,38.6,27,24,1,23,20,53,7,0
555,Joris Chotard,27.3,64,34,37,23,4,40,78,51.3,38,40,11,29,40,104,42,1
556,Andreas Christensen,19.6,20,15,9,11,0,10,16,62.5,6,14,12,2,21,41,47,0
557,Oliver Christensen,33.0,1,0,1,0,0,0,2,0.0,2,0,0,0,0,1,22,2
558,Ryan Christie,20.4,34,22,10,23,1,14,49,28.6,35,16,4,12,26,60,20,0
559,Carney Chukwuemeka,3.9,13,7,7,6,0,3,5,60.0,2,7,0,7,6,19,1,0
560,Samuel Chukwueze,26.0,14,7,7,2,5,7,23,30.4,16,13,0,13,12,26,16,0
561,Darko Churlinov,0.3,3,2,2,1,0,2,3,66.7,1,1,0,1,0,3,0,0
562,Victor Chust,10.7,9,6,7,2,0,4,7,57.1,3,8,3,5,10,19,53,0
563,Tolga Cigerci,7.5,16,13,6,9,1,10,16,62.5,6,6,2,4,8,24,5,0
564,Yanis Cimignani,3.1,11,5,3,7,1,4,5,80.0,1,5,1,4,2,13,2,0
565,Daniel Ciofani,11.8,6,3,1,2,3,4,7,57.1,3,7,1,6,2,8,10,0
566,Tio Cipot,1.5,12,7,6,3,3,6,8,75.0,2,0,0,0,0,12,2,0
567,Pathe Ciss,14.2,39,29,11,23,5,15,34,44.1,19,23,10,13,22,61,34,0
568,Souleymane Cisse,0.4,1,1,1,0,0,1,1,100.0,0,1,1,0,1,2,2,0
569,Patrick Ciurria,30.6,31,18,20,10,1,17,33,51.5,16,24,2,22,7,38,32,0
572,Alexis Claude-Maurice,0.7,3,2,2,1,0,3,3,100.0,0,0,0,0,2,5,1,0
573,Alexis Claude-Maurice,6.7,14,9,5,8,1,6,16,37.5,10,6,0,6,2,16,1,0
574,Jonathan Clauss,28.8,46,28,21,16,9,23,52,44.2,29,29,4,25,31,77,40,2
575,Carlos Clerc,29.3,75,51,55,16,4,31,50,62.0,19,29,7,22,28,103,94,1
576,Nathaniel Clyne,18.2,27,16,13,9,5,14,23,60.9,9,22,4,18,19,46,34,0
577,Conor Coady,23.3,14,9,8,6,0,7,15,46.7,8,21,17,4,14,28,88,3
578,Nicolo Cocetta,0.4,0,0,0,0,0,0,1,0.0,1,1,1,0,1,1,1,0
579,Marcus Coco,7.1,24,15,11,9,4,11,23,47.8,12,13,3,10,14,38,7,0
580,Alexandre Coeff,6.5,10,5,6,4,0,4,9,44.4,5,9,4,5,8,18,35,1
581,Jack Colback,5.5,18,13,12,6,0,5,8,62.5,3,3,0,3,3,21,9,0
582,Seamus Coleman,18.4,35,26,21,10,4,19,29,65.5,10,14,7,7,22,57,58,2
583,David Colina,1.8,4,1,1,1,2,2,2,100.0,0,8,0,8,4,8,3,0
584,Alex Collado,8.1,26,14,13,11,2,8,13,61.5,5,12,1,11,2,28,4,0
586,Omar Colley,15.4,17,10,10,7,0,9,12,75.0,3,9,5,4,22,39,69,1
587,Nathan Collins,20.2,27,15,19,8,0,15,24,62.5,9,35,28,7,21,48,84,0
588,Lorenzo Colombo,16.8,17,9,1,9,7,6,14,42.9,8,22,0,22,2,19,7,0
589,Andrea Colpani,10.5,14,9,6,5,3,8,12,66.7,4,14,2,12,3,17,6,0
590,Levi Colwill,13.6,8,7,4,4,0,4,9,44.4,5,5,3,2,15,23,37,1
591,Kingsley Coman,15.7,11,8,3,5,3,7,17,41.2,10,19,1,18,2,13,7,0
592,Eray Comert,18.6,35,23,24,10,1,17,33,51.5,16,23,8,15,29,64,76,1
593,Santi Comesana,27.2,71,44,24,41,6,38,82,46.3,44,39,3,36,32,103,17,0
594,Andrea Consigli,35.0,1,0,1,0,0,0,1,0.0,1,0,0,0,0,1,13,3
595,Abdu Conte,14.6,25,17,14,8,3,12,22,54.5,10,13,6,7,6,31,25,0
598,Lewis Cook,19.1,37,22,10,22,5,18,42,42.9,24,29,10,19,23,60,31,0
599,Steve Cook,10.6,8,4,4,4,0,5,7,71.4,2,16,11,5,12,20,51,0
600,Liam Cooper,15.8,38,23,27,9,2,23,36,63.9,13,16,8,8,34,72,57,3
601,Copete,24.5,53,28,35,16,2,26,36,72.2,10,38,17,21,44,97,111,2
602,Diego Coppola,13.1,25,17,15,10,0,11,24,45.8,13,20,6,14,14,39,38,0
603,Francis Coquelin,8.3,18,13,7,9,2,7,7,100.0,0,8,2,6,9,27,7,0
604,Sebastien Corchia,8.7,16,6,10,2,4,11,22,50.0,11,9,3,6,14,30,21,0
606,Maxwel Cornet,2.7,7,3,5,0,2,4,6,66.7,2,6,0,6,2,9,3,0
607,Jesus Corona,1.2,1,0,1,0,0,0,1,0.0,1,0,0,0,1,2,1,0
608,Angel Correa,16.2,12,6,6,3,3,5,16,31.3,11,17,0,17,10,22,6,1
609,Joaquin Correa,10.6,12,7,3,6,3,4,15,26.7,11,4,1,3,3,15,0,0
610,Thierry Correia,22.3,71,52,46,22,3,31,54,57.4,23,25,2,23,24,95,54,2
612,Danny da Costa,13.7,20,16,7,8,5,12,20,60.0,8,22,3,19,9,29,26,0
613,David Pereira da Costa,15.6,13,7,1,10,2,7,19,36.8,12,19,1,18,11,24,6,0
614,Diego Costa,13.8,3,1,3,0,0,2,9,22.2,7,6,1,5,2,5,17,0
615,Jaume Costa,28.9,50,34,26,17,7,29,51,56.9,22,13,5,8,22,72,44,1
616,Logan Costa,4.6,9,4,7,1,1,6,9,66.7,3,6,3,3,4,13,12,0
617,Nuno da Costa,22.3,45,23,14,23,8,11,46,23.9,35,21,1,20,20,65,15,0
618,Samu Costa,22.1,61,31,35,20,6,29,61,47.5,32,29,7,22,37,98,64,4
619,Benoit Costil,19.0,2,0,2,0,0,2,4,50.0,2,0,0,0,0,2,5,0
620,Vladimir Coufal,23.7,58,31,37,15,6,36,51,70.6,15,24,6,18,38,96,70,0
621,Lassana Coulibaly,32.1,84,50,42,35,7,30,73,41.1,43,35,7,28,25,109,33,2
624,Tanguy Coulibaly,3.6,12,9,9,1,2,5,12,41.7,7,10,0,10,3,15,0,0
625,Thibaut Courtois,31.0,1,0,1,0,0,1,1,100.0,0,0,0,0,3,4,7,1
626,Mathieu Coutadeur,21.6,23,13,13,10,0,8,28,28.6,20,19,3,16,19,42,21,0
627,Philippe Coutinho,8.8,19,14,8,8,3,9,15,60.0,6,11,1,10,4,23,2,0
628,Yan Couto,12.9,25,18,11,11,3,12,20,60.0,8,7,2,5,5,30,10,0
630,Nicolas Cozza,14.2,38,21,27,9,2,26,38,68.4,12,11,5,6,21,59,35,1
631,Nicolas Cozza,1.1,3,3,1,2,0,2,3,66.7,1,3,1,2,0,3,0,0
632,Alessio Cragno,1.0,0,0,0,0,0,0,1,0.0,1,0,0,0,0,0,0,0
634,Aaron Cresswell,24.8,21,11,12,7,2,12,31,38.7,19,21,11,10,27,48,56,0
635,Bryan Cristante,32.6,113,62,55,49,9,55,90,61.1,35,39,10,29,18,131,53,0
636,Domen Crnigoj,3.3,8,3,0,7,1,1,2,50.0,1,9,1,8,9,17,6,0
637,Juan Cruz Armada,22.9,24,14,17,4,3,13,23,56.5,10,21,8,13,13,37,58,0
638,Juan Cruz,2.0,1,0,0,1,0,1,3,33.3,2,1,0,1,0,1,0,0
639,Juan Cuadrado,23.1,50,34,34,13,3,27,65,41.5,38,15,2,13,24,74,32,0
640,Marc Cucurella,18.6,66,33,40,15,11,30,60,50.0,30,28,8,20,16,82,48,1
641,Jorge Cuenca,5.6,9,7,7,2,0,4,7,57.1,3,10,8,2,6,15,44,0
642,Braian Cufre,2.4,5,2,2,1,2,2,5,40.0,3,2,1,1,2,7,1,0
643,Mickael Cuisance,6.9,13,10,7,5,1,5,23,21.7,18,10,0,10,5,18,4,0
644,Matheus Cunha,10.7,7,4,0,5,2,2,10,20.0,8,15,3,12,9,16,11,0
645,Matheus Cunha,4.2,4,1,1,3,0,0,3,0.0,3,4,1,3,2,6,3,0
646,Curro,0.5,2,0,1,1,0,1,2,50.0,1,0,0,0,0,2,0,0
647,Marco D'Alessandro,3.2,4,4,3,1,0,2,5,40.0,3,2,0,2,1,5,3,0
648,Danilo D'Ambrosio,8.1,25,17,17,7,1,15,27,55.6,12,12,4,8,10,35,17,0
650,Luca D'Andrea,3.5,4,0,2,1,1,1,4,25.0,3,2,0,2,1,5,1,0
651,Damien Da Silva,3.8,8,7,5,3,0,3,3,100.0,0,4,3,1,5,13,12,0
652,Moanes Dabbur,10.4,11,8,4,5,2,3,9,33.3,6,8,0,8,5,16,0,0
654,Colin Dagba,10.6,32,20,17,10,5,19,26,73.1,7,18,2,16,17,49,19,0
656,Mahmoud Dahoud,3.7,11,9,3,4,4,7,7,100.0,0,6,2,4,7,18,3,0
657,Patson Daka,13.2,14,8,6,8,0,3,12,25.0,9,14,2,12,7,21,7,0
658,Thijs Dallinga,26.1,8,6,2,2,4,1,13,7.7,12,17,3,14,3,11,20,0
659,Diogo Dalot,23.9,54,41,40,13,1,33,45,73.3,12,25,7,18,37,91,55,2
660,Muhammed Damar,1.8,6,3,1,2,3,1,2,50.0,1,3,0,3,0,6,0,0
661,Mikkel Damsgaard,11.0,31,21,13,13,5,15,42,35.7,27,20,2,18,10,41,14,0
662,Flavius Daniliuc,24.4,57,29,37,17,3,26,47,55.3,21,30,13,17,29,86,76,0
663,Flavius Daniliuc,1.0,2,0,2,0,0,1,1,100.0,0,4,1,3,0,2,1,0
664,Danilo,10.8,18,7,7,9,2,6,25,24.0,19,26,6,20,9,27,19,0
665,Danilo,35.4,92,62,61,23,8,52,73,71.2,21,39,20,19,47,139,114,1
667,Arnaut Danjuma,5.3,3,3,1,0,2,1,2,50.0,1,0,0,0,0,3,1,1
669,Kevin Danso,35.9,37,19,25,11,1,19,30,63.3,11,48,34,14,33,70,124,0
670,Dante,36.7,70,40,45,21,4,36,59,61.0,23,52,31,21,47,117,125,2
671,Marton Dardai,10.5,17,8,9,8,0,9,18,50.0,9,14,9,5,11,28,45,1
672,Sergi Darder,36.9,69,38,12,43,14,29,73,39.7,44,34,2,32,24,93,23,0
673,Achraf Dari,14.6,21,14,15,5,1,14,20,70.0,6,16,10,6,19,40,65,2
676,Matteo Darmian,22.5,56,30,29,15,12,31,47,66.0,16,33,5,28,21,77,36,0
677,Josh Dasilva,15.4,18,9,6,6,6,6,16,37.5,10,22,6,16,5,23,7,1
678,David Datro Fofana,0.8,3,1,1,1,1,1,1,100.0,0,1,0,1,0,3,0,0
679,Jonathan David,35.2,24,17,6,11,7,10,27,37.0,17,20,2,18,8,32,13,0
680,Alphonso Davies,22.7,45,28,25,13,7,18,39,46.2,21,28,4,24,24,69,24,4
681,Ben Davies,25.4,28,11,13,13,2,14,26,53.8,12,17,8,9,18,46,72,0
682,Tom Davies,6.0,15,9,5,9,1,7,14,50.0,7,10,1,9,4,19,7,1
683,Pawel Dawidowicz,18.1,48,31,28,17,3,22,31,71.0,9,14,9,5,23,71,71,0
684,Craig Dawson,8.0,10,6,8,2,0,4,6,66.7,2,9,6,3,6,16,26,0
685,Craig Dawson,15.7,9,6,6,3,0,4,7,57.1,3,31,23,8,12,21,74,2
686,Kevin De Bruyne,26.9,28,12,3,12,13,14,39,35.9,25,27,2,25,9,37,10,0
687,Charles De Ketelaere,12.4,26,12,7,14,5,13,30,43.3,17,14,2,12,4,30,9,0
690,Rodrigo De Paul,21.4,35,21,11,18,6,18,35,51.4,17,20,3,17,8,43,7,0
691,Mattia De Sciglio,11.6,14,7,8,3,3,9,14,64.3,5,9,3,6,4,18,20,0
692,Lorenzo De Silvestri,7.5,3,2,2,0,1,3,7,42.9,4,6,5,1,3,6,20,0
693,Thibault De Smet,19.5,24,17,10,14,0,11,37,29.7,26,28,5,23,20,44,40,1
694,Koni De Winter,11.4,14,9,11,3,0,5,13,38.5,8,14,12,2,6,20,65,0
695,Gregoire Defrel,13.0,9,7,5,2,2,4,13,30.8,9,11,0,11,2,11,5,0
697,Brecht Dejaegere,20.1,40,23,10,20,10,15,51,29.4,36,25,5,20,14,54,11,0
698,Romain Del Castillo,15.8,39,24,13,17,9,16,36,44.4,20,14,1,13,11,50,5,0
700,Thomas Delaine,11.9,28,14,16,6,6,13,26,50.0,13,8,3,5,16,44,9,0
702,Thomas Delaney,3.4,4,2,0,4,0,3,5,60.0,2,3,2,1,4,8,3,0
703,Thomas Delaney,3.3,6,3,3,2,1,3,8,37.5,5,5,0,5,1,7,4,0
704,Sacha Delaye,0.2,1,0,0,0,1,1,1,100.0,0,0,0,0,0,1,0,0
706,Andy Delort,8.7,2,0,1,1,0,1,2,50.0,1,0,0,0,1,3,7,0
707,Andy Delort,5.2,5,4,1,2,2,2,6,33.3,4,3,0,3,0,5,2,0
708,Karamoko Dembele,2.0,2,0,1,1,0,2,2,100.0,0,1,0,1,1,3,0,0
709,Moussa Dembele,9.7,8,4,3,3,2,4,7,57.1,3,5,0,5,2,10,6,0
710,Ousmane Dembele,15.7,19,12,4,8,7,4,15,26.7,11,10,1,9,0,19,2,0
711,Siriki Dembele,1.2,3,1,2,1,0,0,1,0.0,1,1,0,1,1,4,1,0
712,Siriki Dembele,4.1,10,6,4,3,3,4,12,33.3,8,2,0,2,1,11,2,0
713,Merih Demiral,17.1,41,29,30,11,0,26,36,72.2,10,24,7,17,24,65,57,1
714,Kerem Demirbay,17.2,36,18,16,17,3,18,34,52.9,16,26,6,20,16,52,11,0
715,Ermedin Demirovic,26.3,31,14,9,12,10,9,22,40.9,13,31,4,27,14,45,37,0
716,Diego Demme,1.6,1,0,1,0,0,0,4,0.0,4,2,0,2,0,1,1,0
717,Sepp van den Berg,7.7,5,4,2,2,1,1,4,25.0,3,8,5,3,13,18,33,2
718,Branco van den Boomen,32.1,71,36,26,32,13,36,89,40.4,53,27,4,23,10,81,27,2
719,Leander Dendoncker,7.7,19,9,11,6,2,11,21,52.4,10,19,4,15,10,29,12,0
720,Leander Dendoncker,2.4,4,2,0,3,1,2,3,66.7,1,2,0,2,9,13,4,0
721,Emmanuel Dennis,8.0,17,11,5,5,7,8,17,47.1,9,13,1,12,2,19,6,0
722,Fabio Depaoli,24.1,48,28,25,16,7,25,44,56.8,19,32,6,26,18,66,33,3
723,Fabio Depaoli,1.5,5,3,2,3,0,3,4,75.0,1,1,0,1,1,6,4,0
725,Halil Dervisoglu,0.1,0,0,0,0,0,0,1,0.0,1,0,0,0,0,0,0,0
728,Mikkel Desler,25.1,71,38,36,27,8,43,67,64.2,24,35,6,29,36,107,48,2
729,Cyriel Dessers,17.6,11,4,4,4,3,2,6,33.3,4,14,2,12,3,14,5,0
730,Sergino Dest,3.7,12,6,3,5,4,3,4,75.0,1,1,0,1,4,16,2,0
732,Gerard Deulofeu,13.5,8,5,5,1,2,5,15,33.3,10,8,1,7,2,10,1,0
733,Kiernan Dewsbury-Hall,25.6,53,29,14,34,5,19,47,40.4,28,55,13,42,28,81,21,0
735,Federico Di Francesco,22.6,28,16,7,11,10,9,19,47.4,10,16,0,16,8,36,14,0
736,Michele Di Gregorio,37.0,0,0,0,0,0,0,3,0.0,3,1,0,1,4,4,18,3
737,Giovanni Di Lorenzo,36.2,60,29,33,19,8,25,49,51.0,24,30,9,21,30,90,60,0
738,Angel Di Maria,15.1,10,5,3,5,2,3,19,15.8,16,15,0,15,7,17,0,0
739,Boulaye Dia,28.0,12,5,3,6,3,2,7,28.6,5,10,0,10,7,19,27,1
740,Moussa Diaby,30.0,14,8,4,8,2,7,14,50.0,7,8,0,8,5,19,3,0
741,Mouctar Diakhaby,27.2,30,16,19,11,0,13,20,65.0,7,30,17,13,20,50,111,2
742,Mamadou Diakhon,0.2,2,0,2,0,0,0,1,0.0,1,1,0,1,1,3,0,0
743,Bafode Diakite,29.5,54,35,23,24,7,32,57,56.1,25,37,8,29,17,71,58,0
744,Ibrahim Diakite,1.5,3,3,3,0,0,2,3,66.7,1,0,0,0,5,8,6,0
745,Abdou Diallo,5.3,6,5,5,1,0,1,3,33.3,2,8,5,3,8,14,22,0
747,Habib Diallo,32.0,18,10,8,7,3,6,16,37.5,10,19,4,15,12,30,26,0
748,Ibrahima Diallo,9.1,25,15,14,10,1,8,14,57.1,6,11,1,10,6,31,11,0
749,Ismael Diallo,24.2,46,33,35,9,2,35,63,55.6,28,26,12,14,30,76,46,1
750,Mamady Diarra,0.7,2,1,2,0,0,1,2,50.0,1,2,0,2,0,2,0,0
751,Mouhamadou Diarra,18.1,24,16,10,11,3,15,29,51.7,14,17,1,16,11,35,13,0
752,Moussa Diarra,13.6,20,9,9,9,2,9,15,60.0,6,25,10,15,19,39,27,1
754,Stephane Diarra,11.8,25,17,14,9,2,11,29,37.9,18,13,1,12,22,47,9,0
755,Youba Diarra,1.1,3,0,2,1,0,1,5,20.0,4,7,1,6,2,5,3,0
756,Ruben Dias,22.2,21,13,10,10,1,11,18,61.1,7,21,13,8,18,39,56,1
757,Krepin Diatta,23.0,30,21,4,17,9,13,32,40.6,19,29,1,28,17,47,12,0
758,Mory Diaw,37.0,0,0,0,0,0,0,4,0.0,4,0,0,0,2,2,13,5
759,Brahim Diaz,21.4,32,15,5,22,5,5,15,33.3,10,11,0,11,7,39,6,0
760,Luis Diaz,11.1,17,11,4,8,5,8,15,53.3,7,8,0,8,6,23,2,0
762,Bamba Dieng,2.2,4,4,2,1,1,3,4,75.0,1,5,1,4,0,4,0,0
763,Bamba Dieng,8.3,19,10,5,12,2,3,11,27.3,8,6,0,6,2,21,6,0
764,Eric Dier,31.3,30,19,16,12,2,9,19,47.4,10,41,24,17,35,65,112,2
765,Florian Dietz,4.4,2,1,0,2,0,1,4,25.0,3,4,1,3,0,2,2,0
766,Lucas Digne,16.7,30,12,20,9,1,20,33,60.6,13,18,5,13,18,48,45,0
767,Federico Dimarco,23.0,31,25,6,18,7,9,19,47.4,10,15,4,11,18,49,20,0
768,Stole Dimitrievski,36.9,1,0,1,0,0,1,2,50.0,1,2,0,2,1,2,17,3
769,Junior Dina Ebimbe,11.8,30,19,16,14,0,16,33,48.5,17,18,5,13,11,41,20,0
770,Tristan Dingome,1.1,1,1,0,1,0,0,2,0.0,2,0,0,0,0,1,0,0
771,Eren Dinkci,2.6,5,5,2,1,2,2,6,33.3,4,2,0,2,0,5,2,0
772,Sinaly Diomande,21.7,42,24,26,15,1,31,49,63.3,18,26,13,13,49,91,75,1
773,Lois Diony,5.6,1,0,0,1,0,1,3,33.3,2,2,0,2,0,1,1,0
774,Edan Diop,2.5,13,8,3,3,7,7,15,46.7,8,7,1,6,4,17,1,0
775,Issa Diop,22.4,28,19,18,9,1,17,32,53.1,15,24,17,7,35,63,86,0
776,Sofiane Diop,13.6,23,11,12,6,5,7,20,35.0,13,14,2,12,16,39,5,0
778,Yehvann Diouf,31.0,2,0,2,0,0,1,3,33.3,2,0,0,0,1,3,13,5
780,Axel Disasi,37.0,30,20,13,13,4,13,27,48.1,14,51,31,20,56,86,112,2
781,Tiago Djalo,22.4,31,21,23,7,1,13,20,65.0,7,17,11,6,23,54,60,1
782,Djene,31.6,41,28,23,17,1,22,38,57.9,16,25,10,15,42,83,81,1
783,Moussa Djenepo,7.9,19,11,13,5,1,11,26,42.3,15,19,2,17,11,30,7,0
784,Koffi Djidji,26.9,50,25,32,17,1,18,32,56.3,14,29,14,15,34,84,72,0
785,Alexander Djiku,29.7,53,36,37,16,0,26,46,56.5,20,45,19,26,66,119,151,3
786,Berat Djimsiti,20.0,34,19,21,13,0,17,25,68.0,8,17,7,10,36,70,74,1
787,Moussa Djitte,1.5,1,0,0,0,1,1,2,50.0,1,0,0,0,0,1,1,0
791,Ben Doak,0.3,3,2,1,2,0,1,1,100.0,0,1,0,1,0,3,0,0
792,Ritsu Doan,26.9,61,29,19,29,13,25,54,46.3,29,40,1,39,14,75,12,0
793,Dodo,25.9,40,22,20,14,6,22,46,47.8,24,26,2,24,25,65,37,0
794,Danilho Doekhi,24.6,38,23,21,17,0,14,26,53.8,12,27,12,15,29,67,93,0
795,Matt Doherty,7.4,16,10,12,3,1,8,10,80.0,2,11,6,5,8,24,14,1
797,Josh Doig,15.0,19,8,6,7,6,6,16,37.5,10,25,6,19,11,30,13,1
798,Jeremy Doku,14.3,25,16,6,13,6,12,24,50.0,12,10,0,10,5,30,2,0
799,Kasper Dolberg,2.2,1,0,0,1,0,1,3,33.3,2,0,0,0,0,1,5,0
800,Kasper Dolberg,4.5,7,5,1,4,2,4,6,66.7,2,6,2,4,0,7,5,0
801,Carlos Dominguez,1.2,1,1,0,1,0,1,2,50.0,1,1,1,0,0,1,7,0
802,Nicolas Dominguez,25.6,79,49,34,33,12,39,76,51.3,37,29,3,26,21,100,29,1
803,John Donald,12.1,20,11,9,9,2,7,14,50.0,7,14,7,7,14,34,23,1
804,Giulio Donati,4.7,4,1,1,1,2,3,6,50.0,3,3,1,2,4,8,11,0
806,Kyliane Dong,2.4,3,1,0,2,1,1,2,50.0,1,1,0,1,1,4,0,0
807,Jordan Dongmo,0.2,1,0,0,1,0,1,1,100.0,0,0,0,0,0,1,0,0
808,Gianluigi Donnarumma,37.9,1,0,1,0,0,1,2,50.0,1,0,0,0,0,1,12,4
809,Niklas Dorsch,5.4,21,12,8,11,2,9,16,56.3,7,9,3,6,6,27,9,0
810,Gabriel Dos Santos,37.9,48,30,29,15,4,18,27,66.7,9,49,26,23,32,80,125,2
811,Jodel Dossou,2.9,7,4,3,2,2,4,4,100.0,0,2,1,1,1,8,0,0
812,Lohann Doucet,1.0,3,0,2,0,1,3,4,75.0,1,2,0,2,2,5,4,0
813,Abdoulaye Doucoure,17.0,31,20,9,15,7,12,37,32.4,25,26,3,23,13,44,11,0
814,Cheick Doucoure,30.8,77,46,40,33,4,29,52,55.8,23,47,13,34,56,133,48,0
815,Ckene Doucoure,1.5,2,2,2,0,0,1,2,50.0,1,0,0,0,1,3,0,0
816,Desire Doue,12.4,37,18,10,23,4,13,32,40.6,19,17,1,16,13,50,3,0
818,Ismael Doukoure,25.5,48,24,23,21,4,20,34,58.8,14,26,8,18,27,75,54,0
819,Kamory Doumbia,12.8,31,16,9,14,8,12,37,32.4,25,17,1,16,13,44,3,0
820,Souleyman Doumbia,19.9,45,31,31,13,1,17,31,54.8,14,20,3,17,27,72,27,1
821,Flynn Downes,8.5,16,9,4,10,2,6,12,50.0,6,15,2,13,7,23,6,0
823,Bartlomiej Dragowski,32.7,1,0,1,0,0,1,5,20.0,4,0,0,0,1,2,15,3
824,Cody Drameh,0.8,5,4,0,4,1,2,3,66.7,1,0,0,0,1,6,1,0
825,Dion Drena Beljo,12.5,7,6,3,2,2,2,13,15.4,11,15,2,13,1,8,14,0
826,Dominick Drexler,15.2,25,17,12,10,3,9,22,40.9,13,18,2,16,8,33,12,0
827,Domingos Duarte,29.5,26,18,21,5,0,19,26,73.1,7,29,23,6,39,65,145,0
828,Martin Dubravka,1.7,0,0,0,0,0,0,1,0.0,1,0,0,0,0,0,1,0
829,Marvin Ducksch,31.7,8,3,2,4,2,3,16,18.8,13,13,2,11,9,17,41,1
830,Ondrej Duda,11.8,22,14,7,12,3,9,16,56.3,7,11,0,11,13,35,8,0
832,Ondrej Duda,7.7,9,8,2,5,2,4,11,36.4,7,7,1,6,2,11,3,0
834,Remy Dugimont,1.3,2,1,0,1,1,1,2,50.0,1,3,0,3,0,2,5,0
835,Denzel Dumfries,24.6,35,18,17,13,5,22,34,64.7,12,33,9,24,12,47,26,0
836,Alfred Duncan,12.3,18,10,0,17,1,10,21,47.6,11,9,0,9,8,26,6,0
837,Lewis Dunk,36.0,30,19,19,9,2,18,41,43.9,23,37,27,10,34,64,81,1
839,Jhon Duran,1.5,2,2,0,1,1,1,4,25.0,3,0,0,0,2,4,2,0
841,Julien Duranville,0.3,1,1,0,1,0,1,1,100.0,0,0,0,0,0,1,0,0
842,Hugo Duro,15.4,15,12,2,6,7,7,17,41.2,10,11,1,10,2,17,7,1
843,Jean-Kevin Duverne,27.9,72,38,44,24,4,42,73,57.5,31,33,5,28,28,100,65,1
844,Paulo Dybala,19.3,14,4,1,8,5,8,26,30.8,18,12,1,11,8,22,4,0
845,Edin Dzeko,19.2,3,2,0,3,0,0,4,0.0,4,15,1,14,3,6,25,0
846,Malcolm Ebiowei,0.4,1,1,1,0,0,0,1,0.0,1,2,0,2,0,1,0,0
847,Festy Ebosele,4.6,15,10,8,7,0,4,10,40.0,6,5,0,5,2,17,5,0
848,Enzo Ebosse,10.3,15,9,11,4,0,9,13,69.2,4,27,6,21,11,26,29,0
849,Tyronne Ebuehi,21.4,22,14,11,7,4,9,13,69.2,4,23,12,11,12,34,79,1
850,Ederson,35.0,3,1,3,0,0,1,2,50.0,1,0,0,0,1,4,10,2
851,Ederson,24.6,67,34,18,42,7,29,66,43.9,37,56,7,49,36,103,31,0
852,Odsonne Edouard,20.0,25,13,7,12,6,7,13,53.8,6,17,5,12,3,28,22,0
853,Samuel Edozie,6.3,17,10,6,10,1,3,8,37.5,5,7,0,7,6,23,6,0
854,Maximilian Eggestein,27.2,51,29,21,24,6,17,35,48.6,18,37,8,29,36,87,27,0
855,Lilian Egloff,2.7,12,10,4,5,3,4,6,66.7,2,2,0,2,1,13,1,0
856,Inigo Eguaras,10.7,11,8,4,6,1,5,18,27.8,13,9,3,6,6,17,15,0
858,Kingsley Ehizibue,17.1,47,31,28,13,6,29,45,64.4,16,21,3,18,10,57,42,1
861,Chidera Ejuke,9.9,5,4,1,4,0,1,5,20.0,4,4,0,4,4,9,1,0
862,Albin Ekdal,19.3,37,20,14,20,3,19,45,42.2,26,24,2,22,26,63,36,0
863,Hugo Ekitike,12.8,12,4,1,10,1,4,12,33.3,8,12,0,12,9,21,3,0
865,Anthony Elanga,4.7,3,0,0,2,1,1,2,50.0,1,4,0,4,2,5,4,0
866,Alberth Elis,2.9,4,3,1,2,1,1,7,14.3,6,1,0,1,1,5,2,0
867,Mikael Ellertsson,1.9,4,2,1,3,0,0,3,0.0,3,2,1,1,2,6,0,0
868,Harvey Elliott,17.9,27,18,6,12,9,9,36,25.0,27,26,1,25,15,42,8,0
869,Elif Elmas,18.1,24,13,8,12,4,11,23,47.8,12,18,2,16,11,35,5,0
870,Mohamed Elneny,1.3,1,1,1,0,0,1,1,100.0,0,0,0,0,0,1,0,0
871,Aritz Elustondo,16.1,26,17,15,10,1,14,26,53.8,12,15,6,9,20,46,43,1
872,Nico Elvedi,31.4,46,24,32,12,2,27,41,65.9,14,31,16,15,35,81,149,3
873,Rodrigo Ely,35.1,30,21,26,4,0,18,25,72.0,7,46,33,13,31,61,203,1
874,Mohamed Elyounoussi,24.1,46,28,22,20,4,19,43,44.2,24,40,3,37,27,73,37,0
875,Adri Embarba,16.4,50,27,21,26,3,22,46,47.8,24,23,0,23,9,59,9,0
876,Adri Embarba,0.4,1,0,0,1,0,1,1,100.0,0,1,0,1,0,1,0,0
877,Breel Embolo,20.7,15,9,2,7,6,5,10,50.0,5,14,3,11,5,20,12,0
878,Emerson,19.3,54,33,38,12,4,27,40,67.5,13,17,3,14,18,72,75,0
879,Youssef En-Nesyri,18.5,16,8,3,7,6,4,14,28.6,10,6,2,4,4,20,16,0
880,Wataru Endo,32.5,70,37,30,31,9,38,85,44.7,47,44,6,38,26,96,63,0
881,Arne Engels,16.0,20,9,9,10,1,8,19,42.1,11,17,5,12,15,35,12,1
882,Christian Eriksen,22.8,22,18,10,7,5,10,32,31.3,22,23,9,14,11,33,20,1
884,Martin Erlic,25.9,27,16,18,8,1,10,23,43.5,13,36,23,13,31,58,120,1
886,Gonzalo Escalante,6.2,16,8,8,8,0,10,13,76.9,3,7,1,6,10,26,4,0
887,Gonzalo Escalante,12.5,36,24,15,20,1,15,29,51.7,14,18,4,14,17,53,26,1
888,Sergio Escudero,16.0,33,19,21,8,4,15,35,42.9,20,26,6,20,26,59,46,0
889,Alfonso Espino,34.7,87,56,55,20,12,48,96,50.0,48,52,11,41,48,135,99,3
890,Bernardo Espinosa,13.6,6,2,2,4,0,3,9,33.3,6,17,10,7,12,18,70,2
891,Salvatore Esposito,10.8,15,12,8,5,2,5,21,23.8,16,9,1,8,11,26,18,0
892,Maxime Esteve,18.3,24,13,17,5,2,12,17,70.6,5,28,17,11,34,58,90,0
893,Pervis Estupinan,29.7,61,31,36,19,6,35,60,58.3,25,30,8,22,37,98,37,1
894,Jonny Evans,11.7,13,5,12,1,0,7,11,63.6,4,15,11,4,18,31,51,0
895,Edu Exposito,12.9,34,20,16,15,3,13,23,56.5,10,7,0,7,12,46,20,0
896,Eberechi Eze,29.3,42,24,17,18,7,18,38,47.4,20,22,0,22,13,55,10,0
898,Nicolas Ezequiel Fernandez,5.7,23,12,10,7,6,9,17,52.9,8,7,0,7,5,28,2,1
899,Abdessamad Ezzalzouli,16.7,29,19,13,12,4,13,23,56.5,10,20,0,20,4,33,6,0
900,Lukasz Fabianski,34.6,2,0,2,0,0,1,2,50.0,1,1,0,1,0,2,10,1
901,Fabinho,29.7,65,38,18,40,7,24,62,38.7,38,38,11,27,37,102,40,0
902,Fabio,2.5,4,2,1,2,1,4,6,66.7,2,2,0,2,3,7,11,0
903,Noah Fadiga,14.5,30,21,18,9,3,14,26,53.8,12,17,7,10,26,56,18,0
904,Wout Faes,31.0,56,33,28,26,2,28,44,63.6,16,53,37,16,41,97,113,2
905,Wout Faes,3.0,1,1,1,0,0,1,2,50.0,1,6,3,3,7,8,19,0
906,Nicolo Fagioli,16.9,29,19,12,15,2,8,27,29.6,19,16,2,14,8,37,7,1
907,Ralf Fahrmann,11.4,1,0,1,0,0,1,1,100.0,0,0,0,0,0,1,10,2
908,Romain Faivre,13.8,13,8,5,4,4,5,25,20.0,20,11,0,11,1,14,4,0
910,Romain Faivre,3.3,6,3,2,2,2,1,3,33.3,2,3,0,3,0,6,0,0
911,Radamel Falcao,6.8,4,4,1,3,0,1,8,12.5,7,5,1,4,2,6,10,0
912,Wladimiro Falcone,38.0,2,0,2,0,0,2,2,100.0,0,0,0,0,2,4,21,3
913,Fali,19.0,27,19,19,8,0,18,29,62.1,11,24,15,9,13,40,70,1
914,Fallou Fall,0.4,0,0,0,0,0,0,1,0.0,1,3,3,0,0,0,4,0
916,Davide Faraoni,16.5,34,24,19,13,2,16,41,39.0,25,30,11,19,15,49,37,0
917,Ansu Fati,15.5,16,9,8,4,4,5,18,27.8,13,19,0,19,5,21,6,0
918,Khalil Fayad,8.0,30,14,12,16,2,12,21,57.1,9,8,1,7,9,39,4,0
920,Federico Fazio,11.9,15,12,8,7,0,4,11,36.4,7,9,4,5,28,43,61,0
921,Jacopo Fazzini,9.2,31,17,20,8,3,18,34,52.9,16,15,3,12,7,38,19,0
922,Zouhair Feddal,4.2,4,2,1,3,0,3,4,75.0,1,9,9,0,5,9,27,0
923,Nabil Fekir,10.7,11,5,3,3,5,2,9,22.2,7,6,2,4,1,12,0,0
924,Felipe,15.8,42,23,29,13,0,24,41,58.5,17,34,13,21,36,78,90,0
925,Felipe,2.2,3,2,1,2,0,2,4,50.0,2,2,2,0,0,3,7,0
926,Luiz Felipe,19.6,34,23,23,11,0,18,34,52.9,16,43,24,19,28,62,106,0
927,Joao Felix,10.5,14,7,5,6,3,4,12,33.3,8,3,0,3,1,15,1,1
928,Joao Felix,7.2,10,7,2,3,5,1,6,16.7,5,1,0,1,3,13,2,0
929,Ohis Felix Uduokhai,16.1,30,20,14,13,3,15,29,51.7,14,27,14,13,29,59,61,1
930,Kiko Femenia,12.6,18,9,14,3,1,13,18,72.2,5,15,6,9,20,38,22,0
931,Evan Ferguson,10.6,6,3,1,3,2,1,7,14.3,6,11,1,10,2,8,6,0
932,Lewis Ferguson,25.7,44,25,16,20,8,20,40,50.0,20,22,7,15,19,63,25,0
933,Bruno Fernandes,36.8,68,42,24,25,19,30,71,42.3,41,37,5,32,25,93,40,1
934,Edimilson Fernandes,27.1,35,25,26,5,4,18,34,52.9,16,37,16,21,54,89,87,2
936,Aitor Fernandez,21.0,1,1,1,0,0,0,1,0.0,1,0,0,0,2,3,17,0
937,Alex Fernandez,17.5,13,7,6,4,3,4,14,28.6,10,14,1,13,8,21,19,0
939,Carlos Fernandez,7.0,6,4,1,3,2,1,15,6.7,14,1,0,1,1,7,4,0
940,Enzo Fernandez,17.2,45,27,25,17,3,21,56,37.5,35,32,2,30,16,61,12,1
941,Federico Fernandez,1.0,1,1,1,0,0,1,1,100.0,0,0,0,0,2,3,12,0
942,Joaquin Fernandez,24.0,35,28,20,11,4,19,30,63.3,11,31,22,9,27,62,98,1
943,Valery Fernandez,10.7,12,6,4,6,2,5,9,55.6,4,8,1,7,10,22,9,1
944,Fernando,36.5,0,0,0,0,0,0,2,0.0,2,2,0,2,1,1,20,3
945,Fernando,17.5,34,23,14,17,3,18,30,60.0,12,21,10,11,24,58,29,0
946,Alex Ferrari,9.6,9,5,7,2,0,4,8,50.0,4,21,10,11,19,28,25,0
947,Alex Ferrari,11.2,40,23,32,7,1,28,42,66.7,14,19,4,15,25,65,45,1
948,Salvador Ferrer,1.5,4,2,2,2,0,1,3,33.3,2,3,1,2,1,5,4,0
949,Jordan Ferri,30.4,55,35,32,19,4,30,89,33.7,59,22,6,16,26,81,21,0
950,Fidel,19.0,15,10,8,5,2,4,38,10.5,34,9,0,9,5,20,8,0
953,Roberto Firmino,13.5,17,12,2,12,3,4,21,19.0,17,16,1,15,7,24,2,0
954,Junior Firpo,15.2,47,25,27,15,5,24,46,52.2,22,23,7,16,24,71,40,0
955,Kilian Fischer,5.6,9,6,3,4,2,6,11,54.5,5,6,0,6,5,14,18,0
956,Mark Flekken,34.0,0,0,0,0,0,0,1,0.0,1,1,0,1,0,0,9,5
957,Florian Flick,5.7,12,3,7,5,0,4,14,28.6,10,9,3,6,4,16,18,0
958,Alexis Flips,22.0,51,30,18,17,16,27,64,42.2,37,35,5,30,24,75,12,0
959,Alessandro Florenzi,2.3,6,4,3,2,1,4,7,57.1,3,1,0,1,4,10,2,0
960,Phil Foden,20.5,16,10,9,5,2,8,19,42.1,11,25,2,23,5,21,12,0
962,Seko Fofana,34.1,28,13,8,18,2,15,39,38.5,24,17,4,13,19,47,14,0
963,Wesley Fofana,2.0,4,2,1,2,1,1,3,33.3,2,1,1,0,9,13,5,0
964,Wesley Fofana,13.1,30,18,19,7,4,13,26,50.0,13,17,10,7,20,50,33,2
966,Youssouf Fofana,34.3,81,41,31,42,8,38,74,51.4,36,50,6,44,56,137,32,1
967,Thomas Foket,22.0,35,22,18,11,6,17,46,37.0,29,21,7,14,33,68,29,2
968,Jose Fonte,28.8,23,17,18,4,1,10,21,47.6,11,27,14,13,25,48,112,2
969,Pablo Fornals,16.7,30,15,9,12,9,13,34,38.2,21,16,2,14,14,44,9,0
970,Emil Forsberg,16.5,16,11,1,8,7,6,20,30.0,14,25,2,23,3,19,7,0
971,Adam Forshaw,5.3,12,9,5,7,0,7,17,41.2,10,9,1,8,4,16,2,0
973,Philipp Forster,14.5,31,19,11,15,5,12,40,30.0,28,22,0,22,6,37,6,0
975,Timothy Fosu-Mensah,2.1,7,5,3,3,1,4,4,100.0,0,2,0,2,0,7,1,0
976,Dimitri Foulquier,19.3,31,19,17,8,6,20,28,71.4,8,19,3,16,14,45,40,0
977,Juan Foyth,21.8,73,48,49,22,2,41,57,71.9,16,32,11,21,20,93,68,0
978,Raphael Framberger,2.0,10,6,6,4,0,3,5,60.0,2,2,1,1,2,12,5,0
980,Bartol Franjic,2.5,4,2,2,2,0,0,2,0.0,2,4,1,3,5,9,4,0
981,Przemyslaw Frankowski,31.5,77,51,37,31,9,39,80,48.8,41,38,6,32,41,118,42,2
982,Ryan Fraser,3.5,2,2,0,0,2,2,5,40.0,3,3,1,2,0,2,3,0
983,Davide Frattesi,31.9,63,36,24,29,10,25,44,56.8,19,27,6,21,16,79,42,0
985,Fred,13.9,47,30,24,20,3,15,38,39.5,23,38,2,36,19,66,19,0
986,Ryan Fredericks,5.9,3,2,2,0,1,1,4,25.0,3,7,2,5,1,4,27,0
988,Ivan Fresneda,19.4,48,34,31,13,4,29,47,61.7,18,32,8,24,15,63,60,0
989,Remo Freuler,24.0,43,23,23,15,5,19,43,44.2,24,36,9,27,29,72,45,0
990,Michael Frey,9.6,13,5,2,8,3,4,13,30.8,9,6,0,6,2,15,1,0
991,Marco Friedl,28.8,62,46,40,22,0,41,68,60.3,27,46,17,29,58,120,127,1
992,Marvin Friedrich,13.9,17,11,13,3,1,10,13,76.9,3,14,6,8,11,28,52,0
993,Jeremie Frimpong,30.1,53,27,22,26,5,23,44,52.3,21,24,3,21,16,69,40,0
994,Chris Fuhrich,20.9,36,14,15,14,7,24,44,54.5,20,29,2,27,7,43,13,0
995,Angelo Fulgini,9.5,14,7,2,4,8,5,14,35.7,9,11,0,11,8,22,2,0
996,Angelo Fulgini,5.8,6,5,2,3,1,5,12,41.7,7,5,0,5,5,11,7,0
997,Niclas Fullkrug,27.5,9,4,0,6,3,3,13,23.1,10,13,4,9,1,10,24,0
998,Matteo Gabbia,6.8,17,10,12,5,0,6,8,75.0,2,8,3,5,5,22,29,0
999,Manolo Gabbiadini,26.2,23,15,8,9,6,9,23,39.1,14,16,2,14,6,29,25,0
1001,Roberto Gagliardini,8.7,16,6,9,6,1,10,21,47.6,11,14,5,9,4,20,15,0
1002,Adolfo Gaich,8.1,5,3,0,3,2,1,6,16.7,5,7,2,5,3,8,7,1
1003,Cody Gakpo,16.2,26,15,4,13,9,13,38,34.2,25,13,1,12,4,30,2,0
1004,Javi Galan,35.1,104,72,60,40,4,48,98,49.0,50,54,5,49,41,145,63,1
1005,Inigo Ruiz de Galarreta,27.2,54,38,27,23,4,20,52,38.5,32,26,9,17,30,84,19,0
1006,Pablo Galdames Millan,8.2,14,10,8,3,3,5,33,15.2,28,13,2,11,10,24,13,0
1007,Conor Gallagher,18.0,46,33,17,19,10,10,37,27.0,27,41,10,31,23,69,18,1
1008,Antonino Gallo,27.6,56,36,35,12,9,38,57,66.7,19,37,6,31,13,69,71,0
1009,Gauthier Gallon,29.6,2,2,2,0,0,2,4,50.0,2,0,0,0,2,4,17,0
1010,Cristian Gamboa,16.4,42,24,27,14,1,21,31,67.7,10,20,7,13,16,58,34,1
1011,Kevin Gameiro,23.3,20,10,6,10,4,8,28,28.6,20,10,1,9,9,29,0,0
1012,Idrissa Gana Gueye,28.6,97,57,49,35,13,31,60,51.7,29,50,12,38,56,153,34,3
1014,Ignatius Ganago,16.9,9,7,2,3,4,4,7,57.1,3,13,1,12,2,11,12,0
1017,Aleix Garcia,26.0,37,20,9,18,10,15,33,45.5,18,24,8,16,31,68,35,1
1018,Alvaro Garcia,31.9,49,28,21,13,15,11,33,33.3,22,41,4,37,34,83,24,1
1019,Borja Garcia,7.5,10,4,7,2,1,2,9,22.2,7,3,1,2,5,15,6,1
1021,Dani Garcia,16.5,46,27,17,25,4,29,47,61.7,18,21,6,15,19,65,21,1
1022,David Garcia,29.8,34,20,22,12,0,19,22,86.4,3,28,13,15,45,79,151,0
1023,Eric Garcia,15.7,24,16,16,5,3,9,20,45.0,11,23,10,13,19,43,36,1
1024,Fran Garcia,37.9,84,54,53,23,8,55,96,57.3,41,49,8,41,44,128,66,0
1026,Raul Garcia,10.7,12,8,3,4,5,5,15,33.3,10,13,1,12,6,18,9,0
1027,Ruben Garcia,12.9,20,11,12,4,4,7,24,29.2,17,14,1,13,12,32,13,0
1028,Unai Garcia,19.0,23,13,13,8,2,12,17,70.6,5,23,14,9,19,42,60,2
1029,Alejandro Garnacho,6.3,5,2,2,0,3,1,11,9.1,10,5,0,5,5,10,3,0
1030,James Garner,8.9,16,13,4,8,4,9,19,47.4,10,9,1,8,12,28,13,0
1032,Aleix Garrido,0.1,2,1,1,0,1,1,1,100.0,0,1,0,1,0,2,0,0
1034,Johan Gastien,28.9,62,34,30,23,9,38,111,34.2,73,37,7,30,36,98,25,1
1035,Federico Gatti,16.1,15,11,9,4,2,9,15,60.0,6,20,14,6,21,36,54,2
1036,Gavi,28.1,47,31,7,30,10,21,55,38.2,34,32,5,27,18,65,22,0
1037,Paulo Gazzaniga,28.0,0,0,0,0,0,0,1,0.0,1,0,0,0,1,1,9,5
1038,David de Gea,38.0,0,0,0,0,0,0,1,0.0,1,0,0,0,1,1,15,3
1040,Dario Gebuhr,0.2,0,0,0,0,0,0,1,0.0,1,0,0,0,0,0,0,0
1041,Dennis Geiger,21.7,45,25,15,28,2,22,35,62.9,13,27,3,24,24,69,18,2
1042,Joe Gelhardt,2.4,6,2,1,3,2,3,5,60.0,2,5,0,5,0,6,4,0
1043,Valentin Gendrey,34.5,88,57,54,25,9,40,71,56.3,31,45,4,41,37,125,89,0
1044,Denis Genreau,7.3,35,13,16,12,7,13,31,41.9,18,16,1,15,8,43,9,0
1045,Yannick Gerhardt,20.7,29,15,10,11,8,12,30,40.0,18,26,5,21,7,36,24,0
1046,Valere Germain,7.6,13,11,3,5,5,4,12,33.3,8,8,0,8,6,19,12,0
1047,Gerson,4.6,6,4,1,4,1,3,5,60.0,2,5,0,5,2,8,4,0
1048,Ismael Gharbi,0.6,0,0,0,0,0,0,2,0.0,2,2,0,2,3,3,0,0
1049,Paolo Ghiglione,7.9,16,11,10,3,3,10,23,43.5,13,9,4,5,4,20,12,0
1050,Saman Ghoddos,1.5,2,1,0,1,1,1,3,33.3,2,5,1,4,4,6,2,0
1051,Faouzi Ghoulam,5.3,3,3,1,1,1,3,5,60.0,2,4,2,2,4,7,12,1
1052,Morgan Gibbs-White,2.0,3,1,3,0,0,2,3,66.7,1,2,0,2,1,4,3,0
1053,Morgan Gibbs-White,33.0,26,14,7,7,12,11,32,34.4,21,23,4,19,14,40,15,0
1054,Niko Giesselmann,14.5,21,11,9,9,3,13,31,41.9,18,17,5,12,9,30,28,0
1055,Samuel Gigot,20.9,46,24,22,21,3,12,15,80.0,3,24,7,17,45,91,85,1
1056,Rafal Gikiewicz,23.0,2,2,2,0,0,2,3,66.7,1,0,0,0,0,2,15,5
1057,Bryan Gil,1.6,3,1,3,0,0,0,3,0.0,3,3,0,3,1,4,1,0
1058,Bryan Gil,10.2,22,11,11,7,4,10,23,43.5,13,10,0,10,8,30,10,0
1060,Oscar Gil,28.4,63,37,38,16,9,32,61,52.5,29,51,18,33,31,94,55,1
1061,Mario Gila,1.0,3,1,3,0,0,0,1,0.0,1,0,0,0,3,6,3,0
1062,Billy Gilmour,5.6,5,2,2,2,1,2,8,25.0,6,5,2,3,6,11,5,0
1063,Alvaro Gimenez,0.2,0,0,0,0,0,0,1,0.0,1,0,0,0,0,0,0,0
1064,Gvidas Gineitis,1.5,3,1,0,2,1,1,2,50.0,1,0,0,0,0,3,1,0
1066,Matthias Ginter,34.0,43,20,29,12,2,26,40,65.0,14,40,24,16,35,78,153,3
1067,Andrei Girotto,35.0,122,73,71,45,6,74,132,56.1,58,55,24,31,73,195,176,1
1068,Olivier Giroud,23.8,8,5,2,4,2,2,10,20.0,8,11,3,8,3,11,23,0
1069,Serge Gnabry,21.6,35,23,11,14,10,17,43,39.5,26,24,1,23,11,46,5,1
1070,Degnand Gnonto,15.0,27,17,7,15,5,10,30,33.3,20,24,1,23,5,32,7,0
1071,Ben Godfrey,8.9,20,11,13,5,2,11,29,37.9,18,12,6,6,8,28,33,1
1072,Pierluigi Gollini,3.0,1,0,1,0,0,1,1,100.0,0,0,0,0,0,1,2,0
1074,Aleksandr Golovin,27.4,62,36,19,32,11,28,72,38.9,44,28,1,27,37,99,10,0
1075,Andre Gomes,18.1,37,19,12,17,8,19,52,36.5,33,20,5,15,9,46,16,1
1076,Angel Gomes,31.3,41,19,12,21,8,18,49,36.7,31,22,2,20,13,54,11,1
1077,Joao Gomes,7.3,29,13,14,14,1,13,23,56.5,10,12,3,9,4,33,11,0
1078,Toti Gomes,10.9,15,9,11,4,0,9,13,69.2,4,16,8,8,11,26,51,0
1079,Dani Gomez,1.0,2,1,1,1,0,1,2,50.0,1,0,0,0,1,3,0,0
1080,Joe Gomez,16.3,28,21,15,11,2,11,19,57.9,8,17,11,6,24,52,51,2
1082,Moi Gomez,27.3,26,17,9,14,3,15,32,46.9,17,15,3,12,10,36,5,1
1083,Papu Gomez,11.8,6,4,3,3,0,2,10,20.0,8,8,1,7,4,10,5,0
1084,Sergi Gomez,26.0,29,16,20,9,0,18,22,81.8,4,33,19,14,27,56,125,1
1085,Sergio Gomez,3.9,9,4,6,1,2,5,8,62.5,3,5,3,2,2,11,9,1
1087,Maxime Gonalons,16.1,52,32,25,21,6,25,53,47.2,28,21,1,20,20,72,7,1
1088,Diego Gonzalez,10.6,12,7,9,3,0,7,11,63.6,4,14,12,2,7,19,50,1
1089,Edgar Gonzalez,19.7,28,19,18,7,3,14,27,51.9,13,12,9,3,21,49,120,0
1090,Giovanni Gonzalez,10.3,16,8,11,2,3,9,22,40.9,13,8,2,6,7,23,22,0
1092,Joan Gonzalez,24.4,48,28,20,18,10,17,51,33.3,34,37,8,29,16,64,28,0
1093,Nicolas Gonzalez,15.0,17,10,3,10,4,5,16,31.3,11,14,0,14,4,21,6,0
1094,Nicolas Gonzalez,15.6,27,15,11,13,3,9,25,36.0,16,21,7,14,19,46,16,0
1095,Oumar Gonzalez,28.6,51,28,34,13,4,23,37,62.2,14,32,11,21,52,103,82,0
1096,Roberto Gonzalez,0.6,0,0,0,0,0,0,1,0.0,1,0,0,0,1,1,0,0
1097,Jacek Goralski,1.6,6,3,3,3,0,4,6,66.7,2,4,0,4,3,9,5,0
1098,Anthony Gordon,5.4,14,12,5,7,2,9,20,45.0,11,9,1,8,2,16,1,1
1099,Anthony Gordon,12.2,34,22,17,10,7,8,23,34.8,15,19,0,19,4,38,11,0
1100,Leon Goretzka,19.2,43,24,21,16,6,27,48,56.3,21,40,3,37,30,73,32,0
1101,Andoni Gorosabel,19.0,41,25,23,9,9,26,43,60.5,17,21,2,19,17,58,23,0
1102,Robin Gosens,13.2,34,18,15,10,9,15,25,60.0,10,16,2,14,23,57,15,0
1103,Mario Gotze,30.4,42,25,13,22,7,14,47,29.8,33,25,0,25,13,55,12,0
1104,Amine Gouiri,2.5,1,1,1,0,0,0,1,0.0,1,1,0,1,0,1,3,0
1105,Amine Gouiri,28.0,42,25,14,16,12,14,33,42.4,19,21,0,21,12,54,10,0
1106,Jeffrey Gouweleeuw,31.1,42,27,19,17,6,24,49,49.0,25,41,23,18,50,92,141,2
1107,Jonathan Gradit,31.4,62,40,30,25,7,31,53,58.5,22,40,26,14,38,100,83,0
1108,Jose Gragera,5.1,19,9,11,6,2,6,11,54.5,5,10,4,6,7,26,18,0
1109,Alberto Grassi,13.3,26,21,13,13,0,15,24,62.5,9,23,12,11,27,53,45,0
1110,Ryan Gravenberch,6.4,17,8,4,10,3,7,13,53.8,6,9,1,8,9,26,10,0
1112,Andrew Gravillon,11.5,16,8,9,6,1,8,13,61.5,5,18,9,9,21,37,36,0
1113,Demarai Gray,27.9,33,24,9,14,10,17,31,54.8,14,23,3,20,13,46,18,0
1114,Adrian Grbic,0.3,0,0,0,0,0,0,1,0.0,1,3,0,3,0,0,0,0
1116,Jack Grealish,22.8,25,16,10,12,3,13,22,59.1,9,17,3,14,7,32,9,0
1118,Sam Greenwood,4.7,15,7,7,8,0,8,21,38.1,13,10,2,8,1,16,1,0
1119,Michael Gregoritsch,23.9,19,12,6,9,4,3,21,14.3,18,23,4,19,5,24,10,0
1121,Leo Greiml,4.0,10,5,4,5,1,5,12,41.7,7,7,3,4,3,13,16,0
1122,Clement Grenier,8.0,20,8,6,12,2,10,20,50.0,10,9,1,8,6,26,7,0
1123,Antoine Griezmann,31.8,49,34,15,23,11,20,66,30.3,46,34,3,31,24,73,31,0
1124,Vincenzo Grifo,26.8,29,16,6,15,8,13,31,41.9,18,18,1,17,19,48,19,0
1125,Lennart Grill,5.0,0,0,0,0,0,0,1,0.0,1,0,0,0,0,0,1,1
1126,Christian Gross,21.0,56,25,20,34,2,29,60,48.3,31,20,5,15,23,79,38,1
1127,Pascal Gross,36.0,59,38,23,27,9,25,55,45.5,30,32,10,22,13,72,21,1
1129,Ilia Gruev,17.6,44,27,16,25,3,18,31,58.1,13,23,6,17,22,66,21,1
1130,Carlos Gruezo,10.7,21,12,12,9,0,9,16,56.3,7,13,4,9,10,31,15,0
1132,Andres Guardado,15.3,41,25,17,20,4,18,43,41.9,25,14,5,9,23,64,29,0
1133,Sergi Guardiola,5.6,12,7,6,5,1,2,4,50.0,2,6,0,6,2,14,7,0
1134,Sergi Guardiola,12.9,9,7,0,6,3,3,12,25.0,9,5,0,5,3,12,7,0
1135,Nemanja Gudelj,30.9,43,33,22,18,3,20,33,60.6,13,39,29,10,34,77,102,1
1136,Gabriel Gudmundsson,9.3,19,11,7,10,2,12,22,54.5,10,11,2,9,10,29,20,0
1137,Goncalo Guedes,7.9,8,6,4,3,1,5,8,62.5,3,4,0,4,1,9,2,0
1139,Marc Guehi,37.0,52,27,39,11,2,26,42,61.9,16,45,24,21,45,97,134,3
1140,Matteo Guendouzi,23.4,39,18,9,21,9,14,38,36.8,24,12,5,7,21,60,18,0
1141,Javier Guerra,6.7,16,13,7,4,5,9,20,45.0,11,8,1,7,11,27,9,0
1142,Raphael Guerreiro,25.4,36,20,13,15,8,21,34,61.8,13,21,2,19,36,72,23,0
1144,Axel Guessand,0.9,2,1,2,0,0,1,2,50.0,1,1,0,1,2,4,3,0
1145,Evann Guessand,14.0,24,16,8,13,3,6,12,50.0,6,17,1,16,9,33,6,0
1146,Ander Guevara,2.5,5,2,2,2,1,1,4,25.0,3,6,1,5,2,7,3,0
1147,Pape Gueye,13.0,37,22,13,21,3,16,33,48.5,17,21,5,16,22,59,10,0
1148,Pape Gueye,5.5,18,7,10,7,1,7,15,46.7,8,9,2,7,9,27,2,0
1149,Josuha Guilavogui,13.1,18,11,7,10,1,6,17,35.3,11,19,13,6,23,41,52,0
1150,Frederic Guilbert,16.2,47,29,18,23,6,25,43,58.1,18,24,3,21,43,90,33,1
1151,Bruno Guimaraes,30.3,78,40,27,46,5,38,65,58.5,27,28,4,24,36,114,22,1
1153,Serhou Guirassy,18.3,4,1,2,2,0,1,2,50.0,1,7,2,5,0,4,14,0
1156,Manuel Gulde,7.1,14,8,10,4,0,2,4,50.0,2,5,1,4,19,33,25,0
1157,Gerard Gumbau,30.4,44,25,17,23,4,18,51,35.3,33,32,8,24,28,72,40,0
1158,Robert Gumny,22.4,34,24,13,15,6,11,27,40.7,16,21,7,14,26,60,62,1
1159,Ilkay Gundogan,26.1,30,18,7,13,10,12,33,36.4,21,18,3,15,20,50,13,0
1160,Christian Gunter,30.5,29,21,18,9,2,13,43,30.2,30,22,4,18,16,45,41,0
1161,Koray Gunter,11.1,10,6,1,8,1,4,7,57.1,3,24,15,9,30,40,46,0
1162,Koray Gunter,8.6,10,8,6,4,0,6,9,66.7,3,10,5,5,11,21,46,0
1163,Gorka Guruzeta,15.8,24,20,6,12,6,11,24,45.8,13,23,2,21,4,28,8,0
1164,Malo Gusto,17.7,42,26,23,11,8,21,43,48.8,22,22,5,17,28,70,23,1
1165,Raul Guti,12.4,18,12,8,9,1,8,18,44.4,10,10,3,7,8,26,6,0
1166,Miguel Gutierrez,26.6,41,23,23,13,5,23,37,62.2,14,23,5,18,18,59,42,1
1167,Josko Gvardiol,24.1,23,17,15,8,0,9,22,40.9,13,34,17,17,34,57,76,1
1170,Emmanuel Gyasi,31.2,24,15,11,10,3,9,36,25.0,27,24,6,18,8,32,26,0
1171,Norbert Gyomber,19.3,32,23,25,6,1,16,24,66.7,8,33,22,11,35,67,92,0
1172,Christian Gytkjaer,6.2,6,2,1,4,1,2,5,40.0,3,6,1,5,0,6,2,0
1173,Erling Haaland,30.8,3,2,0,2,1,1,5,20.0,4,12,4,8,3,6,14,0
1174,Nicolas Haas,12.8,27,13,16,6,5,12,24,50.0,12,16,4,12,8,35,27,0
1175,Janik Haberer,24.3,29,17,8,18,3,17,48,35.4,31,35,2,33,14,43,25,0
1176,Alexander Hack,12.6,30,18,21,9,0,19,33,57.6,14,18,5,13,24,54,45,1
1177,Munir El Haddadi,12.8,12,7,3,7,2,2,10,20.0,8,23,2,21,9,21,7,0
1178,Jaouen Hadjam,8.9,27,21,13,9,5,16,25,64.0,9,10,3,7,12,39,12,0
1179,Dennis Hadzikadunic,6.8,9,6,4,5,0,4,4,100.0,0,5,4,1,3,12,27,0
1180,Andre Hahn,4.3,9,5,4,4,1,8,12,66.7,4,9,2,7,4,13,14,0
1181,Amadou Haidara,15.9,25,11,15,10,0,13,34,38.2,21,26,6,20,26,51,20,0
1182,Massadio Haidara,18.6,24,16,9,9,6,12,24,50.0,12,26,9,17,36,60,39,1
1183,Achraf Hakimi,22.8,54,34,19,20,15,31,59,52.5,28,34,2,32,16,70,19,0
1184,Lewis Hall,7.3,23,12,19,4,0,15,22,68.2,7,8,0,8,11,34,11,1
1185,Sebastien Haller,13.6,5,4,2,1,2,0,4,0.0,4,8,0,8,1,6,10,0
1186,Marcel Halstenberg,17.3,40,21,20,15,5,23,41,56.1,18,22,1,21,21,61,29,0
1187,Mathis Hamdi,0.8,0,0,0,0,0,0,1,0.0,1,0,0,0,1,1,1,0
1188,Ben Hamed Toure,2.3,4,4,2,2,0,1,5,20.0,4,2,0,2,1,5,4,0
1189,Romain Hamouma,12.0,8,3,3,3,2,3,6,50.0,3,8,0,8,2,10,2,0
1191,Andreas Hanche-Olsen,16.6,35,23,24,7,4,22,39,56.4,17,16,8,8,33,68,77,2
1193,Genki Haraguchi,8.3,16,7,7,7,2,4,16,25.0,12,13,2,11,8,24,6,0
1194,Genki Haraguchi,5.5,12,8,1,10,1,3,9,33.3,6,7,1,6,3,15,9,0
1196,Amine Harit,5.7,6,4,0,3,3,3,8,37.5,5,4,1,3,4,10,6,0
1198,Jack Harrison,30.1,41,17,5,15,21,12,52,23.1,40,47,2,45,22,63,25,0
1199,Abdou Harroui,7.2,17,6,6,7,4,2,7,28.6,5,6,1,5,2,19,10,0
1200,Makoto Hasebe,14.5,18,12,16,2,0,7,22,31.8,15,22,9,13,17,35,45,0
1201,Haissem Hassan,0.6,0,0,0,0,0,0,2,0.0,2,0,0,0,1,1,0,0
1202,Hans Hateboer,15.5,21,13,11,8,2,11,27,40.7,16,23,4,19,12,33,25,0
1203,Kai Havertz,28.5,34,16,4,20,10,10,30,33.3,20,28,0,28,7,41,41,0
1204,Eden Hazard,2.2,0,0,0,0,0,0,2,0.0,2,1,0,1,1,1,0,0
1205,Thorgan Hazard,5.2,17,6,5,11,1,12,17,70.6,5,6,0,6,5,22,5,0
1207,Jan Paul van Hecke,3.3,8,6,3,4,1,5,5,100.0,0,8,5,3,6,14,9,0
1208,Jonas Hector,31.4,112,66,59,43,10,66,113,58.4,47,61,9,52,39,151,74,1
1209,Hwang Hee-chan,12.6,20,9,7,8,5,6,19,31.6,13,18,2,16,5,25,5,0
1210,Gauthier Hein,20.8,27,20,13,11,3,18,48,37.5,30,10,0,10,6,33,10,0
1211,Dominique Heintz,8.8,13,9,5,7,1,6,17,35.3,11,11,7,4,12,25,34,0
1213,Jordan Henderson,23.0,32,23,10,18,4,15,36,41.7,21,21,3,18,21,53,16,1
1214,Liam Henderson,11.2,13,10,6,5,2,4,21,19.0,17,10,2,8,10,23,10,0
1215,Jack Hendry,2.4,0,0,0,0,0,0,1,0.0,1,2,1,1,1,1,7,0
1216,Wayne Hennessey,3.0,1,0,1,0,0,1,1,100.0,0,0,0,0,0,1,2,0
1217,Benjamin Henrichs,24.3,73,46,41,29,3,43,66,65.2,23,48,4,44,35,108,46,0
1218,Henrique,4.0,9,4,3,2,4,6,13,46.2,7,3,1,2,5,14,8,0
1219,Luiz Henrique,20.1,48,34,27,15,6,20,44,45.5,24,22,0,22,14,62,17,0
1220,Matheus Henrique,21.6,26,12,9,11,6,12,24,50.0,12,15,4,11,12,38,10,0
1222,Rico Henry,36.0,57,31,20,28,9,22,41,53.7,19,29,8,21,30,87,84,1
1223,Thomas Henry,11.4,5,3,1,1,3,1,5,20.0,4,6,2,4,0,5,14,0
1224,Christophe Herelle,11.8,10,4,7,2,1,4,13,30.8,9,16,11,5,20,30,48,0
1225,Mario Hermoso,23.4,22,15,14,6,2,9,30,30.0,21,19,9,10,19,41,85,1
1226,Javi Hernandez,12.4,21,12,12,7,2,13,21,61.9,8,10,5,5,7,28,38,0
1227,Aridane Hernandez,19.9,21,15,17,4,0,12,25,48.0,13,34,21,13,28,49,96,1
1228,Lucas Hernandez,5.3,6,4,3,3,0,5,6,83.3,1,2,1,1,5,11,7,0
1229,Luis Hernandez,35.0,33,21,25,7,1,22,36,61.1,14,31,24,7,31,64,145,0
1230,Mario Hernandez,1.1,3,2,2,1,0,3,7,42.9,4,2,0,2,2,5,0,0
1231,Theo Hernandez,30.8,43,24,27,15,1,22,38,57.9,16,34,7,27,21,64,35,1
1233,Ander Herrera,7.7,18,10,8,7,3,6,18,33.3,12,12,3,9,11,29,12,0
1234,Sergio Herrera,17.0,2,0,2,0,0,2,2,100.0,0,1,0,1,1,3,6,2
1235,Yangel Herrera,10.7,26,9,9,14,3,6,15,40.0,9,14,1,13,4,30,12,0
1236,Patrick Herrmann,1.8,6,2,4,1,1,2,4,50.0,2,2,0,2,2,8,1,0
1237,Son Heung-min,32.1,24,12,7,8,9,9,30,30.0,21,23,2,21,13,37,6,0
1238,Aaron Hickey,21.3,38,26,27,11,0,18,32,56.3,14,18,7,11,17,55,32,1
1239,Isak Hien,29.0,73,36,54,19,0,38,61,62.3,23,40,17,23,31,104,92,1
1240,Omar El Hilali,1.0,3,2,3,0,0,1,2,50.0,1,1,0,1,1,4,6,0
1241,Piero Hincapie,27.3,51,34,28,20,3,25,38,65.8,13,41,20,21,31,82,83,1
1243,Morten Hjulmand,32.9,90,52,49,40,1,37,67,55.2,30,43,11,32,72,162,54,0
1244,Adam Hlozek,14.3,9,4,4,3,2,3,9,33.3,6,9,2,7,6,15,9,0
1245,Joseph Hodge,1.9,5,2,1,3,1,3,4,75.0,1,5,0,5,0,5,2,1
1246,Nicolas Hofler,31.3,66,35,28,35,3,27,61,44.3,34,40,13,27,58,124,49,0
1248,Jonas Hofmann,29.8,31,16,17,8,6,15,52,28.8,37,36,2,34,16,47,21,0
1249,Philipp Hofmann,29.2,18,11,0,13,5,5,12,41.7,7,20,8,12,6,24,48,0
1250,Rob Holding,6.3,8,5,4,4,0,3,6,50.0,3,6,5,1,3,11,27,1
1251,Lucas Holer,16.7,19,14,5,7,7,6,22,27.3,16,22,5,17,10,29,17,0
1252,Mason Holgate,5.6,11,7,8,3,0,3,11,27.3,8,7,3,4,7,18,28,0
1253,Emil Holm,15.5,26,15,13,8,5,16,31,51.6,15,21,6,15,9,35,41,0
1254,Noah Holm,2.2,6,4,2,2,2,2,5,40.0,3,0,0,0,0,6,5,0
1255,Gerrit Holtmann,10.5,14,7,6,7,1,12,21,57.1,9,15,1,14,2,16,4,0
1256,Martin Hongla,5.8,8,5,4,4,0,5,5,100.0,0,7,1,6,6,14,9,0
1257,Martin Hongla,14.5,18,13,13,5,0,11,21,52.4,10,15,12,3,8,26,46,1
1258,Franck Honorat,28.2,41,29,20,8,13,19,34,55.9,15,22,2,20,21,62,18,0
1259,Jannes Horn,0.7,2,1,1,1,0,1,1,100.0,0,1,0,1,3,5,2,0
1260,Cedric Hountondji,34.4,50,36,31,17,2,19,29,65.5,10,44,22,22,59,109,132,1
1261,Ilyes Housni,0.1,1,1,1,0,0,1,1,100.0,0,0,0,0,0,1,0,0
1263,Petko Hristov,4.1,6,4,2,4,0,5,8,62.5,3,4,2,2,4,10,12,0
1264,Ajdin Hrustic,2.5,2,1,1,1,0,1,2,50.0,1,2,0,2,0,2,2,1
1265,Timo Hubers,28.4,43,28,35,8,0,24,52,46.2,28,27,13,14,58,101,153,0
1266,Callum Hudson-Odoi,6.7,5,3,4,0,1,1,1,100.0,0,0,0,0,2,7,4,0
1267,Will Hughes,9.4,29,16,11,16,2,11,20,55.0,9,16,7,9,16,45,9,0
1268,Mats Hummels,22.4,62,34,38,22,2,32,55,58.2,23,30,16,14,33,95,100,1
1269,Adrien Hunou,24.8,39,20,17,16,6,16,45,35.6,29,35,0,35,7,46,7,0
1270,Denis Huseinbasic,8.8,23,9,8,11,4,10,25,40.0,15,16,2,14,4,27,5,0
1272,Elseid Hysaj,22.2,39,23,24,11,4,23,41,56.1,18,31,7,24,20,59,42,0
1274,Pierre Hojbjerg,34.8,56,30,28,22,6,26,67,38.8,41,46,17,29,49,105,64,1
1275,Rasmus Hojlund,20.4,4,3,0,2,2,1,6,16.7,5,9,1,8,1,5,5,0
1276,Iago,17.8,34,16,20,10,4,11,29,37.9,18,18,5,13,17,51,53,0
1277,Pablo Ibanez,11.8,29,13,7,17,5,12,35,34.3,23,19,2,17,8,37,24,0
1278,Roger Ibanez,31.1,67,33,38,26,3,32,48,66.7,16,30,11,19,66,133,95,2
1281,Mounaim El Idrissy,27.7,32,19,5,20,7,10,36,27.8,26,22,0,22,13,45,20,0
1282,Antonio Iervolino,0.1,0,0,0,0,0,0,1,0.0,1,0,0,0,0,0,0,0
1283,Iglesias,23.8,61,35,40,18,3,33,65,50.8,32,40,5,35,21,82,91,1
1284,Borja Iglesias,26.3,8,4,3,3,2,2,13,15.4,11,9,1,8,1,9,17,0
1285,Igor,22.9,43,29,21,18,4,20,27,74.1,7,33,14,19,25,68,56,2
1286,Kelechi Iheanacho,12.5,7,2,0,3,4,3,10,30.0,7,9,1,8,0,7,8,0
1287,Jonathan Ikone,22.3,16,8,5,6,5,5,14,35.7,9,18,1,17,4,20,3,0
1288,Ivan Ilic,9.5,16,10,9,7,0,6,11,54.5,5,10,1,9,8,24,14,0
1289,Ivan Ilic,13.1,18,7,6,11,1,10,20,50.0,10,12,3,9,5,23,10,0
1290,Rares Ilie,1.6,3,3,0,1,2,2,4,50.0,2,2,0,2,1,4,1,0
1291,Samuel Iling-Junior,3.5,7,2,3,1,3,4,9,44.4,5,5,1,4,2,9,6,0
1292,Emirhan Ilkhan,1.0,1,1,0,1,0,1,1,100.0,0,3,1,2,2,3,2,0
1293,Emirhan Ilkhan,1.3,6,3,2,2,2,2,3,66.7,1,5,1,4,0,6,3,0
1294,Asier Illarramendi,12.0,36,18,10,22,4,16,44,36.4,28,27,8,19,18,54,20,0
1295,Ciro Immobile,24.7,11,5,4,4,3,6,9,66.7,3,10,2,8,1,12,14,0
1296,Danny Ings,8.6,9,8,0,4,5,5,14,35.7,9,8,2,6,3,12,5,0
1297,Danny Ings,9.2,10,5,1,6,3,1,6,16.7,5,12,1,11,1,11,11,0
1298,Marcus Ingvartsen,14.6,4,1,0,2,2,1,10,10.0,9,9,1,8,4,8,10,0
1300,Bonke Innocent,13.1,28,17,13,14,1,11,36,30.6,25,22,5,17,26,54,31,0
1301,Alexander Isak,16.9,18,8,4,7,7,10,28,35.7,18,21,2,19,4,22,8,0
1303,Isco,8.9,15,9,6,5,4,8,14,57.1,6,3,0,3,10,25,3,0
1304,Ismaily,19.8,41,18,16,16,9,17,32,53.1,15,25,5,20,21,62,39,0
1305,Ardian Ismajli,23.3,40,32,25,15,0,18,24,75.0,6,47,31,16,27,67,120,0
1306,Ko Itakura,22.0,29,17,18,7,4,16,30,53.3,14,41,25,16,27,56,95,0
1307,Hiroki Ito,28.5,40,29,24,14,2,18,35,51.4,17,38,17,21,40,80,94,0
1308,Junya Ito,32.4,40,20,14,15,11,13,53,24.5,40,29,1,28,8,48,4,1
1309,Diego Iturralde,0.5,1,0,1,0,0,0,2,0.0,2,0,0,0,0,1,1,0
1310,Andreas Ivan,0.5,0,0,0,0,0,0,1,0.0,1,0,0,0,0,0,1,0
1313,Alex Iwobi,37.5,69,37,37,28,4,33,65,50.8,32,41,2,39,25,94,29,0
1314,Armando Izzo,27.4,73,50,44,27,2,29,45,64.4,16,29,17,12,50,123,87,1
1315,Nicolas Jackson,17.8,14,11,2,10,2,2,8,25.0,6,18,2,16,2,16,4,0
1316,Lee Jae-sung,21.0,38,17,9,21,8,16,36,44.4,20,29,5,24,17,55,21,0
1317,Paul Jaeckel,13.3,24,18,11,11,2,17,35,48.6,18,11,5,6,19,43,44,1
1318,Mato Jajalo,0.7,0,0,0,0,0,0,1,0.0,1,0,0,0,0,0,2,0
1319,Kristijan Jakic,16.2,33,21,19,12,2,22,41,53.7,19,32,10,22,14,47,49,1
1320,Ismail Jakobs,12.4,11,5,7,3,1,5,12,41.7,7,9,1,8,9,20,18,0
1322,Daniel James,2.2,6,2,1,3,2,3,6,50.0,3,4,0,4,2,8,2,0
1323,Daniel James,6.9,9,5,4,4,1,4,8,50.0,4,5,1,4,1,10,5,0
1324,Reece James,13.8,31,20,10,18,3,15,19,78.9,4,17,2,15,12,43,23,0
1326,Vitaly Janelt,24.5,54,27,20,24,10,21,49,42.9,28,29,9,20,29,83,26,0
1327,Saidy Janko,12.6,23,15,13,8,2,12,20,60.0,8,24,10,14,11,34,33,1
1328,Pontus Jansson,8.0,5,3,4,1,0,3,5,60.0,2,13,9,4,9,14,38,0
1329,Tony Jantschke,1.1,2,1,1,1,0,1,1,100.0,0,5,3,2,0,2,5,0
1330,Adnan Januzaj,0.5,0,0,0,0,0,0,1,0.0,1,0,0,0,1,1,0,0
1331,Leo Jardim,6.0,0,0,0,0,0,0,1,0.0,1,0,0,0,0,0,0,1
1332,Luis Javier Suarez,16.6,17,11,5,6,6,6,26,23.1,20,13,3,10,3,20,10,0
1333,Luis Javier Suarez,3.3,4,1,1,2,1,1,4,25.0,3,1,0,1,3,7,6,0
1334,Dany Jean,0.1,0,0,0,0,0,0,1,0.0,1,1,0,1,0,0,0,0
1335,Julian Jeanvier,19.6,32,17,24,8,0,13,22,59.1,9,24,17,7,27,59,96,1
1336,Jefferson,5.0,17,4,4,9,4,6,15,40.0,9,6,0,6,1,18,0,0
1337,Fredrik Jensen,10.3,15,10,8,3,4,5,10,50.0,5,12,5,7,4,19,12,0
1338,Mathias Jensen,31.1,70,35,28,30,12,34,97,35.1,63,54,5,49,32,102,24,1
1339,Moritz Jenz,10.5,14,11,8,5,1,5,8,62.5,3,16,10,6,8,22,53,1
1340,Jese,2.3,2,0,0,2,0,0,1,0.0,1,3,1,2,1,3,2,0
1341,Gabriel Jesus,22.9,33,25,16,8,9,15,31,48.4,16,27,3,24,11,44,15,1
1342,Juan Jesus,10.4,16,11,9,6,1,9,12,75.0,3,18,11,7,10,26,29,0
1343,Raul Jimenez,9.4,9,6,3,5,1,3,6,50.0,3,9,0,9,0,9,8,0
1344,Joaquin,5.5,3,3,2,1,0,1,3,33.3,2,7,2,5,4,7,5,0
1345,Joelinton,29.6,70,49,36,26,8,26,62,41.9,36,52,7,45,48,118,39,0
1346,Thorir Johann Helgason,2.5,2,2,1,0,1,2,3,66.7,1,3,1,2,3,5,3,0
1347,Ben Johnson,9.6,20,14,12,4,4,12,18,66.7,6,12,4,8,9,29,28,1
1348,Brennan Johnson,32.6,34,20,18,8,8,8,28,28.6,20,30,1,29,5,39,7,1
1350,Paul Joly,9.6,33,21,21,10,2,19,35,54.3,16,13,2,11,24,57,29,2
1352,Curtis Jones,11.5,34,17,8,12,14,18,31,58.1,13,12,2,10,3,37,9,0
1353,Frenkie de Jong,28.2,46,26,16,21,9,17,41,41.5,24,11,1,10,35,81,22,1
1354,Joan Jordan,17.7,32,17,13,17,2,16,38,42.1,22,14,7,7,16,48,14,2
1355,Jorginho,9.5,18,13,6,10,2,5,24,20.8,19,7,2,5,9,27,8,0
1356,Jorginho,14.2,42,23,22,14,6,22,46,47.8,24,18,3,15,21,63,7,0
1357,Josan,12.0,25,20,20,5,0,14,27,51.9,13,8,0,8,7,32,15,1
1358,Willian Jose,8.1,9,6,6,3,0,4,9,44.4,5,4,0,4,1,10,15,0
1359,Joselu,33.2,13,11,3,4,6,4,17,23.5,13,25,4,21,8,21,43,0
1361,Diogo Jota,12.6,23,15,8,8,7,12,37,32.4,25,5,0,5,3,26,11,0
1362,Stevan Jovetic,9.9,3,2,2,1,0,1,11,9.1,10,2,1,1,2,5,10,0
1363,Luka Jovic,17.0,6,3,1,4,1,2,8,25.0,6,7,2,5,2,8,10,0
1364,Juanmi,10.3,14,10,4,7,3,7,31,22.6,24,10,0,10,4,18,4,0
1365,Juanpe,15.8,19,11,10,9,0,11,17,64.7,6,12,9,3,10,29,60,1
1366,Jubal,35.7,41,26,29,11,1,19,38,50.0,19,57,34,23,53,94,193,0
1367,Christopher Jullien,29.9,46,28,29,14,3,28,51,54.9,23,35,18,17,43,89,114,1
1368,Anthony Jung,29.1,46,27,19,20,7,31,58,53.4,27,30,6,24,22,68,63,0
1369,Eli Junior Kroupi,0.1,0,0,0,0,0,0,1,0.0,1,0,0,0,1,1,0,0
1370,Lago Junior,0.6,1,0,0,1,0,1,1,100.0,0,0,0,0,0,1,0,0
1371,Hamed Junior Traore,4.7,17,11,5,9,3,6,18,33.3,12,9,0,9,2,19,1,0
1372,Hamed Junior Traore,6.6,11,6,4,6,1,4,11,36.4,7,4,0,4,2,13,0,1
1373,Vinicius Junior,31.4,30,21,10,12,8,14,39,35.9,25,24,1,23,6,36,1,0
1374,Josip Juranovic,10.4,9,7,5,2,2,7,18,38.9,11,9,3,6,6,15,22,1
1375,James Justin,13.9,20,18,7,12,1,9,14,64.3,5,24,6,18,15,35,47,0
1376,Filip Jorgensen,2.0,0,0,0,0,0,0,1,0.0,1,0,0,0,0,0,0,0
1378,Mathias Jorgensen,12.3,17,8,9,8,0,9,21,42.9,12,19,12,7,16,33,39,1
1379,Ozan Kabak,26.5,51,34,27,21,3,17,30,56.7,13,35,23,12,45,96,83,0
1380,Issa Kabore,11.4,33,19,10,18,5,21,32,65.6,11,11,1,10,12,45,21,1
1381,Abdoul Kader Bamba,0.9,0,0,0,0,0,0,2,0.0,2,3,1,2,0,0,1,0
1382,Pavel Kaderabek,18.5,26,20,10,9,7,15,23,65.2,8,12,2,10,14,40,37,1
1383,Tino Kadewere,6.0,6,3,3,3,0,4,9,44.4,5,6,2,4,2,8,1,0
1384,Kaiky,6.5,5,5,5,0,0,3,7,42.9,4,18,10,8,11,16,28,0
1385,Florian Kainz,26.0,21,10,7,12,2,8,26,30.8,18,27,6,21,32,53,30,1
1388,Sasa Kalajdzic,2.6,3,2,0,1,2,1,3,33.3,2,1,0,1,0,3,0,0
1389,Arnaud Kalimuendo,20.5,15,8,3,6,6,5,20,25.0,15,15,2,13,2,17,9,0
1390,Yayah Kallon,9.6,14,10,5,4,5,7,12,58.3,5,10,0,10,8,22,5,0
1391,Gedeon Kalulu,27.1,64,34,43,14,7,30,48,62.5,18,32,3,29,28,92,79,2
1392,Pierre Kalulu,28.3,57,39,33,21,3,28,42,66.7,14,41,17,24,41,98,56,1
1393,Justin-Noel Kalumba,6.1,9,5,5,2,2,5,16,31.3,11,4,1,3,4,13,5,0
1394,Daichi Kamada,25.2,51,31,10,37,4,31,57,54.4,26,31,2,29,16,67,17,1
1395,Waren Kamanzi,7.4,16,9,9,5,2,13,19,68.4,6,8,2,6,8,24,9,0
1397,Boubacar Kamara,19.7,58,25,25,23,10,27,56,48.2,29,38,12,26,19,77,24,2
1398,Jakub Kaminski,22.9,36,25,15,13,8,20,40,50.0,20,37,2,35,8,44,15,0
1399,Marcin Kaminski,7.0,6,4,4,0,2,2,4,50.0,2,8,7,1,9,15,28,0
1400,Kevin Kampl,15.2,21,11,6,14,1,6,27,22.2,21,26,9,17,22,43,11,0
1401,Nordine Kandil,1.1,3,2,1,2,0,0,3,0.0,3,2,0,2,1,4,1,0
1402,Harry Kane,37.8,15,12,1,6,8,7,21,33.3,14,27,7,20,2,17,18,0
1404,Lee Kang-in,31.4,42,24,10,22,10,18,61,29.5,43,25,2,23,11,53,7,0
1405,Wilfried Kanga,15.7,5,4,2,1,2,2,4,50.0,2,14,3,11,2,7,13,0
1406,N'Golo Kante,5.8,16,10,4,10,2,4,8,50.0,4,11,0,11,6,22,2,0
1407,Kenan Karaman,10.8,11,8,3,5,3,3,12,25.0,9,9,1,8,3,14,9,0
1408,Yann Karamoh,8.0,5,2,3,2,0,1,5,20.0,4,5,0,5,0,5,2,1
1409,Atakan Karazor,21.8,49,30,18,25,6,24,47,51.1,23,39,11,28,31,80,44,0
1412,Rick Karsdorp,7.9,21,13,11,7,3,13,22,59.1,9,0,0,0,7,28,15,1
1413,Denso Kasius,3.8,12,6,7,4,1,8,10,80.0,2,6,3,3,3,15,6,0
1415,Grigoris Kastanos,14.3,39,23,18,19,2,16,40,40.0,24,20,6,14,8,47,8,0
1416,Silas Katompa,22.1,25,17,5,14,6,6,20,30.0,14,17,2,15,8,33,1,0
1417,Moise Kean,11.1,8,6,2,5,1,3,7,42.9,4,4,0,4,5,13,2,0
1418,Michael Keane,10.9,7,4,5,2,0,5,8,62.5,3,12,7,5,14,21,55,1
1419,Neeskens Kebano,8.5,17,9,8,6,3,9,17,52.9,8,14,0,14,1,18,8,0
1420,Kevin Keben Biakolo,4.0,3,2,2,0,1,0,4,0.0,4,1,0,1,5,8,9,0
1421,Thilo Kehrer,24.8,43,24,25,14,4,21,44,47.7,23,16,6,10,34,77,76,1
1422,Check Keita,7.6,12,9,9,3,0,4,9,44.4,5,6,5,1,5,17,24,1
1423,Naby Keita,3.3,5,4,2,3,0,1,4,25.0,3,1,0,1,2,7,3,0
1424,Yannik Keitel,7.6,11,7,4,6,1,3,5,60.0,2,6,3,3,13,24,8,0
1426,Lloyd Kelly,22.7,33,18,23,9,1,13,19,68.4,6,26,15,11,26,59,101,1
1427,Marc-Oliver Kempf,30.1,44,27,29,14,1,16,22,72.7,6,42,32,10,51,95,143,0
1428,Kenedy,3.1,6,2,3,3,0,2,4,50.0,2,2,0,2,1,7,0,0
1430,Jonjoe Kenny,24.9,46,34,27,16,3,24,42,57.1,18,38,9,29,46,92,74,0
1431,Franck Kessie,11.0,15,9,6,6,3,8,18,44.4,10,10,2,8,12,27,11,2
1432,Saif-Eddine Khaoui,22.5,47,28,14,25,8,15,47,31.9,32,17,2,15,33,80,8,0
1433,Wahbi Khazri,18.2,26,13,13,7,6,6,25,24.0,19,17,1,16,9,35,20,0
1434,Rani Khedira,32.0,60,33,21,32,7,25,50,50.0,25,33,10,23,40,100,33,0
1436,Kike,11.3,6,3,0,4,2,2,5,40.0,3,6,1,5,1,7,13,0
1437,Luca Kilian,12.5,22,16,14,7,1,12,21,57.1,9,16,8,8,11,33,48,0
1438,Max Kilman,36.7,36,20,26,9,1,16,30,53.3,14,70,42,28,19,55,164,1
1439,Joshua Kimmich,31.2,78,49,24,46,8,38,72,52.8,34,36,7,29,41,119,39,2
1440,Presnel Kimpembe,8.1,17,8,9,6,2,9,13,69.2,4,12,7,5,13,30,9,1
1441,Jakub Kiwior,4.7,7,5,6,1,0,5,8,62.5,3,5,3,2,6,13,10,0
1442,Jakub Kiwior,16.0,22,17,15,7,0,6,24,25.0,18,26,18,8,24,46,71,1
1443,Simon Kjaer,11.2,15,8,9,6,0,7,11,63.6,4,14,11,3,9,24,35,1
1444,Pascal Klemens,1.0,0,0,0,0,0,0,1,0.0,1,1,0,1,1,1,3,0
1445,Mateusz Klich,3.1,12,8,3,4,5,7,13,53.8,6,4,0,4,0,12,1,0
1446,Lukas Klostermann,10.1,16,8,7,9,0,8,15,53.3,7,6,3,3,13,29,31,0
1447,Justin Kluivert,16.1,17,14,7,4,6,6,12,50.0,6,4,0,4,7,24,4,0
1448,Ansgar Knauff,14.3,36,25,22,11,3,15,34,44.1,19,19,1,18,15,51,26,0
1449,Robin Knoche,31.9,45,29,29,12,4,24,47,51.1,23,35,18,17,38,83,140,0
1450,Gregor Kobel,27.0,0,0,0,0,0,0,1,0.0,1,1,0,1,0,0,7,2
1451,Robin Koch,35.3,53,30,32,16,5,24,56,42.9,32,44,21,23,43,96,152,1
1453,Rudy Kohon,0.7,4,3,4,0,0,2,2,100.0,0,1,0,1,1,5,2,0
1454,Dominik Kohr,25.5,59,33,23,31,5,29,61,47.5,32,46,9,37,34,93,26,1
1456,Koke,28.3,55,38,23,25,7,28,72,38.9,44,35,13,22,20,75,19,0
1457,Sead Kolasinac,24.6,52,36,24,22,6,24,37,64.9,13,19,2,17,43,95,35,1
1458,Luca Koleosho,0.7,2,2,0,0,2,1,2,50.0,1,1,0,1,0,2,0,0
1459,Randal Kolo Muani,29.2,14,10,3,3,8,1,9,11.1,8,19,2,17,3,17,13,0
1460,Timothee Kolodziejczak,0.3,0,0,0,0,0,0,1,0.0,1,0,0,0,1,1,1,0
1461,Cheick Konate,6.4,19,12,10,7,2,13,22,59.1,9,7,1,6,13,32,8,1
1462,Ibrahima Konate,17.2,38,26,25,13,0,16,27,59.3,11,12,5,7,26,64,61,4
1463,Geoffrey Kondogbia,11.2,40,23,19,20,1,17,25,68.0,8,9,1,8,26,66,12,1
1464,Ibrahima Kone,17.5,24,13,3,13,8,5,11,45.5,6,13,0,13,4,28,18,0
1465,Kouadio Kone,29.0,74,39,37,33,4,24,47,51.1,23,44,12,32,32,106,21,0
1466,Youssouf Kone,10.2,28,19,24,4,0,18,25,72.0,7,9,2,7,12,40,32,1
1467,Ezri Konsa,36.9,42,20,25,15,2,18,26,69.2,8,41,23,18,26,68,120,3
1468,Teun Koopmeiners,31.8,46,26,15,24,7,28,55,50.9,27,41,5,36,19,65,36,2
1469,Odilon Kossonou,16.9,21,14,12,7,2,8,16,50.0,8,26,11,15,24,45,58,1
1470,Filip Kostic,28.5,41,26,17,20,4,21,47,44.7,26,30,4,26,16,57,32,0
1472,Christian Kouame,20.7,27,18,8,10,9,7,14,50.0,7,15,3,12,12,39,8,0
1473,Rominigue Kouame,29.6,44,27,28,14,2,17,41,41.5,24,32,11,21,49,93,46,1
1475,Kalidou Koulibaly,20.0,45,31,34,8,3,26,40,65.0,14,30,13,17,29,74,77,0
1476,Jules Kounde,27.0,37,23,18,13,6,21,31,67.7,10,24,9,15,19,56,61,3
1477,Boubakar Kouyate,14.0,31,18,18,11,2,19,35,54.3,16,24,14,10,34,65,73,1
1478,Cheikhou Kouyate,9.8,29,21,18,8,3,9,13,69.2,4,14,2,12,10,39,24,0
1479,Mateo Kovacic,19.0,36,24,16,14,6,14,36,38.9,22,10,1,9,19,55,16,0
1480,Viktor Kovalenko,6.1,9,5,1,6,2,5,8,62.5,3,11,2,9,4,13,7,0
1482,Soichiro Kozuki,4.2,6,4,3,3,0,4,6,66.7,2,5,0,5,3,9,3,0
1484,Alex Kral,26.2,34,24,10,22,2,17,37,45.9,20,31,6,25,17,51,53,0
1485,Andrej Kramaric,26.5,5,2,2,1,2,1,11,9.1,10,14,2,12,6,11,13,0
1486,Christoph Kramer,24.7,44,33,24,15,5,22,55,40.0,33,34,2,32,17,61,40,0
1487,Tom Krauss,27.9,112,68,39,62,11,51,100,51.0,49,39,6,33,36,148,35,0
1489,Raimonds Krollis,0.4,1,1,0,0,1,0,1,0.0,1,0,0,0,0,1,0,0
1490,Toni Kroos,23.9,51,32,16,33,2,23,69,33.3,46,23,4,19,24,75,11,0
1491,Rade Krunic,18.4,40,28,18,18,4,16,50,32.0,34,31,11,20,16,56,21,0
1492,Max Kruse,3.0,1,1,0,1,0,0,1,0.0,1,2,1,1,0,1,1,0
1493,Lukas Kubler,18.2,37,25,24,9,4,18,30,60.0,12,25,11,14,29,66,50,0
1494,Takefusa Kubo,27.1,44,26,18,16,10,16,38,42.1,22,29,1,28,9,53,4,0
1495,Dejan Kulusevski,23.0,38,15,23,7,8,16,44,36.4,28,19,0,19,13,51,7,0
1496,Sael Kumbedi,14.7,47,27,27,13,7,20,38,52.6,18,23,7,16,10,57,16,0
1497,Marash Kumbulla,2.9,4,4,2,2,0,2,3,66.7,1,2,1,1,4,8,6,0
1498,Pierre Kunde,4.2,12,6,3,8,1,6,14,42.9,8,7,1,6,7,19,9,0
1500,Layvin Kurzawa,1.5,3,2,1,1,1,3,3,100.0,0,1,1,0,2,5,4,0
1501,Khvicha Kvaratskhelia,28.0,43,23,12,8,23,17,43,39.5,26,20,0,20,5,48,6,1
1502,Grejohn Kyei,24.8,16,7,2,9,5,4,13,30.8,9,14,3,11,6,22,22,0
1503,Daniel Kyereh,6.2,6,4,2,4,0,3,6,50.0,3,4,0,4,2,8,6,0
1504,Giorgos Kyriakopoulos,7.8,13,6,4,5,4,10,23,43.5,13,14,2,12,4,17,10,0
1505,Giorgos Kyriakopoulos,8.5,21,8,7,9,5,10,14,71.4,4,7,1,6,11,32,12,1
1506,Cesar de la Hoz,18.6,37,20,17,18,2,19,37,51.4,18,26,6,20,13,50,37,0
1508,Luca de la Torre,16.5,28,19,11,14,3,12,32,37.5,20,22,1,21,9,37,6,0
1510,Gaetan Laborde,27.8,45,25,13,17,15,18,40,45.0,22,27,2,25,9,54,13,0
1511,Gaetan Laborde,2.8,1,1,1,0,0,0,1,0.0,1,1,0,1,0,1,1,0
1512,Alexandre Lacazette,32.5,43,23,7,17,19,10,29,34.5,19,23,3,20,15,58,4,0
1513,Qazim Laci,2.4,6,3,2,3,1,4,9,44.4,5,5,0,5,2,8,3,0
1514,Maxence Lacroix,18.1,22,13,15,7,0,8,16,50.0,8,22,11,11,26,48,85,0
1515,Alban Lafont,37.0,0,0,0,0,0,0,1,0.0,1,0,0,0,0,0,20,4
1516,Aissa Laidouni,9.7,14,7,6,8,0,5,17,29.4,12,22,4,18,9,23,3,0
1517,Konrad Laimer,16.3,60,31,23,30,7,30,54,55.6,24,31,4,27,18,78,8,0
1518,Stefan Lainer,9.1,16,8,10,5,1,10,23,43.5,13,8,1,7,14,30,34,1
1519,Kenny Lala,15.7,36,19,19,15,2,22,38,57.9,16,15,5,10,21,57,28,0
1520,Adam Lallana,8.0,9,4,6,2,1,0,7,0.0,7,6,0,6,2,11,1,0
1521,Vassilis Lambropoulos,7.0,10,8,7,3,0,6,9,66.7,3,5,3,2,13,23,41,0
1522,Erik Lamela,20.5,46,27,14,16,16,12,34,35.3,22,26,2,24,7,53,3,0
1523,Mohamed Lamine Bayo,7.2,3,3,0,2,1,0,12,0.0,12,3,1,2,0,3,1,0
1524,Sam Lammers,12.2,12,5,2,7,3,6,15,40.0,9,10,3,7,6,18,11,0
1525,Sam Lammers,9.8,20,10,5,9,6,7,11,63.6,4,4,1,3,3,23,8,0
1526,Tariq Lamptey,5.0,11,6,6,4,1,5,7,71.4,2,7,3,4,7,18,2,0
1527,Manuel Lanzini,2.8,2,2,1,1,0,2,6,33.3,4,2,0,2,2,4,0,0
1528,Aymeric Laporte,11.0,11,8,6,4,1,7,11,63.6,4,10,4,6,3,14,30,1
1529,Julien Laporte,18.4,22,16,18,3,1,16,22,72.7,6,33,27,6,18,40,108,2
1530,Cyle Larin,16.3,9,3,2,4,3,3,7,42.9,4,6,3,3,0,9,15,0
1531,Juan Larios,1.7,7,6,6,1,0,5,5,100.0,0,2,0,2,3,10,4,0
1532,Yasser Larouci,20.0,23,13,13,8,2,15,24,62.5,9,15,1,14,26,49,46,0
1534,Jordan Larsson,5.1,8,5,1,7,0,2,9,22.2,7,9,0,9,4,12,3,0
1535,Kevin Lasagna,17.5,12,6,7,3,2,6,14,42.9,8,17,1,16,5,17,13,0
1536,Jamaal Lascelles,2.4,1,0,1,0,0,1,1,100.0,0,3,2,1,0,1,17,0
1537,Juanmi Latasa,5.0,5,4,2,0,3,1,1,100.0,0,3,1,2,1,6,8,0
1538,Toni Lato,10.2,23,11,9,12,2,9,21,42.9,12,10,1,9,6,29,14,0
1539,Danny Latza,9.5,17,13,8,8,1,5,17,29.4,12,16,1,15,5,22,15,0
1540,Armand Lauriente,24.2,21,15,5,7,9,8,21,38.1,13,20,0,20,12,33,8,0
1541,Armand Lauriente,3.0,8,7,3,4,1,3,7,42.9,4,5,1,4,4,12,1,0
1542,Romeo Lavia,24.7,60,35,27,29,4,21,53,39.6,32,47,11,36,33,93,23,1
1543,Lazaro,8.0,4,3,3,0,1,3,15,20.0,12,16,1,15,2,6,1,0
1544,Valentino Lazaro,15.3,10,5,6,0,4,6,14,42.9,8,16,3,13,3,13,29,0
1546,Darko Lazovic,24.9,24,13,9,12,3,13,29,44.8,16,14,3,11,16,40,19,0
1547,Manuel Lazzari,20.9,33,21,13,14,6,21,36,58.3,15,20,6,14,18,51,36,1
1548,Theo Le Bris,16.1,31,19,17,11,3,15,33,45.5,18,21,2,19,18,49,31,0
1549,Julien Le Cardinal,1.8,6,4,5,0,1,4,6,66.7,2,3,0,3,2,8,5,0
1550,Jeremy Le Douaron,23.0,15,9,5,9,1,3,27,11.1,24,29,2,27,11,26,30,0
1551,Enzo Le Fee,33.6,108,64,52,40,16,43,113,38.1,70,50,5,45,34,142,38,1
1552,Vincent Le Goff,37.0,75,32,56,16,3,45,62,72.6,17,29,9,20,41,116,105,1
1553,Maxime Le Marchand,22.4,39,24,23,14,2,19,31,61.3,12,22,14,8,37,76,74,0
1554,Robin Le Normand,31.1,36,23,25,9,2,14,27,51.9,13,22,14,8,33,69,93,0
1555,Rafael Leao,26.9,8,7,2,3,3,6,14,42.9,8,9,2,7,15,23,8,0
1560,Benjamin Lecomte,19.0,0,0,0,0,0,0,2,0.0,2,0,0,0,0,0,6,0
1561,Jeremias Ledesma,34.0,3,2,3,0,0,3,7,42.9,4,1,0,1,2,5,23,3
1562,Pierre Lees-Melou,30.7,97,55,55,37,5,57,123,46.3,66,48,13,35,52,149,46,1
1563,Diogo Leite,25.0,35,20,21,14,0,21,34,61.8,13,23,14,9,26,61,99,1
1564,Maxim Leitsch,7.4,9,7,6,3,0,4,5,80.0,1,7,4,3,18,27,26,1
1565,Florian Lejeune,28.5,28,17,19,8,1,17,25,68.0,8,24,16,8,15,43,123,0
1566,Inigo Lekue,14.7,24,17,20,4,0,12,19,63.2,7,16,2,14,13,37,31,1
1567,Thomas Lemar,13.9,30,18,10,13,7,10,28,35.7,18,12,3,9,7,37,12,0
1568,Felix Lemarechal,3.2,5,5,2,1,2,0,3,0.0,3,6,0,6,1,6,2,0
1570,Mario Lemina,14.4,38,24,22,13,3,20,38,52.6,18,26,8,18,14,52,24,1
1571,Mario Lemina,9.3,32,21,11,14,7,12,18,66.7,6,13,5,8,11,43,20,0
1572,Tim Lemperle,1.5,6,4,3,1,2,3,5,60.0,2,5,0,5,1,7,4,0
1573,Clement Lenglet,22.4,38,23,18,15,5,16,34,47.1,18,26,11,15,18,56,68,2
1574,Bernd Leno,36.0,0,0,0,0,0,0,2,0.0,2,0,0,0,0,0,18,0
1575,Christopher Lenz,14.3,29,21,17,7,5,16,37,43.2,21,16,3,13,21,50,34,0
1577,Sergio Leon,14.8,6,4,0,4,2,3,6,50.0,3,6,0,6,0,6,4,0
1578,Johann Lepenant,21.5,58,34,24,27,7,32,86,37.2,54,29,5,24,28,86,17,3
1579,Mehdi Leris,27.3,63,46,30,24,9,23,55,41.8,32,38,6,32,27,90,34,0
1580,Jefferson Lerma,36.1,50,30,23,23,4,20,45,44.4,25,32,15,17,47,97,91,1
1581,Benjamin Leroy,31.1,0,0,0,0,0,0,2,0.0,2,0,0,0,1,1,16,2
1582,Leo Leroy,13.2,53,38,24,26,3,31,57,54.4,26,25,2,23,14,67,8,0
1586,Robert Lewandowski,31.6,17,11,2,5,10,7,14,50.0,7,20,0,20,2,19,14,0
1587,Jamie Leweling,2.9,5,3,2,2,1,3,5,60.0,2,3,0,3,1,6,0,0
1589,Rico Lewis,10.0,16,9,9,5,2,6,11,54.5,5,8,4,4,6,22,13,1
1591,Dimitri Lienard,17.1,46,29,20,18,8,34,57,59.6,23,28,4,24,16,62,24,0
1592,Philipp Lienhart,27.8,29,18,19,10,0,13,27,48.1,14,29,15,14,35,64,97,0
1593,Matthijs de Ligt,26.7,32,23,15,16,1,15,24,62.5,9,31,20,11,23,55,85,0
1595,Victor Lindelof,15.2,22,17,10,9,3,9,17,52.9,8,18,9,9,21,43,63,1
1596,Jesper Lindstrom,18.7,26,11,15,7,4,7,22,31.8,15,25,3,22,9,35,9,0
1597,Karol Linetty,21.0,32,17,7,22,3,13,25,52.0,12,28,8,20,19,51,25,0
1598,Jesse Lingard,10.3,4,4,2,2,0,1,7,14.3,6,11,0,11,5,9,4,0
1599,Pol Lirola,7.0,13,6,9,3,1,8,13,61.5,5,3,2,1,7,20,16,0
1600,Mateusz Lis,8.3,0,0,0,0,0,0,1,0.0,1,1,0,1,0,0,3,0
1603,Dejan Ljubicic,19.0,25,14,7,14,4,13,40,32.5,27,20,1,19,8,33,8,1
1605,Diego Llorente,7.2,13,10,8,5,0,4,8,50.0,4,6,2,4,15,28,24,2
1606,Diego Llorente,6.4,10,5,6,4,0,5,12,41.7,7,4,2,2,11,21,20,0
1607,Marcos Llorente,18.9,32,15,16,10,6,17,30,56.7,13,26,2,24,17,49,19,0
1608,Hugo Lloris,24.5,1,1,1,0,0,1,3,33.3,2,0,0,0,1,2,13,4
1609,Giovani Lo Celso,12.5,32,28,7,15,10,12,21,57.1,9,14,2,12,6,38,5,0
1610,Stanislav Lobotka,34.5,83,44,35,35,13,43,73,58.9,30,29,7,22,23,106,16,0
1612,Manuel Locatelli,27.2,59,33,26,23,10,30,53,56.6,23,50,22,28,27,86,59,0
1613,Luka Lochoshvili,20.4,45,19,30,11,4,22,31,71.0,9,31,10,21,22,67,89,0
1614,Bradley Locko,11.8,31,16,21,4,6,15,27,55.6,12,17,4,13,20,51,21,0
1615,Bradley Locko,3.0,4,3,2,1,1,2,3,66.7,1,4,0,4,2,6,13,0
1616,Renan Lodi,24.6,52,39,38,8,6,33,66,50.0,33,25,6,19,33,85,74,0
1617,Ruben Loftus-Cheek,17.1,25,14,8,14,3,12,21,57.1,9,15,2,13,12,37,23,0
1618,Sean Longstaff,28.0,42,21,16,20,6,20,52,38.5,32,35,8,27,16,58,23,0
1619,Ademola Lookman,19.2,13,5,2,6,5,3,15,20.0,12,18,0,18,4,17,1,0
1620,Anthony Lopes,31.3,1,0,1,0,0,1,4,25.0,3,0,0,0,3,4,10,0
1621,Rony Lopes,26.1,24,12,6,15,3,7,31,22.6,24,14,2,12,9,33,10,0
1622,David Lopez,18.4,31,18,17,13,1,19,27,70.4,8,29,19,10,14,45,64,1
1624,Diego Lopez,5.0,2,2,1,1,0,2,15,13.3,13,9,0,9,3,5,5,0
1625,Maxime Lopez,25.5,42,18,26,12,4,16,56,28.6,40,24,6,18,22,64,21,0
1626,Pau Lopez,32.5,0,0,0,0,0,0,1,0.0,1,0,0,0,0,0,5,1
1627,Unai Lopez,13.9,32,20,10,17,5,13,37,35.1,24,12,1,11,15,47,6,1
1628,Dion Lopy,15.3,45,24,22,16,7,23,62,37.1,39,27,3,24,22,67,18,0
1629,Anthony Losilla,30.2,76,49,32,34,10,38,77,49.4,39,39,12,27,37,113,67,0
1630,Jordan Lotomba,27.3,65,38,33,24,8,31,48,64.6,17,38,11,27,32,97,53,0
1631,Matteo Lovato,9.0,17,14,14,3,0,10,25,40.0,15,8,5,3,13,30,33,2
1632,Dejan Lovren,16.2,25,19,20,5,0,20,29,69.0,9,20,10,10,26,51,70,1
1633,Sandi Lovric,25.9,40,18,16,16,8,25,43,58.1,18,25,2,23,26,66,21,0
1635,Anthony Lozano,16.0,6,4,1,4,1,1,7,14.3,6,12,1,11,3,9,17,0
1636,Hirving Lozano,17.8,24,13,10,6,8,9,21,42.9,12,31,0,31,15,39,6,0
1639,Jean Lucas,3.2,9,5,3,5,1,6,12,50.0,6,2,1,1,4,13,2,0
1640,Jhon Lucumi,32.2,53,37,39,13,1,24,43,55.8,19,43,26,17,35,88,100,1
1641,Jose Luis Gaya,30.1,80,46,61,16,3,43,74,58.1,31,28,9,19,23,103,48,0
1642,Jose Luis Morales,13.5,7,6,1,2,4,5,17,29.4,12,12,1,11,2,9,2,0
1643,Jose Luis Palomino,8.4,23,14,16,7,0,11,19,57.9,8,11,4,7,28,51,20,0
1644,Douglas Luiz,32.5,73,42,31,32,10,30,63,47.6,33,36,7,29,40,113,27,2
1645,Romelu Lukaku,18.4,3,1,1,0,2,2,5,40.0,3,3,1,2,0,3,16,0
1646,Castello Lukeba,33.2,39,23,27,8,4,21,31,67.7,10,42,24,18,75,114,105,1
1647,Dodi Lukebakio,26.6,18,11,7,8,3,6,27,22.2,21,23,5,18,13,31,17,0
1648,Sasa Lukic,4.6,8,3,1,4,3,3,7,42.9,4,6,2,4,5,13,3,0
1649,Sasa Lukic,13.3,21,14,10,10,1,9,15,60.0,6,17,7,10,13,34,10,0
1652,Sebastiano Luperto,34.8,33,18,24,8,1,9,20,45.0,11,54,42,12,43,76,163,1
1653,Lyanco,13.1,24,16,15,9,0,12,18,66.7,6,30,25,5,20,44,65,2
1654,Charalambos Lykogiannis,12.3,16,8,5,6,5,5,13,38.5,8,9,4,5,15,31,30,0
1655,Youssouf M'Changama,12.0,22,11,7,12,3,7,13,53.8,6,6,0,6,15,37,6,1
1656,Awer Mabil,1.8,2,0,0,1,1,1,3,33.3,2,1,1,0,0,2,1,0
1657,Alexis Mac Allister,32.1,70,39,22,40,8,34,70,48.6,36,26,2,24,22,92,10,1
1658,Deiver Machado,24.3,45,26,18,20,7,21,34,61.8,13,21,4,17,21,66,27,0
1659,Darwin Machis,6.7,3,2,0,2,1,1,8,12.5,7,5,0,5,3,6,4,0
1660,James Maddison,27.6,51,26,25,19,7,19,50,38.0,31,19,1,18,13,64,6,1
1661,Noni Madueke,7.1,12,8,5,4,3,6,13,46.2,7,13,2,11,4,16,7,0
1662,Pablo Maffeo,33.1,75,46,54,16,5,45,78,57.7,33,38,11,27,26,101,76,0
1664,Lisandro Magallan,10.0,19,11,11,5,3,10,12,83.3,2,14,5,9,13,32,30,1
1665,Soungoutou Magassa,0.9,4,1,2,2,0,2,4,50.0,2,3,0,3,1,5,1,0
1666,Giulio Maggiore,9.9,20,8,11,6,3,10,21,47.6,11,19,4,15,8,28,10,0
1667,Giangiacomo Magnani,17.0,33,22,20,11,2,19,25,76.0,6,20,15,5,21,54,76,0
1668,Hugo Magnetti,18.8,43,27,18,23,2,23,63,36.5,40,21,1,20,25,68,12,0
1669,Yohann Magnin,26.7,89,54,37,45,7,54,106,50.9,52,50,12,38,25,114,46,0
1670,Harry Maguire,8.5,8,6,6,1,1,4,5,80.0,1,18,11,7,13,21,41,0
1671,Jon Magunacelaya,0.7,1,0,0,0,1,0,2,0.0,2,0,0,0,0,1,1,0
1672,Riyad Mahrez,21.3,30,14,8,13,9,13,38,34.2,25,27,1,26,9,39,5,0
1673,Arne Maier,21.8,31,22,17,11,3,10,18,55.6,8,21,0,21,15,46,22,0
1674,Mike Maignan,22.0,1,0,1,0,0,1,1,100.0,0,0,0,0,1,2,10,1
1675,Linton Maina,24.9,18,12,5,11,2,7,30,23.3,23,19,0,19,5,23,9,0
1677,Ainsley Maitland-Niles,15.6,45,24,23,18,4,28,44,63.6,16,28,7,21,22,67,45,1
1679,Lovro Majer,18.5,34,23,16,13,5,8,29,27.6,21,21,1,20,21,55,5,1
1680,Jean-Victor Makengo,8.9,16,13,7,7,2,5,9,55.6,4,8,2,6,9,25,3,0
1681,Jean-Victor Makengo,11.8,16,8,5,10,1,6,20,30.0,14,8,5,3,10,26,13,1
1682,Beni Makouana,2.2,1,0,0,1,0,0,2,0.0,2,3,1,2,0,1,1,0
1683,Nemanja Maksimovic,22.8,41,30,17,18,6,19,32,59.4,13,36,14,22,34,75,27,0
1684,Tyrell Malacia,15.5,46,33,33,12,1,14,25,56.0,11,13,3,10,25,71,49,0
1685,Lorenzo Malagrida,1.2,1,0,0,0,1,1,3,33.3,2,1,0,1,0,1,1,0
1686,Daniel Maldini,7.0,12,5,3,4,5,4,11,36.4,7,9,0,9,1,13,8,0
1687,Youssef Maleh,3.3,3,1,0,3,0,0,4,0.0,4,5,0,5,1,4,3,0
1688,Youssef Maleh,7.5,17,8,3,7,7,6,14,42.9,8,20,1,19,5,22,10,0
1690,Donyell Malen,19.0,13,5,3,4,6,5,12,41.7,7,14,1,13,4,17,11,0
1691,Ruslan Malinovskyi,6.1,14,8,5,6,3,6,17,35.3,11,8,1,7,5,19,2,0
1692,Ruslan Malinovskyi,13.6,21,11,3,12,6,10,26,38.5,16,13,1,12,3,24,9,0
1693,Hugo Mallo,24.0,53,29,34,14,5,28,42,66.7,14,28,7,21,24,77,73,0
1694,Mickael Malsa,0.8,2,2,1,1,0,1,4,25.0,3,1,1,0,2,4,3,0
1696,Hianga Mananga Mbock,0.2,0,0,0,0,0,0,1,0.0,1,0,0,0,0,0,0,0
1697,Gianluca Mancini,31.8,37,19,27,9,1,18,34,52.9,16,38,17,21,46,83,67,0
1698,Steve Mandanda,33.5,0,0,0,0,0,0,2,0.0,2,0,0,0,0,0,9,3
1699,Reinildo Mandava,20.6,66,43,46,19,1,38,49,77.6,11,27,12,15,30,96,59,0
1700,Aissa Mandi,16.2,18,10,14,3,1,6,12,50.0,6,19,14,5,21,39,58,0
1701,Rolando Mandragora,21.7,42,24,12,22,8,23,52,44.2,29,25,3,22,16,58,21,0
1702,Sadio Mane,15.8,11,5,3,3,5,1,9,11.1,8,15,2,13,0,11,4,0
1703,Orel Mangala,17.2,28,20,16,10,2,12,29,41.4,17,21,7,14,23,51,15,0
1704,Thomas Mangani,14.8,32,17,14,15,3,18,47,38.3,29,22,3,19,24,56,22,1
1706,Javier Manquillo,0.4,3,2,2,1,0,2,2,100.0,0,1,0,1,1,4,1,0
1707,Myziane Maolida,2.6,8,3,2,5,1,5,12,41.7,7,1,0,1,2,10,0,0
1708,Myziane Maolida,1.1,1,1,1,0,0,1,2,50.0,1,0,0,0,0,1,1,0
1709,Faitout Maouassa,21.4,52,32,26,20,6,18,41,43.9,23,31,3,28,20,72,23,0
1710,Sekou Mara,6.2,14,10,5,8,1,3,9,33.3,6,11,0,11,1,15,5,0
1711,Marcao,4.2,2,2,1,1,0,1,1,100.0,0,3,3,0,6,8,14,0
1712,Solly March,30.2,53,31,16,17,20,8,28,28.6,20,34,3,31,24,77,32,0
1713,Agustin Marchesin,19.0,0,0,0,0,0,0,1,0.0,1,0,0,0,0,0,7,0
1716,Vincent Marchetti,27.2,55,26,29,19,7,25,68,36.8,43,23,3,20,19,74,31,0
1717,Riccardo Marchizza,3.1,2,2,1,1,0,2,4,50.0,2,2,0,2,2,4,8,0
1718,Gian Marco Ferrari,24.7,23,16,11,10,2,10,17,58.8,7,29,20,9,23,46,81,4
1720,Oscar de Marcos,31.3,67,33,34,22,11,40,76,52.6,36,42,6,36,29,96,59,0
1721,Alberto Mari,1.0,0,0,0,0,0,0,2,0.0,2,0,0,0,0,0,1,0
1722,Jose Mari,4.4,16,7,12,3,1,10,16,62.5,6,3,1,2,5,21,9,0
1723,Pablo Mari,27.6,37,19,29,7,1,17,26,65.4,9,22,14,8,31,68,111,3
1724,Jose Maria Gimenez,26.9,43,25,28,14,1,24,35,68.6,11,37,17,20,24,67,138,1
1726,Pablo Marin,4.0,10,5,5,4,1,2,7,28.6,5,1,0,1,4,14,2,0
1727,Razvan Marin,28.2,44,22,22,21,1,19,40,47.5,21,29,11,18,14,58,33,0
1729,Guillermo Maripan,24.0,46,26,26,20,0,17,33,51.5,16,39,27,12,38,84,87,0
1730,Marlon,17.7,35,21,20,14,1,15,29,51.7,14,13,4,9,18,53,50,0
1733,Marquinhos,30.2,33,25,18,12,3,18,26,69.2,8,43,27,16,23,56,83,2
1734,Luca Marrone,1.5,0,0,0,0,0,0,2,0.0,2,2,2,0,0,0,4,1
1735,Eric Martel,22.4,66,41,29,30,7,30,60,50.0,30,29,9,20,33,99,49,0
1736,Roger Marti,7.3,5,2,3,2,0,1,5,20.0,4,4,0,4,1,6,7,0
1737,Roger Marti,7.1,6,4,2,3,1,1,8,12.5,7,7,0,7,2,8,7,0
1738,Anthony Martial,10.9,5,3,0,2,3,1,4,25.0,3,11,2,9,1,6,4,0
1739,Aaron Martin,20.5,42,27,25,11,6,21,40,52.5,19,22,1,21,15,57,31,0
1740,Ander Martin,0.5,2,2,1,1,0,1,4,25.0,3,0,0,0,0,2,1,0
1742,Andres Martin,2.3,4,2,2,1,1,3,5,60.0,2,2,0,2,1,5,2,0
1743,Carlos Martin,0.3,2,2,0,2,0,2,3,66.7,1,0,0,0,1,3,0,0
1744,Ivan Martin,17.6,9,7,4,4,1,8,23,34.8,15,12,0,12,9,18,12,0
1745,Jonas Martin,3.1,9,7,4,5,0,5,14,35.7,9,3,1,2,7,16,3,0
1746,Gabriel Martinelli,31.0,31,18,13,12,6,9,22,40.9,13,24,1,23,9,40,14,0
1747,Arnau Martinez,30.4,69,45,41,19,9,38,85,44.7,47,44,10,34,25,94,54,2
1748,Emiliano Martinez,34.9,0,0,0,0,0,0,2,0.0,2,0,0,0,1,1,23,1
1749,Inigo Martinez,14.9,18,8,11,7,0,6,9,66.7,3,17,11,6,18,36,55,0
1750,Lautaro Martinez,28.6,25,14,3,15,7,7,23,30.4,16,31,1,30,13,38,16,1
1751,Lisandro Martinez,23.5,54,28,33,18,3,30,43,69.8,13,51,27,24,33,87,103,0
1752,Lucas Martinez Quarta,24.1,80,48,44,32,4,42,61,68.9,19,41,19,22,48,128,78,1
1754,Gelson Martins,3.8,15,8,6,4,5,4,13,30.8,9,4,1,3,3,18,2,0
1755,Adam Marusic,30.7,41,30,23,14,4,25,39,64.1,14,20,6,14,38,79,63,1
1756,Omar Mascarell,27.2,53,26,32,19,2,31,64,48.4,33,51,19,32,45,98,54,1
1757,Adam Masina,8.8,10,7,7,3,0,6,15,40.0,9,11,4,7,10,20,28,1
1758,Jordi Masip,27.9,0,0,0,0,0,0,2,0.0,2,0,0,0,1,1,3,2
1759,Erhan Masovic,24.2,50,31,28,21,1,30,51,58.8,21,30,14,16,27,77,79,0
1760,Han-Noah Massengo,12.4,27,15,10,15,2,7,16,43.8,9,12,3,9,14,41,7,0
1761,Yanis Massolin,0.7,2,1,1,0,1,0,1,0.0,1,1,0,1,2,4,0,0
1762,Jaime Mata,4.9,13,10,4,5,4,7,22,31.8,15,7,2,5,3,16,6,0
1763,Pape Matar Sarr,2.4,7,6,4,2,1,4,8,50.0,4,3,2,1,6,13,6,0
1764,Eliot Matazo,13.1,26,12,11,13,2,11,26,42.3,15,18,4,14,15,41,11,1
1765,Jean-Philippe Mateta,8.6,7,1,2,4,1,1,3,33.3,2,3,1,2,3,10,18,0
1766,Nemanja Matic,20.6,47,27,24,19,4,19,33,57.6,14,27,7,20,25,72,21,1
1768,Joel Matip,12.1,14,8,12,2,0,11,23,47.8,12,8,3,5,21,35,45,3
1769,Henning Matriciani,20.7,43,23,28,12,3,26,60,43.3,34,28,11,17,23,66,57,1
1771,Chrislain Matsima,5.0,11,6,7,2,2,4,7,57.1,3,5,5,0,9,20,16,0
1772,Jean Matteo Bahoya,3.0,7,3,1,3,3,4,7,57.1,3,4,0,4,0,7,0,0
1773,Azor Matusiwa,27.6,66,41,30,29,7,36,61,59.0,25,37,11,26,46,112,52,0
1774,Neal Maupay,12.4,11,5,3,4,4,2,4,50.0,2,8,0,8,5,16,0,0
1775,Aiman Maurer,5.6,2,1,1,1,0,1,10,10.0,9,1,0,1,3,5,5,0
1776,Stephy Mavididi,14.3,24,19,12,8,4,13,27,48.1,14,21,1,20,4,28,10,0
1777,Konstantinos Mavropanos,25.4,50,27,32,15,3,28,38,73.7,10,39,18,21,63,113,99,0
1778,Christian Mawissa,1.1,2,0,1,1,0,1,3,33.3,2,0,0,0,3,5,1,0
1779,Philipp Max,7.7,12,9,4,7,1,5,16,31.3,11,10,2,8,3,15,11,0
1780,Eric Maxim Choupo-Moting,12.4,10,7,2,6,2,1,2,50.0,1,8,0,8,0,10,5,0
1783,Fernand Mayembo,7.9,8,5,6,2,0,4,9,44.4,5,2,0,2,11,19,36,0
1784,Borja Mayoral,30.7,9,4,7,2,0,5,31,16.1,26,18,0,18,3,12,10,0
1785,Ibrahim Maza,0.8,1,1,1,0,0,0,1,0.0,1,2,0,2,0,1,1,0
1786,Derek Mazou-Sacko,0.2,0,0,0,0,0,0,1,0.0,1,1,0,1,1,1,1,0
1787,Noussair Mazraoui,11.9,29,21,9,9,11,15,24,62.5,9,13,2,11,10,39,25,0
1788,Pasquale Mazzocchi,21.8,32,18,21,5,6,17,37,45.9,20,10,2,8,10,42,37,2
1789,Kevin Mbabu,1.6,3,2,2,1,0,1,3,33.3,2,2,0,2,3,6,3,0
1791,Kylian Mbappe,31.3,10,4,0,5,5,5,16,31.3,11,5,0,5,5,15,6,0
1792,Mamadou Mbaye,8.4,10,7,7,3,0,6,8,75.0,2,10,8,2,7,17,50,1
1794,Chancel Mbemba,31.7,43,26,24,17,2,22,31,71.0,9,25,12,13,42,85,89,0
1795,Bryan Mbeumo,32.3,26,18,5,13,8,8,42,19.0,34,24,1,23,13,39,21,0
1797,Jean-Manuel Mbom,0.1,0,0,0,0,0,0,1,0.0,1,0,0,0,0,0,0,0
1798,Nathanael Mbuku,0.7,2,1,2,0,0,2,2,100.0,0,0,0,0,0,2,0,0
1800,James McArthur,0.6,1,1,1,0,0,1,1,100.0,0,2,1,1,1,2,2,0
1801,Alex McCarthy,6.0,0,0,0,0,0,0,1,0.0,1,0,0,0,1,1,3,1
1802,John McGinn,29.9,66,36,27,29,10,34,71,47.9,37,43,4,39,24,90,19,0
1803,Scott McKenna,17.5,12,7,7,3,2,6,10,60.0,4,20,14,6,12,24,85,1
1804,Weston McKennie,16.0,30,13,5,18,7,10,29,34.5,19,22,3,19,22,52,26,0
1805,Weston McKennie,11.7,14,5,3,9,2,5,8,62.5,3,15,4,11,11,25,15,1
1806,Dwight McNeil,27.8,64,41,35,14,15,27,62,43.5,35,46,7,39,31,95,41,0
1807,Scott McTominay,12.9,32,19,16,10,6,13,22,59.1,9,15,6,9,14,46,45,0
1808,Gary Medel,16.4,25,15,16,7,2,9,16,56.3,7,17,10,7,28,53,34,0
1809,Facundo Medina,30.9,31,20,16,15,0,13,35,37.1,22,25,9,16,26,57,62,1
1810,Fernando Medrano,0.1,2,1,2,0,0,1,1,100.0,0,0,0,0,1,3,1,0
1811,Ben Mee,36.3,45,24,28,13,4,20,37,54.1,17,54,42,12,48,93,122,1
1812,Bamo Meite,16.7,18,8,13,4,1,7,16,43.8,9,33,23,10,16,34,70,0
1813,Soualiho Meite,26.3,47,31,25,15,7,22,46,47.8,24,27,6,21,27,74,36,0
1814,Farid El Melali,9.0,21,12,7,12,2,11,22,50.0,11,16,0,16,8,29,7,0
1815,Gonzalo Melero,20.6,32,16,9,18,5,11,39,28.2,28,23,2,21,7,39,19,1
1816,Birger Meling,13.4,24,15,9,12,3,12,25,48.0,13,18,2,16,23,47,26,0
1817,Memphis,3.0,1,0,0,0,1,0,1,0.0,1,0,0,0,0,1,0,0
1818,Memphis,1.3,1,1,1,0,0,0,1,0.0,1,0,0,0,0,1,0,0
1820,Houboulang Mendes,9.8,19,11,16,3,0,11,27,40.7,16,12,2,10,7,26,23,1
1821,Nuno Mendes,17.2,45,30,29,12,4,30,41,73.2,11,19,3,16,17,62,18,0
1823,Thiago Mendes,22.9,48,27,24,21,3,30,40,75.0,10,28,8,20,47,95,51,4
1824,Brais Mendez,26.7,58,34,18,30,10,24,64,37.5,40,27,3,24,12,70,14,1
1826,Antoine Mendy,5.8,22,13,16,5,1,9,15,60.0,6,6,1,5,2,24,16,0
1827,Arial Mendy,2.5,4,2,3,0,1,2,2,100.0,0,2,0,2,4,8,4,0
1828,Batista Mendy,31.8,70,30,34,28,8,37,53,69.8,16,38,6,32,21,91,29,2
1830,Ferland Mendy,15.0,21,12,14,6,1,12,20,60.0,8,7,2,5,14,35,16,0
1831,Nampalys Mendy,8.4,13,9,7,6,0,8,15,53.3,7,20,4,16,13,26,2,0
1832,Gideon Mensah,25.1,80,44,43,32,5,44,77,57.1,33,33,10,23,38,118,41,0
1833,Chris Mepham,24.4,45,22,37,8,0,19,30,63.3,11,40,27,13,30,75,152,0
1834,Jorge Mere,6.7,11,7,9,2,0,5,8,62.5,3,9,6,3,6,17,32,0
1836,Mikel Merino,27.7,77,49,28,33,16,31,62,50.0,31,38,8,30,20,97,51,1
1837,Quentin Merlin,19.9,31,19,19,8,4,18,38,47.4,20,27,4,23,24,55,30,0
1839,Roque Mesa,18.0,27,15,16,10,1,12,38,31.6,26,16,4,12,13,40,18,0
1840,Illan Meslier,34.0,2,1,2,0,0,2,4,50.0,2,0,0,0,1,3,30,3
1841,Lionel Messi,31.5,26,18,1,13,12,11,27,40.7,16,11,0,11,2,28,0,0
1842,Junior Messias,16.6,24,18,9,9,6,5,19,26.3,14,20,4,16,7,31,28,0
1844,Thomas Meunier,6.5,16,7,8,5,3,10,17,58.8,7,7,2,5,9,25,16,0
1846,Alexander Meyer,7.0,0,0,0,0,0,0,1,0.0,1,0,0,0,0,0,1,0
1847,Sven Michel,5.5,9,5,1,5,3,4,8,50.0,4,5,1,4,0,9,4,0
1848,Alex Mighten,0.1,0,0,0,0,0,0,1,0.0,1,0,0,0,0,0,0,0
1850,Nikola Milenkovic,23.7,40,25,20,17,3,18,27,66.7,9,27,14,13,22,62,72,0
1852,Arkadiusz Milik,17.6,12,8,2,8,2,2,8,25.0,6,10,1,9,1,13,14,0
1853,Arkadiusz Milik,1.4,1,1,0,0,1,0,1,0.0,1,0,0,0,0,1,2,0
1854,Sergej Milinkovic-Savic,33.6,58,35,22,23,13,24,67,35.8,43,50,12,38,28,86,49,0
1855,Vanja Milinkovic-Savic,38.0,2,1,2,0,0,2,2,100.0,0,0,0,0,1,3,19,1
1856,Eder Militao,30.0,46,32,25,18,3,26,33,78.8,7,67,39,28,42,88,104,2
1857,Luka Milivojevic,5.7,13,7,7,4,2,7,10,70.0,3,13,4,9,12,25,10,0
1858,Luis Milla,20.6,48,30,21,18,9,19,44,43.2,25,13,1,12,32,80,25,1
1859,Pere Milla,20.5,31,20,18,8,5,14,41,34.1,27,18,3,15,9,40,19,1
1860,Enzo Millot,9.9,23,16,9,10,4,12,19,63.2,7,20,3,17,12,35,7,0
1861,James Milner,10.1,26,16,11,11,4,15,34,44.1,19,14,2,12,12,38,15,0
1863,Kim Min-jae,33.9,55,30,32,22,1,25,29,86.2,4,36,26,10,41,96,123,1
1864,Yerry Mina,6.6,15,8,9,6,0,9,11,81.8,2,7,4,3,6,21,28,0
1865,Takumi Minamino,8.0,15,8,5,7,3,7,35,20.0,28,14,0,14,6,21,4,0
1866,Tyrone Mings,35.0,15,7,10,5,0,9,20,45.0,11,40,21,19,54,69,163,2
1867,Oscar Mingueza,14.3,37,21,27,9,1,25,32,78.1,7,10,4,6,12,49,25,0
1868,Rafa Mir,14.4,8,2,2,4,2,2,5,40.0,3,5,1,4,4,12,11,0
1869,Aleksei Miranchuk,23.2,11,5,3,4,4,3,11,27.3,8,11,0,11,2,13,5,0
1870,Juan Miranda,16.4,23,16,16,6,1,14,29,48.3,15,20,7,13,20,43,63,0
1873,Fabio Miretti,13.7,24,11,15,6,3,12,29,41.4,17,20,1,19,4,28,11,0
1874,Filippo Missori,2.0,4,3,3,0,1,3,6,50.0,3,0,0,0,3,7,5,0
1875,Tyrick Mitchell,32.1,71,49,43,23,5,30,53,56.6,23,48,11,37,42,113,78,0
1876,Kaoru Mitoma,25.8,44,27,15,16,13,20,41,48.8,21,25,0,25,17,61,10,0
1877,Aleksandar Mitrovic,22.3,14,7,8,4,2,5,12,41.7,7,22,5,17,3,17,20,1
1878,Stefan Mitrovic,18.7,14,6,12,2,0,7,11,63.6,4,12,10,2,17,31,90,2
1879,Maximilian Mittelstadt,9.4,39,20,31,6,2,17,39,43.6,22,13,2,11,26,65,27,0
1880,Henrikh Mkhitaryan,22.1,41,26,13,22,6,14,41,34.1,27,27,4,23,21,62,18,0
1881,Anthony Modeste,9.0,4,4,2,0,2,2,5,40.0,3,7,0,7,2,6,22,0
1882,Luka Modric,19.4,19,9,6,6,7,10,25,40.0,15,15,5,10,10,29,7,0
1883,Terem Moffi,14.8,12,6,0,6,6,2,12,16.7,10,3,0,3,2,14,5,0
1884,Terem Moffi,15.4,8,5,1,4,3,3,5,60.0,2,11,3,8,3,11,10,0
1885,Mostafa Mohamed,21.5,18,13,5,7,6,9,20,45.0,11,23,1,22,10,28,33,0
1886,Tobias Mohr,9.3,8,5,3,5,0,2,7,28.6,5,14,5,9,8,16,19,0
1887,Johan Mojica,7.1,13,9,9,3,1,5,9,55.6,4,8,3,5,4,17,14,1
1888,Johan Mojica,3.0,6,3,5,1,0,2,3,66.7,1,3,2,1,4,10,5,0
1889,Clinton Mola,0.2,3,1,2,1,0,1,1,100.0,0,1,1,0,1,4,2,0
1890,Nahuel Molina,31.9,69,43,38,18,13,39,91,42.9,52,38,7,31,18,87,63,1
1891,Salvatore Molina,2.5,6,5,2,4,0,4,5,80.0,1,4,2,2,1,7,2,0
1892,Florent Mollet,12.1,14,6,5,4,5,7,24,29.2,17,12,1,11,10,24,11,0
1893,Florent Mollet,4.6,4,1,0,4,0,2,7,28.6,5,7,1,6,1,5,1,0
1894,Jon Moncayola,27.2,55,39,24,22,9,30,76,39.5,46,37,5,32,17,72,32,2
1895,Monchu,22.6,50,29,20,21,9,19,46,41.3,27,28,11,17,18,68,22,1
1896,Cesar Montes,17.7,17,9,10,7,0,10,18,55.6,8,19,12,7,14,31,101,0
1898,Daniele Montevago,2.6,1,0,0,0,1,0,1,0.0,1,2,1,1,0,1,1,0
1899,Gonzalo Montiel,16.9,26,15,12,14,0,15,29,51.7,14,25,7,18,19,45,38,0
1900,Lorenzo Montipo,37.0,1,0,1,0,0,0,3,0.0,3,1,0,1,0,1,26,3
1901,Martin Montoya,5.0,13,8,9,4,0,10,12,83.3,2,6,1,5,9,22,14,1
1902,Kieffer Moore,14.2,14,11,2,9,3,5,16,31.3,11,12,5,7,1,15,26,0
1904,Alvaro Morata,21.1,16,11,4,8,4,3,8,37.5,5,11,3,8,0,16,23,0
1905,Jon Morcillo,0.8,1,0,1,0,0,0,1,0.0,1,0,0,0,1,2,0,0
1906,Alberto Moreno,14.4,23,12,10,10,3,11,24,45.8,13,12,1,11,23,46,26,0
1907,Alex Moreno,14.8,23,14,15,5,3,13,36,36.1,23,18,3,15,7,30,37,2
1908,Alex Moreno,15.0,29,22,19,10,0,18,36,50.0,18,17,4,13,17,46,39,0
1909,Diego Moreno,7.1,4,4,2,2,0,3,8,37.5,5,7,4,3,5,9,21,0
1910,Gerard Moreno,13.7,11,6,0,6,5,3,6,50.0,3,6,2,4,5,16,10,0
1911,Marlos Moreno,0.1,2,2,2,0,0,2,3,66.7,1,1,1,0,0,2,0,0
1912,Tete Morente,23.0,33,21,18,13,2,15,36,41.7,21,23,3,20,25,58,28,0
1913,Ilaix Moriba,11.2,35,16,14,17,4,14,24,58.3,10,11,1,10,4,39,12,0
1914,Manu Morlanes,1.8,3,2,2,1,0,3,3,100.0,0,3,2,1,1,4,2,0
1915,Manu Morlanes,7.8,22,9,12,8,2,13,24,54.2,11,10,5,5,5,27,9,0
1916,Nikola Moro,13.6,32,21,11,15,6,14,36,38.9,22,15,2,13,8,40,18,0
1918,Cristhian Mosquera,1.6,4,2,3,1,0,4,5,80.0,1,1,0,1,1,5,5,0
1919,Dany Mota,21.2,8,7,1,3,4,2,10,20.0,8,5,1,4,6,14,25,0
1920,Lebo Mothiba,4.8,1,0,1,0,0,0,1,0.0,1,6,1,5,0,1,4,0
1921,Youssoufa Moukoko,12.7,13,7,3,6,4,3,6,50.0,3,9,0,9,2,15,1,0
1922,Steve Mounie,18.4,13,5,1,7,5,5,14,35.7,9,18,7,11,3,16,20,0
1924,Mason Mount,18.3,33,19,6,16,11,14,27,51.9,13,24,6,18,8,41,9,0
1925,Lucas Moura,1.7,8,5,1,3,4,1,4,25.0,3,0,0,0,2,10,1,1
1926,Bevic Moussiti-Oko,7.8,3,1,1,1,1,1,2,50.0,1,5,3,2,2,5,8,0
1927,Joao Moutinho,19.8,51,30,24,21,6,19,46,41.3,27,22,6,16,18,69,20,0
1928,Joao Moutinho,0.6,7,1,5,1,1,3,4,75.0,1,1,1,0,0,7,0,0
1929,Samuel Moutoussamy,26.7,64,34,27,28,9,26,76,34.2,50,23,2,21,24,88,15,0
1931,Mykhailo Mudryk,7.3,11,9,2,4,5,4,13,30.8,9,7,1,6,0,11,3,0
1933,Nordi Mukiele,12.6,31,23,16,6,9,19,29,65.5,10,22,9,13,14,45,16,0
1936,Thomas Muller,18.5,21,12,5,9,7,6,16,37.5,10,19,3,16,4,25,16,0
1937,Abdul Mumin,10.2,11,9,5,6,0,3,7,42.9,4,13,5,8,9,20,36,2
1938,Marshall Munetsi,30.0,58,27,13,31,14,20,48,41.7,28,37,11,26,26,84,41,1
1939,Iker Muniain,18.8,21,16,7,11,3,6,17,35.3,11,10,1,9,4,25,2,0
1940,Aihen Munoz,19.5,38,23,17,17,4,22,47,46.8,25,26,5,21,9,47,38,0
1941,Alvaro Munoz,0.9,2,1,1,0,1,1,1,100.0,0,0,0,0,0,2,1,0
1942,Iker Munoz,2.8,1,0,0,1,0,0,3,0.0,3,2,1,1,3,4,8,0
1943,Pablo Munoz,0.1,0,0,0,0,0,0,1,0.0,1,0,0,0,0,0,0,0
1944,Luis Muriel,11.9,9,6,2,3,4,5,16,31.3,11,9,0,9,2,11,2,0
1945,Jeison Murillo,11.7,22,11,16,6,0,17,26,65.4,9,22,14,8,8,30,39,0
1946,Vedat Muriqi,32.6,12,7,4,7,1,3,13,23.1,10,19,7,12,12,24,73,0
1947,Jacob Murphy,13.9,15,7,3,8,4,8,20,40.0,12,17,0,17,7,22,3,0
1948,Nicola Murru,8.7,24,14,15,8,1,7,13,53.8,6,17,7,10,10,34,21,0
1950,Yunus Musah,23.4,48,35,17,23,8,20,30,66.7,10,20,1,19,11,59,16,2
1951,Jamal Musiala,24.4,34,23,9,16,9,13,35,37.1,22,30,3,27,19,53,3,0
1952,Juan Musso,23.1,1,1,1,0,0,1,1,100.0,0,0,0,0,0,1,11,1
1955,Enock Mwepu,2.4,10,5,1,6,3,3,4,75.0,1,3,1,2,1,11,1,0
1957,Vitaliy Mykolenko,29.5,58,34,36,19,3,28,51,54.9,23,50,16,34,46,104,99,0
1958,Joakim Maehle,24.5,32,18,12,7,13,22,39,56.4,17,29,6,23,24,56,26,0
1959,Obite N'Dicka,29.9,25,18,10,11,4,18,32,56.3,14,47,19,28,31,56,150,0
1960,Nathan N'Goumou,1.0,3,2,2,1,0,1,1,100.0,0,2,0,2,2,5,0,0
1961,Nathan N'Goumou,7.7,11,5,5,5,1,7,13,53.8,6,9,0,9,1,12,4,0
1962,Stanley N'Soki,14.3,22,13,14,7,1,12,22,54.5,10,22,5,17,24,46,34,0
1964,Nacho,18.2,24,16,17,5,2,12,29,41.4,17,11,6,5,18,42,37,0
1965,Nikolas Nartey,5.3,11,6,7,3,1,5,9,55.6,4,9,0,9,4,15,12,0
1966,Juanjo Narvaez,1.6,1,1,1,0,0,1,1,100.0,0,2,0,2,0,1,0,0
1967,Matija Nastasic,10.1,10,8,7,1,2,3,6,50.0,3,11,4,7,18,28,43,1
1968,Roberto Navarro,3.9,5,4,4,0,1,1,2,50.0,1,7,0,7,2,7,2,0
1969,Jesus Navas,22.0,19,12,8,3,8,11,22,50.0,11,18,7,11,22,41,52,1
1971,Michel Ndary Adopo,2.9,7,2,4,2,1,1,3,33.3,2,2,2,0,1,8,4,0
1972,Youssouf Ndayishimiye,6.3,13,9,8,5,0,6,11,54.5,5,8,5,3,12,25,22,1
1973,Papa Ndiaga Yade,6.3,10,6,6,2,2,7,22,31.8,15,10,2,8,8,18,10,0
1974,Wilfred Ndidi,18.7,61,42,34,24,3,17,43,39.5,26,32,14,18,38,99,48,3
1976,Tanguy Ndombele,9.0,14,8,4,8,2,4,7,57.1,3,10,1,9,7,21,7,1
1977,Alvaro Negredo,8.4,5,4,1,2,2,2,2,100.0,0,4,1,3,0,5,8,0
1978,Reiss Nelson,2.4,4,1,2,1,1,2,4,50.0,2,3,0,3,0,4,4,0
1979,Ilija Nestorovski,7.1,7,3,2,1,4,5,11,45.5,6,6,1,5,2,9,10,0
1980,Neto,26.5,3,1,3,0,0,3,3,100.0,0,0,0,0,0,3,10,3
1981,Pedro Neto,10.7,11,6,4,2,5,7,17,41.2,10,5,1,4,4,15,4,0
1982,Luca Netz,7.8,25,13,19,3,3,19,32,59.4,13,5,1,4,6,31,27,0
1984,Florian Neuhaus,15.6,19,9,9,5,5,8,27,29.6,19,20,3,17,12,31,5,0
1985,Ruben Neves,33.5,79,43,31,33,15,32,74,43.2,42,59,22,37,50,129,85,1
1986,Neymar,17.2,22,14,6,9,7,9,19,47.4,10,7,1,6,4,26,1,1
1987,Jessic Ngankam,9.2,14,9,7,4,3,6,14,42.9,8,6,1,5,1,15,4,0
1988,Cyril Ngonge,8.3,7,3,2,2,3,3,11,27.3,8,7,0,7,6,13,4,0
1989,Moussa Niakhate,12.9,18,9,15,3,0,11,22,50.0,11,18,8,10,19,37,60,0
1990,Ibrahima Niane,12.6,6,2,1,4,1,1,6,16.7,5,8,2,6,1,7,9,0
1991,M'Baye Niang,16.5,13,7,1,8,4,3,13,23.1,10,22,1,21,1,14,20,0
1992,Tanguy Nianzou,15.2,20,15,10,9,1,8,11,72.7,3,8,5,3,16,36,44,3
1993,Rasmus Nicolaisen,33.3,48,21,34,14,0,29,46,63.0,17,58,45,13,50,98,152,0
1994,Hans Nicolussi Caviglia,6.5,15,6,5,8,2,9,15,60.0,6,9,0,9,7,22,7,1
1995,Florian Niederlechner,10.1,10,5,5,4,1,4,7,57.1,3,16,2,14,1,11,9,0
1996,Florian Niederlechner,8.7,9,7,2,4,3,2,8,25.0,6,7,0,7,3,12,10,0
1997,Saul Niguez,12.2,42,27,18,18,6,22,37,59.5,15,27,5,22,15,57,29,0
1998,Dimitris Nikolaou,32.9,45,32,31,10,4,25,37,67.6,12,41,26,15,27,72,82,0
2000,Rasmus Nissen,21.8,62,35,35,21,6,42,76,55.3,34,32,14,18,35,97,61,0
2003,Eddie Nketiah,12.1,13,9,6,2,5,2,8,25.0,6,7,1,6,1,14,7,0
2004,Christopher Nkunku,21.1,6,4,2,1,3,1,6,16.7,5,8,3,5,8,14,11,0
2005,Felix Nmecha,20.4,41,24,11,23,7,16,34,47.1,18,26,10,16,25,66,31,0
2006,Lukas Nmecha,10.0,5,3,0,2,3,3,3,100.0,0,5,1,4,3,8,4,0
2007,Arnaud Nordin,26.7,26,14,10,12,4,12,28,42.9,16,19,1,18,14,40,7,0
2008,Riad Nouri,18.8,21,12,7,10,4,12,29,41.4,17,8,1,7,15,36,11,0
2009,Hugo Novoa,2.0,8,2,1,3,4,4,7,57.1,3,4,0,4,1,9,0,0
2011,Randy Ntekja,8.1,15,10,7,6,2,2,11,18.2,9,15,3,12,4,19,9,0
2012,Randy Ntekja,1.3,4,2,2,2,0,1,1,100.0,0,2,0,2,2,6,3,0
2013,Alexander Nubel,38.0,0,0,0,0,0,0,1,0.0,1,0,0,0,1,1,10,3
2014,Matheus Nunes,27.4,67,43,36,22,9,28,61,45.9,33,35,4,31,16,83,35,2
2015,Darwin Nunez,18.8,11,5,2,4,5,4,17,23.5,13,10,0,10,3,14,13,0
2016,Unai Nunez,35.0,47,35,29,15,3,18,34,52.9,16,27,17,10,72,119,135,1
2017,Bram Nuytinck,4.3,7,4,3,4,0,4,8,50.0,4,6,6,0,5,12,22,0
2018,Bram Nuytinck,16.6,54,38,33,21,0,23,34,67.6,11,36,21,15,23,77,84,0
2020,Gerzino Nyamsi,17.5,28,20,14,12,2,10,12,83.3,2,19,11,8,10,38,63,1
2022,M'Bala Nzola,29.5,12,5,0,6,6,3,9,33.3,6,20,6,14,7,19,21,0
2023,Christian Norgaard,19.6,52,30,21,29,2,18,48,37.5,30,32,9,23,34,86,41,2
2024,Lewis O'Brien,6.5,16,9,4,11,1,6,12,50.0,6,13,2,11,5,21,9,0
2025,Pedro Obiang,9.7,26,17,12,12,2,10,18,55.6,8,12,2,10,8,34,15,0
2028,Brian Ocampo,12.4,18,15,12,5,1,8,21,38.1,13,13,0,13,3,21,3,0
2029,Lucas Ocampos,12.9,22,14,9,9,4,8,31,25.8,23,17,2,15,8,30,5,0
2030,Guillermo Ochoa,20.0,0,0,0,0,0,0,2,0.0,2,0,0,0,0,0,9,1
2031,Wilson Odobert,19.6,20,14,10,7,3,9,25,36.0,16,11,0,11,15,35,5,0
2033,Tim Oermann,2.2,2,1,2,0,0,1,1,100.0,0,3,2,1,1,3,8,1
2034,Odeluga Offiah,0.3,1,1,1,0,0,0,2,0.0,2,0,0,0,0,1,1,0
2035,Angelo Ogbonna,13.7,11,4,7,4,0,5,10,50.0,5,11,7,4,17,28,74,1
2036,Florent Ogier,18.9,33,16,20,12,1,22,39,56.4,17,22,13,9,18,51,64,1
2037,Marios Oikonomou,2.4,3,2,3,0,0,1,3,33.3,2,5,4,1,4,7,13,0
2038,David Okereke,25.2,12,8,4,5,3,3,16,18.8,13,23,3,20,10,22,12,0
2039,Caleb Okoli,10.7,21,17,14,6,1,10,25,40.0,15,10,5,5,30,51,44,3
2040,Olasagasti,0.7,4,4,1,2,1,1,2,50.0,1,2,0,2,0,4,1,0
2041,Lucas Olaza,16.6,24,14,12,10,2,17,26,65.4,9,20,8,12,14,38,34,0
2042,Finn Ole Becker,5.7,10,2,4,6,0,4,7,57.1,3,4,0,4,5,15,8,0
2043,Mathias Olesen,5.3,10,5,4,4,2,5,8,62.5,3,6,1,5,2,12,3,0
2044,Michael Olise,30.5,58,34,28,26,4,25,60,41.7,35,46,1,45,26,84,17,0
2045,Brian Olivan,26.7,47,27,30,12,5,17,26,65.4,9,26,6,20,22,69,67,0
2046,Lucas Oliveira Rosa,10.3,39,18,23,10,6,12,20,60.0,8,12,2,10,15,54,24,0
2047,Mathias Olivera,18.3,39,23,16,16,7,22,43,51.2,21,28,2,26,22,61,26,0
2048,Dani Olmo,14.2,15,9,1,10,4,6,14,42.9,8,15,0,15,6,21,6,0
2049,Jan Olschowsky,4.0,0,0,0,0,0,0,1,0.0,1,1,0,1,0,0,1,0
2050,Robin Olsen,3.1,0,0,0,0,0,0,2,0.0,2,0,0,0,0,0,1,0
2051,Warmed Omari,15.1,20,11,14,6,0,14,28,50.0,14,13,7,6,17,37,43,1
2054,Jonas Omlin,14.3,1,1,1,0,0,1,3,33.3,2,1,0,1,0,1,9,1
2055,Ado Onaiwu,12.0,11,6,4,4,3,5,13,38.5,8,5,1,4,2,13,5,0
2056,Amadou Onana,27.6,72,43,24,42,6,30,42,71.4,12,25,6,19,37,109,39,0
2057,Andre Onana,24.0,0,0,0,0,0,0,1,0.0,1,0,0,0,0,0,5,0
2058,Jean Onana,9.0,28,17,8,17,3,10,22,45.5,12,15,5,10,18,46,20,0
2059,Karim Onisiwo,28.2,19,12,3,10,6,4,21,19.0,17,19,0,19,2,21,7,0
2061,Paul Onuachu,4.5,3,2,1,1,1,1,3,33.3,2,4,1,3,0,3,4,0
2062,Frank Onyeka,9.4,19,14,11,7,1,10,25,40.0,15,16,3,13,10,29,16,0
2063,Lois Openda,28.0,11,9,2,6,3,2,13,15.4,11,9,0,9,2,13,6,0
2064,Willi Orban,32.8,51,30,33,18,0,26,43,60.5,17,42,24,18,39,90,129,1
2065,Ivan Ordets,27.2,31,19,21,9,1,16,28,57.1,12,34,17,17,57,88,139,0
2066,Divock Origi,11.4,10,5,4,3,3,5,10,50.0,5,6,2,4,0,10,13,0
2067,Aimar Oroz,22.4,26,14,8,10,8,8,30,26.7,22,24,1,23,24,50,6,0
2069,Riccardo Orsolini,23.6,30,19,15,10,5,17,41,41.5,24,29,3,26,8,38,18,0
2072,Jordi Osei-Tutu,8.3,23,18,13,5,5,12,23,52.2,11,12,5,7,10,33,8,0
2073,Victor Osimhen,28.5,10,6,1,2,7,0,7,0.0,7,6,1,5,6,16,29,0
2074,Patrick Osterhage,11.4,20,17,8,10,2,11,16,68.8,5,17,6,11,12,32,25,0
2075,Paulo Otavio,22.7,72,46,46,17,9,44,66,66.7,22,42,6,36,30,102,70,1
2076,Dango Ouattara,13.8,28,15,20,6,2,13,32,40.6,19,20,3,17,13,41,29,1
2077,Dango Ouattara,17.2,41,26,20,11,10,15,28,53.6,13,24,6,18,19,60,21,0
2078,Remi Oudin,14.7,25,13,9,12,4,10,23,43.5,13,16,2,14,29,54,23,0
2080,Zinedine Ould Khaled,0.6,1,1,0,1,0,0,1,0.0,1,0,0,0,2,3,0,0
2081,Azzedine Ounahi,1.3,2,1,1,1,0,0,2,0.0,2,1,0,1,0,2,0,0
2082,Azzedine Ounahi,12.5,19,8,5,13,1,10,20,50.0,10,8,0,8,15,34,4,1
2084,Adam Ounas,11.8,20,11,4,10,6,8,13,61.5,5,16,0,16,7,27,5,0
2085,Thomas Ouwejan,10.0,20,8,13,5,2,6,10,60.0,4,17,4,13,13,33,27,0
2087,Alex Oxlade-Chamberlain,3.7,5,4,1,2,2,1,5,20.0,4,5,2,3,1,6,4,0
2088,Mikel Oyarzabal,13.5,13,7,5,3,5,5,19,26.3,14,14,4,10,3,16,5,0
2089,Salih Ozcan,17.5,31,18,10,16,5,16,39,41.0,23,24,2,22,28,59,19,1
2090,Cenk Ozkacar,15.2,27,20,17,10,0,14,19,73.7,5,14,2,12,12,39,47,4
2092,Levin Oztunali,0.1,0,0,0,0,0,0,1,0.0,1,0,0,0,0,0,0,0
2094,Fernando Pacheco,16.0,0,0,0,0,0,0,1,0.0,1,0,0,0,1,1,11,0
2095,Jon Pacheco,13.3,16,10,10,6,0,6,10,60.0,4,9,6,3,12,28,37,1
2096,Goncalo Paciencia,7.4,8,5,0,5,3,2,7,28.6,5,9,1,8,0,8,4,0
2097,Simone Pafundi,0.9,8,5,1,5,2,2,4,50.0,2,0,0,0,1,9,0,0
2098,Exequiel Palacios,18.4,59,36,20,33,6,29,48,60.4,19,29,2,27,33,92,28,0
2099,Helibelton Palacios,21.3,38,20,21,15,2,19,26,73.1,7,26,12,14,20,58,55,0
2101,Isaac Palazon Camacho,32.9,45,30,11,23,11,24,66,36.4,42,42,3,39,17,62,30,0
2102,Joao Palhinha,34.5,147,83,58,65,24,71,134,53.0,63,48,5,43,46,193,61,2
2103,Nicolas Pallois,24.6,69,44,51,16,2,42,70,60.0,28,35,18,17,30,99,131,2
2104,Cole Palmer,4.1,5,1,0,3,2,3,5,60.0,2,2,1,1,1,6,2,0
2106,Erik Palmer-Brown,35.5,42,27,31,10,1,18,33,54.5,15,56,29,27,26,68,166,1
2107,Emerson Palmieri,14.7,26,14,9,15,2,12,24,50.0,12,17,4,13,15,41,36,0
2108,Milos Pantovic,2.3,4,2,4,0,0,3,5,60.0,2,3,0,3,0,4,5,0
2109,Flavio Paoletti,3.2,2,2,0,2,0,1,5,20.0,4,1,0,1,5,7,9,0
2111,Lucas Paqueta,23.9,71,53,23,36,12,27,66,40.9,39,41,4,37,16,87,31,0
2112,Lucas Paqueta,1.8,5,4,0,5,0,1,3,33.3,2,2,0,2,1,6,3,0
2113,Aitor Paredes,9.5,7,6,4,2,1,6,11,54.5,5,11,7,4,14,21,26,0
2114,Kevin Paredes,5.9,13,9,6,3,4,9,12,75.0,3,7,0,7,6,19,8,0
2115,Leandro Paredes,10.9,19,13,7,11,1,10,22,45.5,12,8,0,8,17,36,22,0
2116,Leandro Paredes,0.6,1,1,1,0,0,1,1,100.0,0,2,1,1,1,2,0,0
2117,Daniel Parejo,36.5,71,40,32,23,16,30,75,40.0,45,40,12,28,29,100,31,2
2118,Fabiano Parisi,31.4,65,35,37,21,7,30,72,41.7,42,51,16,35,41,106,91,0
2120,Raul Parra,3.4,4,2,4,0,0,4,9,44.4,5,5,3,2,1,5,9,0
2121,Thomas Partey,27.6,70,40,20,35,15,25,52,48.1,27,26,5,21,28,98,41,1
2123,Mario Pasalic,19.7,22,10,6,14,2,6,23,26.1,17,22,4,18,21,43,13,0
2125,Felix Passlack,0.7,4,3,0,4,0,1,1,100.0,0,1,1,0,0,4,1,0
2127,Patric,15.7,17,11,12,3,2,11,16,68.8,5,17,12,5,11,28,53,1
2128,Rui Patricio,35.0,1,1,1,0,0,1,1,100.0,0,0,0,0,2,3,6,3
2129,Nathan Patterson,14.2,49,24,32,13,4,29,53,54.7,24,24,4,20,15,64,45,0
2132,Gabriel Paulista,16.7,17,9,13,4,0,13,19,68.4,6,22,14,8,32,49,79,2
2133,Benjamin Pavard,27.0,70,41,36,26,8,36,48,75.0,12,35,16,19,44,114,83,0
2134,Jiri Pavlenka,32.3,1,0,1,0,0,1,5,20.0,4,1,0,1,3,4,21,1
2135,Dimitri Payet,9.3,6,4,2,2,2,3,10,30.0,7,4,0,4,0,6,4,0
2136,Ben Pearson,3.2,7,3,3,3,1,1,3,33.3,2,4,0,4,2,9,6,0
2137,Kristian Pedersen,3.1,5,4,4,1,0,0,2,0.0,2,3,0,3,6,11,17,0
2138,Mads Pedersen,20.4,44,23,31,11,2,22,33,66.7,11,32,9,23,20,64,41,1
2139,Alfonso Pedraza,18.1,35,26,20,10,5,19,29,65.5,10,19,1,18,18,53,31,0
2140,Pedri,22.0,39,22,15,17,7,13,45,28.9,32,27,0,27,13,52,8,1
2141,Pedro,21.1,35,24,14,10,11,11,30,36.7,19,18,2,16,6,41,4,1
2142,Adria Pedrosa,2.5,5,1,5,0,0,4,7,57.1,3,1,1,0,5,10,3,0
2143,Jordan Pefok,15.1,15,7,3,4,8,2,17,11.8,15,17,5,12,4,19,15,0
2144,Gianluca Pegolo,2.0,0,0,0,0,0,0,1,0.0,1,0,0,0,0,0,1,0
2146,Peter Pekarik,2.3,4,3,4,0,0,4,6,66.7,2,6,2,4,4,8,7,0
2147,Pietro Pellegri,5.2,6,2,1,3,2,2,3,66.7,1,5,1,4,0,6,4,0
2148,Lorenzo Pellegrini,28.3,52,29,24,24,4,22,48,45.8,26,27,4,23,26,78,22,0
2149,Luca Pellegrini,2.0,1,0,0,1,0,1,4,25.0,3,3,0,3,7,8,4,0
2150,Luca Pellegrini,6.2,13,8,10,3,0,8,8,100.0,0,8,2,6,7,20,11,1
2151,Theo Pellenard,1.1,1,0,1,0,0,1,1,100.0,0,3,1,2,2,3,2,0
2153,Timothee Pembele,2.9,5,5,3,1,1,2,4,50.0,2,2,0,2,4,9,2,0
2155,Ruben Pena,14.2,32,18,10,18,4,20,41,48.8,21,23,8,15,17,49,31,0
2158,Nicolas Pepe,16.6,25,13,14,5,6,11,25,44.0,14,17,0,17,3,28,1,0
2159,Ricardo Pepi,1.1,1,1,1,0,0,1,1,100.0,0,1,0,1,0,1,1,0
2160,Pepin,12.5,28,19,10,11,7,9,27,33.3,18,14,3,11,13,41,17,0
2162,Juan Perea,4.6,5,4,0,2,3,2,4,50.0,2,2,1,1,1,6,3,0
2163,Andreas Pereira,29.9,18,9,3,6,9,8,33,24.2,25,21,3,18,6,24,8,0
2164,Brayann Pereira,2.0,6,5,5,1,0,1,5,20.0,4,2,2,0,2,8,8,1
2165,Danilo Pereira,26.8,32,17,15,14,3,19,26,73.1,7,26,19,7,36,68,59,1
2166,Mathias Pereira Lage,14.0,20,7,5,14,1,11,29,37.9,18,10,1,9,14,34,12,0
2167,Ricardo Pereira,5.0,11,7,8,3,0,7,17,41.2,10,8,2,6,4,15,20,0
2168,Roberto Pereyra,31.3,36,20,21,12,3,16,44,36.4,28,20,5,15,16,52,28,0
2169,Ayoze Perez,4.2,11,8,5,4,2,8,19,42.1,11,6,0,6,2,13,3,0
2170,Ayoze Perez,15.4,31,15,9,16,6,10,40,25.0,30,22,0,22,13,44,5,0
2171,Carles Perez,23.8,39,23,12,17,10,22,66,33.3,44,29,3,26,6,45,9,0
2172,Francisco Perez,1.6,1,1,1,0,0,0,3,0.0,3,0,0,0,0,1,1,0
2173,Kike Perez,25.6,67,33,30,32,5,25,68,36.8,43,26,7,19,20,87,28,0
2174,Lucas Perez,7.0,3,2,2,1,0,1,3,33.3,2,2,0,2,1,4,3,0
2175,Luis Perez,13.5,44,24,26,12,6,27,38,71.1,11,13,4,9,16,60,29,0
2176,Nehuen Perez,31.3,77,40,54,20,3,39,55,70.9,16,53,23,30,35,112,106,1
2180,Ivan Perisic,23.4,42,24,25,10,7,27,47,57.4,20,29,7,22,22,64,49,1
2181,Romain Perraud,20.4,54,33,23,23,8,28,52,53.8,24,24,6,18,20,74,42,0
2182,Gaetan Perrin,15.5,17,8,5,6,6,8,30,26.7,22,15,0,15,10,27,9,0
2184,Lucas Perrin,19.6,44,27,28,14,2,25,49,51.0,24,13,5,8,36,80,53,0
2186,Matteo Pessina,32.6,57,36,28,21,8,26,62,41.9,36,50,15,35,37,94,33,1
2187,Andrea Petagna,18.5,7,5,2,3,2,3,6,50.0,3,16,4,12,3,10,18,0
2188,Nils Petersen,3.1,6,4,0,3,3,2,5,40.0,3,11,2,9,1,7,6,0
2189,Lukas Petkov,1.6,5,1,4,1,0,2,3,66.7,1,4,1,3,1,6,0,0
2191,German Pezzella,27.9,41,28,32,9,0,26,38,68.4,12,32,15,17,50,91,129,1
2192,Giuseppe Pezzella,10.2,21,9,16,2,3,9,16,56.3,7,11,3,8,8,29,31,1
2193,Luca Pfeiffer,7.8,1,1,1,0,0,0,1,0.0,1,4,0,4,1,2,5,0
2194,Maximilian Philipp,1.3,2,1,1,1,0,1,1,100.0,0,1,0,1,0,2,0,0
2195,Maximilian Philipp,4.9,6,5,3,2,1,1,9,11.1,8,7,1,6,3,9,4,0
2196,Kalvin Phillips,3.3,6,4,3,3,0,2,9,22.2,7,7,3,4,5,11,10,0
2197,Nathaniel Phillips,0.7,2,1,0,2,0,2,2,100.0,0,0,0,0,2,4,1,0
2198,Krzysztof Piatek,23.8,18,11,3,9,6,5,21,23.8,16,17,4,13,2,20,39,0
2199,Roberto Piccoli,2.1,1,0,1,0,0,0,2,0.0,2,2,0,2,0,1,2,0
2200,Roberto Piccoli,5.7,1,1,1,0,0,0,3,0.0,3,4,1,3,1,2,9,0
2201,Charles Pickel,27.6,55,23,25,26,4,32,57,56.1,25,37,5,32,24,79,36,1
2202,Jordan Pickford,37.0,0,0,0,0,0,0,1,0.0,1,0,0,0,4,4,15,3
2203,Amos Pieper,21.7,46,28,25,19,2,24,40,60.0,16,23,11,12,30,76,94,1
2204,Ronael Pierre-Gabriel,2.6,17,9,12,4,1,5,11,45.5,6,5,2,3,9,26,11,0
2205,Ronael Pierre-Gabriel,7.3,25,18,11,12,2,15,17,88.2,2,16,3,13,9,34,22,0
2206,Andrea Pinamonti,24.0,10,7,0,5,5,3,7,42.9,4,19,2,17,2,12,11,0
2207,Ethan Pinnock,30.0,52,28,33,12,7,18,24,75.0,6,41,31,10,35,87,215,2
2208,Yeremi Pino,27.2,62,38,25,20,17,21,56,37.5,35,41,4,37,15,77,36,0
2210,Gerard Pique,4.3,5,4,1,4,0,4,4,100.0,0,2,1,1,2,7,19,0
2211,Lorenzo Pirola,21.6,33,29,18,14,1,19,27,70.4,8,50,35,15,30,63,85,1
2213,Marko Pjaca,5.8,4,3,3,1,0,3,5,60.0,2,3,0,3,3,7,3,0
2214,Oscar Plano,22.6,40,25,9,17,14,12,37,32.4,25,26,2,24,29,69,23,0
2215,Gonzalo Plata,25.6,66,35,31,24,11,23,70,32.9,47,40,0,40,12,78,10,1
2216,Marvin Plattenhardt,26.7,43,33,24,15,4,29,47,61.7,18,25,11,14,15,58,82,0
2217,Alassane Plea,19.7,16,8,5,7,4,8,26,30.8,18,23,3,20,12,28,14,0
2218,Tommaso Pobega,9.8,27,16,8,15,4,13,20,65.0,7,12,4,8,9,36,11,0
2219,Daniel Podence,19.7,27,17,13,9,5,6,31,19.4,25,19,0,19,7,34,6,0
2220,Paul Pogba,1.2,0,0,0,0,0,0,1,0.0,1,0,0,0,0,0,2,0
2222,Matteo Politano,13.0,18,9,9,5,4,11,25,44.0,14,6,0,6,7,25,7,0
2223,Sebastian Polter,7.0,4,3,0,4,0,1,4,25.0,3,4,0,4,1,5,6,0
2224,Ezequiel Ponce,12.5,9,7,0,6,3,0,7,0.0,7,6,1,5,1,10,13,0
2225,Julien Ponceau,18.4,28,19,10,14,4,10,32,31.3,22,27,3,24,14,42,12,0
2226,Marin Pongracic,8.8,16,14,8,7,1,5,7,71.4,2,4,3,1,16,32,31,0
2227,Nick Pope,36.2,1,0,1,0,0,1,3,33.3,2,0,0,0,0,1,27,2
2228,Lukasz Poreba,2.9,5,4,2,1,2,2,3,66.7,1,3,0,3,4,9,2,0
2229,Jackson Porozo,18.0,32,20,24,7,1,13,31,41.9,18,24,17,7,33,65,75,0
2230,Pedro Porro,12.6,25,16,8,15,2,14,39,35.9,25,25,2,23,15,40,24,1
2231,Francisco Portillo,8.0,13,6,4,5,4,3,16,18.8,13,7,1,6,7,20,8,0
2232,Portu,19.7,28,21,14,10,4,18,42,42.9,24,23,3,20,17,45,20,1
2233,Stefan Posch,28.1,81,43,41,29,11,44,75,58.7,31,44,15,29,35,116,69,0
2236,Yussuf Poulsen,4.6,6,4,1,4,1,2,5,40.0,3,3,1,2,0,6,5,0
2239,Alejandro Pozo Pozo,20.9,37,19,17,17,3,27,53,50.9,26,30,5,25,26,63,45,1
2240,Dennis Praet,7.2,12,9,5,6,1,6,11,54.5,5,12,2,10,5,17,6,0
2242,Sanjin Prcic,18.1,27,12,6,16,5,19,31,61.3,12,22,7,15,25,52,22,0
2243,Isaac Price,0.4,0,0,0,0,0,0,1,0.0,1,1,1,0,0,0,0,0
2244,Grischa Promel,16.2,27,19,14,11,2,9,25,36.0,16,22,4,18,8,35,23,0
2246,Javi Puado,26.0,20,11,12,5,3,12,28,42.9,16,12,2,10,10,30,14,0
2247,Mehdi Puch Herrantz,0.5,2,2,0,1,1,1,2,50.0,1,1,0,1,3,5,0,0
2249,Arnau Puigmal,8.5,22,14,10,7,5,12,17,70.6,5,7,0,7,11,33,6,0
2250,Christian Pulisic,9.1,11,6,3,6,2,3,5,60.0,2,8,1,7,4,15,4,0
2251,Ignacio Pussetto,1.7,6,3,2,3,1,3,4,75.0,1,4,0,4,0,6,3,0
2252,Niklas Pyyhtia,1.2,1,0,0,1,0,0,1,0.0,1,1,1,0,1,2,4,0
2253,Fabio Quagliarella,8.9,2,1,1,1,0,1,7,14.3,6,5,1,4,0,2,9,0
2254,Giacomo Quagliata,7.8,10,8,7,1,2,5,11,45.5,6,7,2,5,11,21,8,0
2255,Eduardo Quaresma,1.0,5,3,3,2,0,1,3,33.3,2,3,2,1,0,5,3,0
2258,Domingos Quina,3.1,3,2,2,1,0,1,3,33.3,2,5,0,5,3,6,1,0
2260,Adrien Rabiot,30.5,65,35,31,23,11,30,57,52.6,27,37,7,30,26,91,44,1
2262,Nemanja Radonjic,16.2,2,1,2,0,0,0,4,0.0,4,3,0,3,2,4,4,0
2263,Ivan Radovanovic,7.5,12,4,8,4,0,4,10,40.0,6,9,3,6,7,19,9,1
2267,Antonio Raillo,30.7,34,21,23,11,0,10,15,66.7,5,38,29,9,31,65,158,1
2269,Predrag Rajkovic,36.0,0,0,0,0,0,0,2,0.0,2,0,0,0,0,0,16,1
2270,Ivan Rakitic,19.9,37,26,10,18,9,19,40,47.5,21,21,1,20,27,64,20,0
2272,Largie Ramazani,15.6,15,9,6,3,6,8,27,29.6,19,11,0,11,15,30,10,0
2274,Adil Rami,17.7,19,14,13,5,1,17,32,53.1,15,23,16,7,25,44,75,3
2275,Chris Ramos,7.9,12,9,2,7,3,4,11,36.4,7,8,3,5,1,13,19,0
2276,Sergio Ramos,30.0,34,26,14,18,2,23,44,52.3,21,29,13,16,34,68,93,3
2277,Aaron Ramsdale,38.0,1,1,1,0,0,1,1,100.0,0,0,0,0,0,1,20,6
2278,Aaron Ramsey,17.6,47,25,18,19,10,16,39,41.0,23,25,4,21,17,64,18,1
2279,Jacob Ramsey,29.3,69,39,23,35,11,32,69,46.4,37,48,8,40,23,92,34,0
2280,Luca Ranieri,5.6,9,4,6,3,0,6,9,66.7,3,5,3,2,11,20,15,1
2281,Andrea Ranocchia,0.5,3,1,1,2,0,3,4,75.0,1,5,5,0,0,3,7,0
2282,Filippo Ranocchia,5.9,11,6,5,4,2,4,12,33.3,8,5,1,4,4,15,7,0
2283,Lilian Raolisoa,1.9,11,9,6,3,2,7,10,70.0,3,3,1,2,3,14,5,0
2284,Raphinha,23.0,29,19,10,7,12,11,31,35.5,20,33,1,32,14,43,11,1
2285,Nicolai Rapp,0.8,3,1,3,0,0,0,3,0.0,3,0,0,0,0,3,1,0
2286,Elba Rashani,24.0,39,26,13,19,7,13,39,33.3,26,27,2,25,21,60,19,0
2288,Marcus Rashford,32.0,20,10,7,8,5,9,24,37.5,15,31,4,27,7,27,14,0
2290,Giacomo Raspadori,10.1,10,8,0,6,4,4,10,40.0,6,9,0,9,4,14,4,0
2291,Rafael Ratao,20.6,52,36,29,16,7,27,73,37.0,46,34,0,34,21,73,7,0
2292,David Raum,18.7,39,25,23,12,4,17,29,58.6,12,24,6,18,16,55,26,1
2293,Nicola Ravaglia,9.0,0,0,0,0,0,0,1,0.0,1,0,0,0,0,0,7,0
2294,Rayan Raveloson,27.0,38,23,21,16,1,23,33,69.7,10,43,12,31,39,77,70,0
2295,David Raya,38.0,0,0,0,0,0,0,2,0.0,2,1,0,1,1,1,10,2
2296,Tim Ream,32.2,30,16,15,12,3,13,26,50.0,13,45,24,21,41,71,116,2
2297,Ante Rebic,10.9,10,8,1,3,6,3,11,27.3,8,6,1,5,1,11,5,0
2298,Arkadiusz Reca,24.1,44,28,22,12,10,19,32,59.4,13,21,5,16,24,68,54,0
2300,Harrison Reed,31.8,44,27,17,21,6,16,50,32.0,34,54,12,42,19,63,36,0
2301,Sergio Reguilon,3.4,7,5,5,2,0,5,7,71.4,2,3,0,3,2,9,4,0
2302,Bobby Reid,27.5,42,24,14,14,14,16,34,47.1,18,25,3,22,20,62,28,1
2303,Pepe Reina,22.0,0,0,0,0,0,0,1,0.0,1,0,0,0,1,1,4,4
2304,Jeff Reine-Adelaide,2.6,3,2,2,1,0,1,2,50.0,1,2,0,2,2,5,1,0
2305,Jeff Reine-Adelaide,3.7,8,5,1,5,2,5,9,55.6,4,4,0,4,6,14,0,0
2306,Reinier,7.2,12,10,7,3,2,2,8,25.0,6,6,0,6,5,17,4,0
2308,Karim Rekik,13.1,11,5,8,3,0,4,5,80.0,1,12,5,7,10,21,24,0
2309,Alex Remiro,38.0,1,1,1,0,0,1,3,33.3,2,0,0,0,0,1,17,3
2310,Panagiotis Retsos,1.4,5,4,2,2,1,3,3,100.0,0,4,1,3,2,7,3,0
2311,Marco Reus,15.0,30,17,12,14,4,7,24,29.2,17,12,4,8,8,38,8,0
2314,Elvis Rexhbecaj,28.0,51,30,18,24,9,29,59,49.2,30,40,13,27,17,68,40,0
2315,Gio Reyna,6.9,14,7,2,5,7,5,10,50.0,5,8,2,6,3,17,5,0
2317,Nico Ribaudo,13.9,18,13,5,9,4,11,30,36.7,19,19,1,18,5,23,1,0
2318,Alexsandro Ribeiro,17.9,32,18,24,7,1,19,28,67.9,9,11,2,9,25,57,59,1
2320,Samuele Ricci,23.0,32,21,17,10,5,18,23,78.3,5,20,5,15,17,49,29,1
2321,Declan Rice,36.4,79,38,44,31,4,31,50,62.0,19,45,15,30,63,142,58,0
2322,Chris Richards,5.0,9,6,8,1,0,5,7,71.4,2,10,1,9,8,17,31,0
2323,Richarlison,11.2,21,16,13,5,3,12,27,44.4,15,14,1,13,5,26,10,0
2324,Marco Richter,20.4,43,23,18,17,8,19,48,39.6,29,29,2,27,24,67,25,0
2325,Diego Rico,18.3,35,21,17,11,7,12,27,44.4,15,18,5,13,20,55,51,1
2326,Jairo Riedewald,0.7,2,1,2,0,0,0,1,0.0,1,2,0,2,0,2,4,0
2327,Manuel Riemann,34.0,3,2,3,0,0,3,5,60.0,2,1,0,1,5,8,23,7
2328,Tomas Rincon,28.4,56,27,22,26,8,29,61,47.5,32,37,7,30,30,86,18,0
2329,Remy Riou,6.7,1,0,1,0,0,1,1,100.0,0,0,0,0,0,1,3,0
2330,Renaud Ripart,14.7,40,23,14,20,6,19,52,36.5,33,29,2,27,7,47,5,0
2331,Rodrigo Riquelme,24.2,20,8,8,8,4,9,35,25.7,26,16,0,16,11,31,5,0
2332,Matt Ritchie,0.4,1,1,0,1,0,1,3,33.3,2,0,0,0,1,2,0,0
2333,Sergi Roberto,14.5,22,15,12,6,4,7,18,38.9,11,15,7,8,11,33,16,0
2334,Lucas Robertone,31.6,50,28,20,21,9,28,64,43.8,36,45,7,38,46,96,46,1
2335,Andrew Robertson,28.7,38,21,12,16,10,21,41,51.2,20,32,5,27,18,56,50,3
2336,Antonee Robinson,34.3,62,38,43,15,4,44,65,67.7,21,49,13,36,53,115,83,3
2337,Joel Robles,4.0,0,0,0,0,0,0,1,0.0,1,0,0,0,0,0,2,1
2338,Joel Roca,0.9,2,2,2,0,0,2,5,40.0,3,1,1,0,0,2,1,0
2340,Marc Roca,25.7,66,40,27,34,5,20,65,30.8,45,34,10,24,23,89,24,2
2341,Enzo Roco,18.4,33,13,23,10,0,15,24,62.5,9,22,15,7,17,50,63,1
2343,Sebastian Rode,15.7,38,24,7,28,3,14,45,31.1,31,18,2,16,16,54,12,0
2344,Joe Rodon,15.7,11,7,9,2,0,4,10,40.0,6,16,12,4,9,20,54,1
2345,Rodri,32.3,67,41,28,28,11,26,52,50.0,26,40,14,26,33,100,43,1
2346,Rodri,17.8,16,11,5,9,2,8,17,47.1,9,10,0,10,13,29,2,0
2347,Rodrigo,21.5,24,10,2,15,7,8,19,42.1,11,16,4,12,6,30,21,1
2348,Angel Rodriguez,4.4,1,1,0,1,0,0,2,0.0,2,3,0,3,1,2,1,0
2349,Oscar Rodriguez Arnaiz,19.7,32,25,12,15,5,13,28,46.4,15,16,2,14,24,56,15,0
2350,Dani Rodriguez,23.3,42,23,18,22,2,21,46,45.7,25,31,8,23,21,63,14,0
2351,Guido Rodriguez,31.9,115,75,59,50,6,54,101,53.5,47,58,14,44,42,157,76,1
2352,Miguel Rodriguez,2.8,7,5,4,3,0,4,11,36.4,7,6,0,6,1,8,3,0
2353,Pablo Rodriguez,0.6,2,1,2,0,0,0,2,0.0,2,3,0,3,0,2,0,0
2354,Ricardo Rodriguez,29.7,54,33,30,17,7,28,42,66.7,14,30,15,15,38,92,61,0
2355,Rodrygo,26.4,17,10,3,7,7,4,23,17.4,19,23,0,23,8,25,5,0
2356,Mads Roerslev,12.3,22,12,19,3,0,16,33,48.5,17,14,5,9,9,31,38,0
2357,Agustin Rogel,15.8,18,9,13,5,0,11,17,64.7,6,15,8,7,11,29,74,1
2358,Rogerio,33.3,37,21,22,8,7,17,35,48.6,18,32,9,23,37,74,70,0
2362,Alessio Romagnoli,32.5,33,15,19,14,0,11,22,50.0,11,33,26,7,38,71,108,0
2363,Simone Romagnoli,1.9,6,5,3,3,0,2,2,100.0,0,4,1,3,1,7,11,0
2366,Cristian Romero,26.3,68,36,42,24,2,29,46,63.0,17,40,18,22,44,112,102,3
2368,Luka Romero,1.7,0,0,0,0,0,0,3,0.0,3,4,0,4,3,3,1,0
2370,Oriol Romeu,32.8,70,38,36,26,8,26,51,51.0,25,48,10,38,37,107,54,0
2371,Cristiano Ronaldo,5.8,2,2,1,0,1,1,2,50.0,1,0,0,0,1,3,9,0
2374,Valentin Rongier,33.7,93,59,33,47,13,41,77,53.2,36,50,11,39,54,147,38,1
2375,Marten de Roon,32.9,77,39,37,35,5,37,81,45.7,44,37,4,33,36,113,58,0
2376,Pablo Rosario,19.6,46,26,22,20,4,18,34,52.9,16,15,5,10,23,69,32,1
2378,Tom Rothe,0.3,1,1,0,1,0,1,1,100.0,0,0,0,0,1,2,2,0
2379,Joe Rothwell,11.3,20,13,7,12,1,7,21,33.3,14,14,3,11,9,29,7,0
2380,Anthony Rouault,36.8,66,37,54,10,2,30,58,51.7,28,52,26,26,56,122,126,4
2382,Jerome Roussillon,10.6,16,9,6,8,2,8,12,66.7,4,7,2,5,4,20,22,0
2383,Nicolo Rovella,19.3,45,29,22,21,2,13,36,36.1,23,20,1,19,40,85,17,0
2384,Nicolo Rovella,0.3,1,1,0,1,0,1,1,100.0,0,0,0,0,0,1,0,0
2385,Amir Rrahmani,27.2,33,18,20,13,0,17,26,65.4,9,36,20,16,14,47,79,1
2386,Ruan,19.0,38,26,25,12,1,19,29,65.5,10,29,17,12,24,62,80,3
2387,Ruben,9.9,30,15,18,9,3,20,29,69.0,9,14,4,10,18,48,18,0
2388,Antonio Rudiger,26.8,18,16,12,5,1,14,23,60.9,9,23,13,10,19,37,74,0
2389,Sebastian Rudy,8.8,26,12,10,16,0,13,27,48.1,14,27,7,20,11,37,13,0
2390,Daniele Rugani,6.3,7,0,6,1,0,4,4,100.0,0,7,5,2,7,14,32,0
2392,Matteo Ruggeri,9.2,17,12,5,9,3,8,16,50.0,8,14,3,11,12,29,16,0
2393,Mario Rui,19.4,34,22,17,13,4,20,41,48.8,21,17,4,13,15,49,24,1
2394,Aitor Ruibal,16.2,47,29,35,9,3,31,58,53.4,27,17,2,15,24,71,41,0
2395,Kays Ruiz,0.7,1,1,1,0,0,0,1,0.0,1,2,1,1,3,4,0,0
2396,Fabian Ruiz Pena,21.0,62,28,25,30,7,43,79,54.4,36,24,1,23,18,80,23,1
2397,Victor Ruiz,6.2,5,3,3,2,0,3,3,100.0,0,10,7,3,6,11,34,0
2400,Franco Russo,1.6,2,1,2,0,0,0,1,0.0,1,5,0,5,3,5,5,0
2401,Georginio Rutter,3.0,10,9,5,3,2,5,8,62.5,3,5,0,5,3,13,3,0
2402,Georginio Rutter,11.2,7,4,1,4,2,1,3,33.3,2,10,2,8,5,12,6,0
2403,Julian Ryerson,11.5,28,17,17,10,1,15,25,60.0,10,15,3,12,12,40,19,0
2404,Julian Ryerson,15.7,27,15,17,7,3,19,37,51.4,18,13,2,11,8,35,28,0
2405,Frederik Ronnow,29.0,0,0,0,0,0,0,5,0.0,5,0,0,0,0,0,9,1
2406,Jose Sa,36.0,1,0,1,0,0,1,1,100.0,0,0,0,0,0,1,10,6
2407,Youssouf Sabaly,18.7,45,23,29,14,2,22,33,66.7,11,35,8,27,19,64,52,1
2408,Halid Sabanovic,7.1,8,6,7,1,0,6,8,75.0,2,8,2,6,8,16,12,0
2409,Abdelhamid Sabiri,11.9,18,7,5,9,4,4,13,30.8,9,18,4,14,2,20,5,0
2410,Marcel Sabitzer,7.0,12,8,3,8,1,2,11,18.2,9,6,2,4,8,20,11,0
2411,Marcel Sabitzer,7.0,27,14,11,10,6,10,17,58.8,7,3,0,3,10,37,9,0
2412,Falaye Sacko,28.7,46,25,25,15,6,32,51,62.7,19,43,14,29,33,79,75,1
2413,Umar Sadiq,2.7,0,0,0,0,0,0,1,0.0,1,2,0,2,0,0,3,0
2414,Umar Sadiq,0.9,1,1,0,0,1,0,1,0.0,1,2,0,2,0,1,0,0
2415,Alexis Saelemaekers,15.6,31,20,12,16,3,19,41,46.3,22,13,1,12,19,50,11,0
2416,Wesley Said,7.2,4,1,1,2,1,2,6,33.3,4,4,0,4,1,5,2,0
2418,Allan Saint-Maximin,12.4,10,3,3,6,1,2,11,18.2,9,4,0,4,5,15,2,0
2419,Theo Sainte-Luce,5.9,13,11,8,5,0,7,14,50.0,7,7,2,5,10,23,11,0
2420,Samuel Saiz,2.7,2,2,0,2,0,1,2,50.0,1,3,0,3,0,2,1,1
2421,Bukayo Saka,35.3,63,34,22,15,26,20,44,45.5,24,38,0,38,14,77,19,0
2422,Hamza Sakhi,18.4,44,22,22,17,5,22,42,52.4,20,16,1,15,25,69,9,0
2423,Mamadou Sakho,8.5,9,5,4,5,0,3,5,60.0,2,17,12,5,8,17,35,1
2424,Jacopo Sala,1.2,1,0,1,0,0,0,2,0.0,2,2,0,2,1,2,2,0
2425,Ibrahim Salah,2.5,8,1,5,3,0,2,15,13.3,13,3,0,3,2,10,0,0
2426,Mohamed Salah,36.6,21,12,4,5,12,10,26,38.5,16,21,0,21,6,27,4,0
2427,Amine Salama,13.9,11,9,3,7,1,2,12,16.7,10,8,2,6,10,21,2,0
2429,William Saliba,26.8,34,20,23,9,2,15,18,83.3,3,13,10,3,19,53,85,4
2431,Mohammed Salisu,21.9,51,29,33,16,2,24,34,70.6,10,56,25,31,31,82,122,1
2432,Roland Sallai,11.1,11,8,4,3,4,4,10,40.0,6,7,1,6,2,13,11,0
2433,Yoann Salmier,29.4,51,29,34,12,5,21,35,60.0,14,34,19,15,39,90,124,0
2434,Salvi,5.4,13,8,5,5,3,2,8,25.0,6,0,0,0,2,15,2,0
2435,Lazar Samardzic,20.5,33,16,9,20,4,17,43,39.5,26,13,0,13,11,44,16,0
2436,Diadie Samassekou,0.4,1,0,0,1,0,0,1,0.0,1,0,0,0,0,1,0,0
2437,Mama Samba Balde,29.6,46,21,14,21,11,13,28,46.4,15,30,3,27,10,56,13,0
2438,Brice Samba,37.0,1,0,1,0,0,1,2,50.0,1,1,0,1,0,1,12,2
2439,Albert Sambi Lokonga,2.2,1,1,0,0,1,0,2,0.0,2,1,0,1,5,6,2,0
2440,Albert Sambi Lokonga,6.0,13,10,7,4,2,8,12,66.7,4,8,3,5,7,20,10,0
2441,Junior Sambia,7.7,12,5,7,4,1,6,10,60.0,4,9,3,6,8,20,16,1
2442,Samuel,32.1,66,43,17,37,12,26,72,36.1,46,34,0,34,18,84,16,0
2444,Fede San Emeterio,20.5,41,22,23,16,2,22,46,47.8,24,34,14,20,17,58,28,0
2445,Antonio Sanabria,27.0,11,5,3,3,5,1,7,14.3,6,9,2,7,4,15,7,0
2446,Leandro Sanca,0.4,1,1,0,0,1,1,1,100.0,0,0,0,0,0,1,0,0
2447,Oihan Sancet,28.1,27,16,2,19,6,11,37,29.7,26,10,0,10,4,31,9,1
2448,Renato Sanches,8.0,8,1,1,3,4,5,14,35.7,9,13,3,10,9,17,4,0
2449,Alexis Sanchez,29.8,27,17,5,16,6,3,24,12.5,21,14,0,14,5,32,6,0
2450,Antonio Sanchez,12.0,19,8,13,4,2,10,34,29.4,24,18,0,18,22,41,14,1
2451,Davinson Sanchez,9.5,24,11,17,6,1,14,20,70.0,6,16,10,6,12,36,41,0
2452,Ivan Sanchez,12.8,20,14,8,8,4,10,27,37.0,17,14,1,13,8,28,4,0
2453,Javi Sanchez,26.6,43,26,27,15,1,17,26,65.4,9,32,22,10,46,89,116,0
2454,Manu Sanchez,23.6,51,35,35,9,7,33,63,52.4,30,33,5,28,14,65,51,0
2456,Jadon Sancho,18.7,16,10,7,5,4,8,28,28.6,20,25,2,23,7,23,6,0
2457,Alex Sandro,19.9,35,20,16,16,3,15,22,68.2,7,27,10,17,15,50,64,1
2458,Leroy Sane,22.3,38,30,11,19,8,18,36,50.0,18,11,1,10,3,41,1,2
2459,Sidi Sane,0.3,1,1,1,0,0,1,1,100.0,0,0,0,0,0,1,0,0
2460,Morgan Sanson,0.1,2,1,1,1,0,1,1,100.0,0,0,0,0,0,2,0,0
2461,Morgan Sanson,15.8,36,25,10,16,10,17,56,30.4,39,21,1,20,22,58,9,0
2462,Nicola Sansone,8.2,12,4,6,4,2,5,10,50.0,5,0,0,0,0,12,4,0
2463,Baptiste Santamaria,20.1,41,22,13,23,5,21,41,51.2,20,21,5,16,21,62,23,0
2464,Riccardo Saponara,13.4,10,5,3,6,1,5,9,55.6,4,7,1,6,5,15,9,1
2465,Pablo Sarabia,8.5,12,6,4,5,3,6,15,40.0,9,7,0,7,2,14,4,0
2466,Pablo Sarabia,4.1,5,4,2,2,1,1,7,14.3,6,3,0,3,2,7,0,0
2467,Jeremy Sarmiento,2.0,6,3,4,1,1,2,5,40.0,3,2,0,2,1,7,0,0
2468,Amin Sarr,6.0,9,6,1,4,4,1,4,25.0,3,2,0,2,0,9,4,0
2471,Malang Sarr,8.0,6,3,5,1,0,1,5,20.0,4,11,7,4,15,21,29,2
2474,Martin Satriano,18.9,13,8,5,6,2,6,14,42.9,8,5,0,5,3,16,22,0
2475,Teji Savanier,28.3,46,30,16,19,11,23,70,32.9,47,30,2,28,30,76,12,1
2477,Stefan Savic,21.6,39,26,29,7,3,26,39,66.7,13,17,8,9,33,72,67,2
2478,Joe Scally,24.5,31,20,25,5,1,24,31,77.4,7,17,6,11,8,39,61,0
2479,Giorgio Scalvini,25.9,54,29,30,18,6,29,55,52.7,26,36,13,23,56,110,57,2
2480,Gianluca Scamacca,10.3,10,5,1,3,6,2,2,100.0,0,3,0,3,4,14,5,0
2481,Gustavo Scarpa,2.0,5,2,3,1,1,2,5,40.0,3,4,0,4,0,5,3,0
2482,Kevin Schade,8.1,12,8,7,2,3,5,10,50.0,5,7,0,7,4,16,6,0
2483,Kevin Schade,2.0,6,4,3,2,1,3,5,60.0,2,0,0,0,0,6,2,0
2484,Andras Schafer,9.6,21,9,7,12,2,6,14,42.9,8,12,2,10,4,25,11,0
2485,Fabian Schar,35.6,47,22,31,13,3,24,39,61.5,15,34,19,15,52,99,139,0
2486,Derry Scherhant,3.2,7,6,3,3,1,4,8,50.0,4,3,0,3,0,7,5,0
2487,Patrik Schick,10.5,0,0,0,0,0,0,1,0.0,1,4,1,3,1,1,7,0
2488,Kingsley Schindler,12.1,23,12,13,8,2,18,28,64.3,10,14,2,12,15,38,24,0
2489,Xaver Schlager,16.7,41,24,13,26,2,20,43,46.5,23,19,2,17,17,58,23,0
2491,Keven Schlotterbeck,8.2,17,9,12,5,0,9,11,81.8,2,11,5,6,14,31,49,0
2492,Nico Schlotterbeck,25.0,59,34,34,24,1,37,53,69.8,16,38,21,17,32,91,71,1
2493,Jeffrey Schlupp,28.1,66,46,28,29,9,22,43,51.2,21,39,8,31,23,89,38,0
2494,Kasper Schmeichel,36.0,1,0,1,0,0,1,4,25.0,3,1,0,1,1,2,11,1
2497,Romano Schmid,16.9,24,15,5,13,6,10,22,45.5,12,21,3,18,7,31,12,0
2498,Kenneth Schmidt,2.8,6,3,4,2,0,5,6,83.3,1,4,2,2,0,6,2,0
2499,Niklas Schmidt,12.1,25,10,12,11,2,13,28,46.4,15,10,0,10,5,30,12,0
2500,Benno Schmitz,26.9,64,42,31,28,5,42,82,51.2,40,34,4,30,26,90,57,0
2501,Jerdy Schouten,27.9,63,38,28,33,2,27,49,55.1,22,40,17,23,40,103,43,1
2502,Perr Schuurs,25.8,51,25,29,17,5,14,26,53.8,12,28,16,12,28,79,102,0
2503,Marvin Schwabe,34.0,1,0,1,0,0,1,1,100.0,0,0,0,0,2,3,8,2
2504,Alexander Schwolow,22.6,0,0,0,0,0,0,2,0.0,2,0,0,0,1,1,6,3
2505,Manuel Sebastian,1.7,7,4,3,3,1,5,8,62.5,3,0,0,0,0,7,2,0
2506,Demba Seck,5.8,5,2,3,2,0,2,3,66.7,1,3,1,2,1,6,1,0
2507,Haris Seferovic,9.9,6,3,1,4,1,3,8,37.5,5,7,1,6,1,7,6,1
2510,Paul Seguin,7.7,17,8,9,4,4,8,18,44.4,10,6,0,6,6,23,7,0
2511,Alidu Seidu,27.3,52,31,35,14,3,31,51,60.8,20,28,14,14,52,104,50,2
2512,Davie Selke,3.1,2,1,1,1,0,0,1,0.0,1,3,1,2,1,3,5,0
2513,Davie Selke,9.7,0,0,0,0,0,0,4,0.0,4,4,1,3,0,0,11,0
2514,Matz Sels,38.0,4,3,4,0,0,4,4,100.0,0,0,0,0,4,8,23,0
2515,Nelson Semedo,29.2,71,42,48,19,4,33,64,51.6,31,42,15,27,29,100,83,2
2517,Antoine Semenyo,2.9,1,0,0,0,1,1,6,16.7,5,10,1,9,2,3,4,0
2518,Marvin Senaya,0.1,0,0,0,0,0,0,1,0.0,1,1,0,1,0,0,1,0
2519,Marcos Senesi,27.7,50,35,28,22,0,23,43,53.5,20,38,20,18,43,93,146,2
2520,Stefano Sensi,18.0,41,26,25,13,3,18,48,37.5,30,13,3,10,20,61,4,0
2522,Jaime Seoane,3.6,10,4,3,4,3,2,8,25.0,6,7,3,4,1,11,2,0
2523,Luigi Sepe,17.0,0,0,0,0,0,0,1,0.0,1,0,0,0,0,0,0,0
2524,Suat Serdar,22.5,51,23,14,30,7,20,41,48.8,21,48,12,36,29,80,24,0
2525,Leonardo Sernicola,25.7,45,33,25,13,7,29,43,67.4,14,23,6,17,38,83,55,0
2526,Ryan Sessegnon,9.0,16,11,9,7,0,6,12,50.0,6,8,1,7,6,22,17,1
2527,Stephan El Shaarawy,16.9,21,9,8,10,3,6,22,27.3,16,11,1,10,15,36,11,0
2529,Luke Shaw,28.4,55,36,31,22,2,32,45,71.1,13,51,17,34,36,91,55,2
2530,Jonjo Shelvey,0.4,1,0,1,0,0,0,1,0.0,1,1,0,1,0,1,0,0
2531,Jonjo Shelvey,6.0,2,1,0,1,1,1,9,11.1,8,7,2,5,5,7,10,1
2532,Eldor Shomurodov,9.0,5,5,3,1,1,2,11,18.2,9,5,1,4,3,8,4,0
2533,Eldor Shomurodov,1.3,1,0,1,0,0,0,2,0.0,2,1,0,1,1,2,0,0
2534,Kaj Sierhuis,2.4,3,3,1,0,2,0,5,0.0,5,3,1,2,1,4,2,0
2535,Vincent Sierro,7.4,19,11,9,9,1,11,29,37.9,18,12,3,9,4,23,11,1
2536,Kiliann Sildillia,22.0,33,20,10,19,4,18,30,60.0,12,24,9,15,21,54,47,1
2537,Andre Silva,19.3,12,6,2,5,5,3,8,37.5,5,11,1,10,3,15,3,0
2538,Bernardo Silva,24.5,44,23,11,25,8,18,44,40.9,26,23,6,17,16,60,6,0
2539,Caio Henrique Oliveira Silva,32.2,74,51,42,28,4,44,76,57.9,32,28,8,20,26,100,68,1
2540,David Silva,21.5,36,21,11,18,7,11,19,57.9,8,17,2,15,15,51,16,0
2541,Rui Silva,26.0,4,1,4,0,0,4,4,100.0,0,0,0,0,0,4,12,1
2542,Thiago Silva,26.1,41,27,24,17,0,21,31,67.7,10,38,29,9,34,75,111,2
2543,Marco Silvestri,38.0,2,1,2,0,0,2,3,66.7,1,0,0,0,1,3,15,1
2544,Abdallah Sima,20.4,22,13,4,15,3,7,19,36.8,12,8,0,8,4,26,19,0
2545,Mohamed Simakan,16.2,21,14,12,5,4,14,21,66.7,7,21,4,17,16,37,55,0
2546,Giovanni Simeone,4.5,12,3,3,5,4,3,8,37.5,5,2,1,1,1,13,4,0
2549,Simo,1.6,3,1,3,0,0,2,3,66.7,1,5,4,1,0,3,3,0
2550,Moses Simon,26.1,18,9,6,7,5,7,15,46.7,8,14,1,13,11,29,3,0
2551,Unai Simon,30.5,2,0,2,0,0,1,1,100.0,0,1,0,1,0,2,9,3
2552,Lassine Sinayoko,17.4,33,15,14,12,7,21,40,52.5,19,12,0,12,18,51,17,0
2553,Wilfried Singo,22.7,27,17,14,10,3,12,19,63.2,7,15,2,13,12,39,33,1
2554,Luis Sinisterra,9.6,21,14,8,9,4,11,18,61.1,7,11,1,10,8,29,2,0
2555,Daley Sinkgraven,3.8,10,7,7,3,0,7,9,77.8,2,8,4,4,5,15,7,0
2557,Hugo Siquet,0.2,2,2,2,0,0,2,2,100.0,0,1,0,1,0,2,0,0
2559,Ibrahima Sissoko,14.6,40,22,18,17,5,22,42,52.4,20,20,6,14,10,50,19,0
2560,Moussa Sissoko,21.3,26,16,16,7,3,12,18,66.7,6,22,5,17,16,42,17,0
2562,Tim Skarke,4.9,13,7,3,8,2,8,11,72.7,3,5,0,5,0,13,4,0
2563,Ellyes Skhiri,31.7,79,44,29,42,8,26,66,39.4,40,52,12,40,56,135,48,0
2564,Oliver Skipp,16.6,34,17,18,15,1,16,33,48.5,17,17,8,9,17,51,19,1
2565,Leo Skiri Ostigard,4.7,4,1,3,1,0,1,1,100.0,0,3,3,0,6,10,18,1
2566,Lukasz Skorupski,37.0,2,1,2,0,0,1,2,50.0,1,0,0,0,0,2,19,2
2567,Robert Skov,15.0,22,11,14,7,1,10,26,38.5,16,22,8,14,8,30,20,2
2568,Milan Skriniar,19.7,29,18,14,11,4,18,32,56.3,14,18,13,5,13,42,46,3
2570,Islam Slimani,11.0,5,3,2,2,1,0,3,0.0,3,2,0,2,1,6,11,0
2571,Chris Smalling,31.2,26,15,16,10,0,13,21,61.9,8,51,36,15,43,69,123,0
2572,Adam Smith,32.7,49,29,27,19,3,29,60,48.3,31,30,13,17,25,74,81,1
2574,Emile Smith Rowe,1.9,1,1,1,0,0,1,3,33.3,2,1,0,1,0,1,2,0
2575,Hrvoje Smolcic,5.2,8,7,6,2,0,5,10,50.0,5,11,4,7,6,14,38,0
2576,Cedric Soares,0.3,0,0,0,0,0,0,1,0.0,1,1,0,1,0,0,1,0
2577,Cedric Soares,2.2,8,5,4,3,1,3,3,100.0,0,3,1,2,1,9,5,0
2578,Danilo Soares,19.6,72,46,42,23,7,43,72,59.7,29,29,6,23,30,102,56,1
2579,Eduard Sobol,9.7,19,10,10,6,3,9,13,69.2,4,10,1,9,8,27,19,0
2580,Ruben Sobrino,27.4,55,37,29,17,9,23,56,41.1,33,33,3,30,24,79,20,1
2581,Alex Sola,3.9,18,9,14,3,1,7,10,70.0,3,7,2,5,7,25,10,0
2582,Dominic Solanke,31.8,15,9,8,3,4,5,22,22.7,17,26,7,19,6,21,46,0
2583,Augusto Solari,2.9,10,6,6,3,1,3,11,27.3,8,5,0,5,4,14,3,0
2584,Ola Solbakken,5.6,2,2,1,1,0,2,7,28.6,5,2,0,2,2,4,8,0
2585,Nikola Soldo,6.6,15,9,8,7,0,7,11,63.6,4,7,6,1,7,22,28,0
2586,Carlos Soler,2.7,2,0,0,1,1,2,3,66.7,1,1,0,1,0,2,2,0
2587,Carlos Soler,13.2,20,12,6,10,4,10,19,52.6,9,12,4,8,4,24,6,0
2589,Manor Solomon,6.4,20,12,12,6,2,9,16,56.3,7,8,0,8,5,25,3,0
2590,Yann Sommer,10.0,1,0,1,0,0,1,1,100.0,0,0,0,0,0,1,8,0
2593,Brandon Soppy,7.1,8,5,4,4,0,3,9,33.3,6,10,0,10,3,11,7,0
2594,David Soria,38.0,0,0,0,0,0,0,1,0.0,1,0,0,0,1,1,20,4
2595,Roberto Soriano,14.7,31,16,9,16,6,13,25,52.0,12,23,2,21,6,37,14,0
2596,Borna Sosa,21.7,27,21,18,8,1,21,32,65.6,11,20,5,15,19,46,37,0
2597,Joaquin Sosa,7.6,6,2,5,1,0,4,18,22.2,14,5,3,2,6,12,31,0
2600,Florian Sotoca,33.9,39,19,11,17,11,15,40,37.5,25,41,2,39,29,68,51,0
2601,Riccardo Sottil,9.3,4,3,2,0,2,2,5,40.0,3,2,0,2,0,4,0,0
2602,Tomas Soucek,31.3,77,37,41,29,7,28,58,48.3,30,42,17,25,53,130,71,3
2603,Matias Soule,4.7,7,4,3,2,2,5,7,71.4,2,7,1,6,3,10,3,0
2604,Moussa Soumano,5.5,2,2,0,1,1,0,6,0.0,6,2,0,2,0,2,0,0
2605,Adama Soumaoro,20.7,25,17,11,12,2,5,7,71.4,2,18,13,5,15,40,75,1
2606,Boubakary Soumare,18.1,57,34,29,26,2,23,43,53.5,20,15,4,11,33,90,27,1
2607,Arnaud Souquet,4.0,22,16,13,7,2,11,14,78.6,3,8,3,5,4,26,4,0
2608,Dyego Sousa,5.9,10,6,5,4,1,4,5,80.0,1,4,2,2,1,11,14,0
2609,Harry Souttar,11.0,15,9,10,5,0,7,18,38.9,11,16,12,4,12,27,45,0
2610,Vinicius Souza,27.0,99,66,41,45,13,33,59,55.9,26,31,14,17,48,147,50,1
2611,Djibril Sow,29.4,41,25,13,25,3,22,44,50.0,22,22,4,18,28,69,23,0
2612,Caglar Soyuncu,5.9,14,9,10,4,0,7,10,70.0,3,9,8,1,7,21,30,0
2613,Kevin Spadanuda,11.8,29,18,15,9,5,12,33,36.4,21,18,0,18,11,40,5,0
2615,Djed Spence,6.4,14,6,8,2,4,11,18,61.1,7,10,3,7,4,18,15,0
2616,Stijn Spierings,34.7,95,67,37,49,9,43,101,42.6,58,49,11,38,53,148,44,0
2617,Leonardo Spinazzola,18.4,15,8,7,6,2,8,23,34.8,15,13,3,10,9,24,25,0
2618,Marco Sportiello,14.9,1,0,1,0,0,1,3,33.3,2,0,0,0,0,1,2,0
2619,Jack Stacey,3.3,5,4,3,1,1,2,5,40.0,3,3,1,2,5,10,15,0
2620,Anton Stach,23.0,27,21,10,15,2,16,38,42.1,22,28,2,26,41,68,25,0
2621,Kostas Stafylidis,11.6,27,16,13,8,6,10,24,41.7,14,21,8,13,20,47,31,1
2622,Jens Stage,20.6,34,17,15,18,1,10,37,27.0,27,34,11,23,16,50,37,0
2623,Veit Stange,0.1,1,1,1,0,0,1,1,100.0,0,0,0,0,0,1,0,0
2624,Josip Stanisic,6.4,19,11,14,2,3,12,17,70.6,5,9,1,8,7,26,11,3
2627,Jay Stansfield,1.0,0,0,0,0,0,0,2,0.0,2,4,1,3,1,1,1,0
2628,Niklas Stark,23.1,56,36,29,24,3,27,42,64.3,15,24,13,11,37,93,110,0
2629,Jason Steele,15.0,0,0,0,0,0,0,1,0.0,1,0,0,0,0,0,6,1
2630,Calvin Stengs,2.4,2,2,1,0,1,1,2,50.0,1,0,0,0,0,2,0,0
2631,Pascal Stenzel,3.7,12,8,8,4,0,5,9,55.6,4,9,2,7,5,17,6,0
2632,Jack Stephens,0.5,2,2,2,0,0,1,1,100.0,0,1,1,0,1,3,2,0
2633,Jack Stephens,13.0,15,11,10,4,1,6,10,60.0,4,23,16,7,16,31,53,0
2634,Raheem Sterling,21.0,18,10,5,4,9,8,14,57.1,6,17,0,17,2,20,5,0
2635,Angelo Stiller,7.8,26,12,9,13,4,8,12,66.7,4,12,2,10,10,36,14,0
2636,Lars Stindl,19.3,24,14,4,17,3,10,28,35.7,18,24,5,19,11,35,19,0
2637,Kevin Stoger,28.9,84,45,38,32,14,31,94,33.0,63,27,4,23,26,110,21,1
2638,Petar Stojanovic,17.0,42,22,28,10,4,26,43,60.5,17,17,5,12,11,53,55,0
2639,John Stones,20.5,23,13,11,8,4,7,10,70.0,3,17,10,7,9,32,40,0
2640,Jorgen Strand Larsen,18.9,15,7,3,5,7,7,30,23.3,23,14,5,9,3,18,24,0
2641,Tony Strata,1.5,4,3,4,0,0,4,5,80.0,1,2,0,2,1,5,7,0
2643,David Strelec,1.9,2,2,0,1,1,2,2,100.0,0,0,0,0,0,2,0,0
2644,Pascal Struijk,24.4,84,57,43,31,10,49,75,65.3,26,32,12,20,32,116,70,1
2645,Cristhian Stuani,12.1,13,6,2,7,4,5,14,35.7,9,10,0,10,2,15,5,0
2646,Damian Suarez,21.6,49,33,23,19,7,26,48,54.2,22,40,0,40,15,64,36,0
2647,Denis Suarez,10.5,26,20,12,12,2,13,45,28.9,32,11,1,10,5,31,4,0
2649,Gabriel Suazo,14.0,38,22,20,15,3,29,63,46.0,34,21,5,16,22,60,24,1
2650,Isaac Success,20.2,8,4,2,5,1,3,8,37.5,5,13,2,11,4,12,18,0
2652,Niklas Sule,23.5,25,19,18,3,4,14,23,60.9,9,28,19,9,17,42,53,0
2653,Ibrahim Sulemana,7.2,19,13,10,7,2,6,12,50.0,6,8,2,6,14,33,15,0
2654,Kamaldeen Sulemana,10.7,15,9,4,7,4,4,14,28.6,10,16,0,16,6,21,6,0
2655,Kamaldeen Sulemana,3.6,6,3,1,4,1,1,5,20.0,4,2,0,2,4,10,2,0
2656,Crysencio Summerville,15.8,30,20,14,14,2,11,23,47.8,12,20,2,18,13,43,11,0
2657,Ivan Sunjic,11.0,38,20,16,21,1,16,24,66.7,8,17,5,12,13,51,19,1
2658,Sam Surridge,3.6,5,0,1,3,1,1,4,25.0,3,5,2,3,0,5,7,0
2659,Suso,11.8,16,10,5,7,4,10,22,45.5,12,7,1,6,2,18,3,0
2661,Mattias Svanberg,20.4,25,16,8,16,1,10,30,33.3,20,27,5,22,21,46,25,1
2664,Issiaga Sylla,14.5,28,16,19,8,1,15,31,48.4,16,19,3,16,32,60,35,0
2665,Issiaga Sylla,15.2,28,15,14,9,5,15,34,44.1,19,15,5,10,38,66,38,0
2666,Wojciech Szczesny,27.5,1,0,1,0,0,0,1,0.0,1,0,0,0,0,1,7,0
2667,Dominik Szoboszlai,27.2,45,28,12,20,13,17,42,40.5,25,43,2,41,17,62,27,0
2668,Alexander Sorloth,26.5,18,9,3,6,9,7,14,50.0,7,15,1,14,2,20,26,1
2670,Nicolas Tagliafico,33.2,91,53,36,41,14,50,78,64.1,28,45,11,34,57,148,47,0
2671,Jonathan Tah,27.6,25,12,21,4,0,12,18,66.7,6,30,18,12,40,65,118,0
2672,Benjamin Tahirovic,3.9,8,5,5,2,1,4,12,33.3,8,9,4,5,3,11,3,0
2673,Waniss Taibi,2.1,9,5,4,4,1,2,4,50.0,2,1,0,1,2,11,2,0
2674,Flavien Tait,18.7,30,15,8,17,5,19,42,45.2,23,16,4,12,20,50,12,0
2675,Montassar Talbi,38.0,53,25,40,13,0,22,35,62.9,13,55,34,21,40,93,190,3
2678,Adrien Tameze,33.7,51,30,21,26,4,28,63,44.4,35,51,14,37,37,88,55,2
2679,Japhet Tanganga,1.6,3,2,3,0,0,1,5,20.0,4,1,0,1,2,5,8,0
2680,Renato Tapia,16.1,47,25,21,21,5,18,37,48.6,19,29,11,18,19,66,37,0
2681,Edmond Tapsoba,31.9,51,30,35,12,4,30,42,71.4,12,40,17,23,36,87,109,1
2682,Florian Tardieu,11.2,31,20,19,12,0,12,31,38.7,19,19,4,15,23,54,15,0
2683,Matt Targett,6.8,13,10,8,3,2,9,24,37.5,15,8,3,5,9,22,16,0
2684,James Tarkowski,38.0,51,26,36,13,2,20,38,52.6,18,99,78,21,51,102,201,3
2686,Niklas Tauer,1.0,2,1,2,0,0,1,3,33.3,2,2,1,1,2,4,4,0
2687,Nuno Tavares,26.1,56,30,19,24,13,28,55,50.9,27,32,4,28,15,71,25,0
2688,Marcus Tavernier,19.4,33,22,19,11,3,11,32,34.4,21,25,4,21,9,42,23,0
2689,Enzo Tchato,12.2,26,17,14,11,1,13,22,59.1,9,17,2,15,7,33,33,0
2690,Aurelien Tchouameni,23.5,64,40,23,36,5,23,38,60.5,15,20,6,14,49,113,50,0
2691,Mathys Tel,4.6,2,2,0,1,1,1,1,100.0,0,5,1,4,0,2,2,0
2693,Alex Telles,15.9,21,13,15,6,0,13,25,52.0,12,17,5,12,20,41,38,0
2695,Simon Terodde,20.3,15,8,4,7,4,3,14,21.4,11,6,2,4,6,21,9,0
2696,Filippo Terracciano,9.1,20,13,11,7,2,15,20,75.0,5,7,4,3,10,30,14,0
2697,Pietro Terracciano,29.0,2,1,2,0,0,2,3,66.7,1,0,0,0,1,3,14,0
2698,Ramon Terrats,9.1,15,10,3,8,4,9,17,52.9,8,11,4,7,8,23,6,2
2699,Ramon Terrats,2.4,4,2,1,3,0,2,6,33.3,4,6,2,4,3,7,3,1
2700,Martin Terrier,14.7,25,11,7,9,9,13,24,54.2,11,15,2,13,14,39,6,0
2701,Aleksa Terzic,10.4,16,9,9,4,3,11,21,52.4,10,13,4,9,5,21,16,0
2702,Tete,8.2,14,8,5,7,2,6,21,28.6,15,9,0,9,2,16,3,0
2704,Tete,12.3,21,10,8,5,8,10,19,52.6,9,9,0,9,13,34,2,0
2705,Kenny Tete,28.5,83,46,41,29,13,38,50,76.0,12,48,17,31,52,135,81,1
2706,Florian Thauvin,6.1,2,1,0,2,0,2,13,15.4,11,5,0,5,2,4,2,0
2707,Arthur Theate,34.7,29,19,17,8,4,17,30,56.7,13,26,14,12,30,59,114,3
2708,Malick Thiaw,15.1,31,26,22,9,0,11,20,55.0,9,11,5,6,12,43,65,1
2709,Malick Thiaw,3.0,3,1,2,1,0,1,2,50.0,1,4,3,1,9,12,24,1
2710,Jan Thielmann,9.7,9,8,3,4,2,2,11,18.2,9,16,3,13,9,18,7,0
2711,Sada Thioub,11.8,19,10,9,8,2,8,17,47.1,9,13,0,13,7,26,5,1
2712,Luke Thomas,11.9,23,19,15,5,3,15,32,46.9,17,20,4,16,27,50,35,0
2713,Adrien Thomasson,10.4,19,9,8,6,5,9,30,30.0,21,18,0,18,3,22,2,0
2714,Adrien Thomasson,14.2,24,17,8,11,5,12,45,26.7,33,25,2,23,4,28,17,0
2715,Morten Thorsby,9.3,22,10,9,11,2,13,21,61.9,8,11,5,6,3,25,20,0
2716,Kristian Thorstvedt,12.6,16,7,4,9,3,6,17,35.3,11,19,5,14,14,30,13,0
2717,Khephren Thuram,28.3,51,25,22,23,6,19,43,44.2,24,33,13,20,38,89,34,0
2718,Marcus Thuram,27.9,14,7,3,6,5,6,13,46.2,7,20,3,17,6,20,22,0
2720,Youri Tielemans,26.0,66,39,27,30,9,23,61,37.7,38,35,8,27,28,94,24,1
2721,Kieran Tierney,8.8,20,11,9,9,2,12,16,75.0,4,8,2,6,11,31,25,0
2722,Steffen Tigges,17.7,12,7,1,8,3,4,14,28.6,10,13,2,11,8,20,17,0
2723,Jean-Clair Todibo,31.9,76,48,54,19,3,41,56,73.2,15,41,19,22,41,117,110,2
2724,Harry Toffolo,10.4,17,8,10,4,3,10,14,71.4,4,16,8,8,10,27,33,0
2725,Umut Tohumcu,3.0,10,5,4,5,1,3,9,33.3,6,4,0,4,2,12,8,0
2726,Karl Toko Ekambi,10.8,3,1,1,1,1,3,9,33.3,6,5,0,5,9,12,3,0
2727,Karl Toko Ekambi,15.0,9,9,2,4,3,4,15,26.7,11,12,2,10,9,18,6,0
2728,Corentin Tolisso,22.6,44,27,16,23,5,25,66,37.9,41,25,5,20,24,68,23,1
2730,Jeremy Toljan,29.7,36,23,17,14,5,22,33,66.7,11,31,14,17,18,54,60,1
2731,Rafael Toloi,30.9,69,44,37,32,0,35,64,54.7,29,42,18,24,57,126,88,1
2732,Raul de Tomas,8.9,3,2,0,1,2,2,6,33.3,4,4,0,4,0,3,6,0
2733,Tiago Tomas,14.3,10,4,2,4,4,8,13,61.5,5,9,2,7,1,11,5,0
2734,Takehiro Tomiyasu,7.4,27,18,12,10,5,13,18,72.2,5,7,0,7,14,41,15,1
2735,James Tomkins,3.8,4,2,2,1,1,1,3,33.3,2,3,2,1,5,9,19,0
2736,Fikayo Tomori,30.7,70,34,44,25,1,22,34,64.7,12,46,25,21,29,99,88,1
2737,Sandro Tonali,30.1,64,41,35,24,5,27,44,61.4,17,34,9,25,25,89,26,1
2738,Lorenzo Tonelli,0.2,0,0,0,0,0,0,1,0.0,1,0,0,0,0,0,0,0
2739,Ivan Toney,32.8,23,13,4,9,10,7,23,30.4,16,24,9,15,14,37,36,0
2740,Pablo Torre,1.6,2,1,0,1,1,2,4,50.0,2,1,0,1,2,4,1,0
2741,David Torres,4.3,1,1,0,1,0,1,1,100.0,0,4,2,2,3,4,8,0
2742,Ferran Torres,15.5,13,7,4,5,4,5,20,25.0,15,11,2,9,3,16,5,0
2743,Oliver Torres,23.7,39,23,12,13,14,18,59,30.5,41,26,5,21,10,49,10,0
2744,Pau Torres,33.9,43,25,25,13,5,23,36,63.9,13,36,27,9,13,56,146,3
2746,Lucas Torro,27.5,48,32,28,15,5,18,42,42.9,24,24,3,21,42,90,64,1
2748,Almamy Toure,4.4,13,7,7,5,1,5,9,55.6,4,9,2,7,10,23,8,0
2749,Birama Toure,37.8,80,47,35,35,10,34,93,36.6,59,54,9,45,67,147,49,0
2751,Souleymane Toure,0.8,2,1,1,1,0,1,2,50.0,1,1,0,1,0,2,5,0
2752,Souleymane Toure,17.6,29,13,19,9,1,16,20,80.0,4,32,12,20,26,55,56,1
2753,Lucas Tousart,32.7,73,38,35,28,10,27,60,45.0,33,42,6,36,48,121,75,1
2754,Yoann Touzghar,5.0,3,2,0,2,1,0,1,0.0,1,0,0,0,0,3,1,0
2756,Adama Traore,16.6,14,7,7,4,3,4,9,44.4,5,8,1,7,3,17,17,0
2757,Bertrand Traore,2.6,1,1,1,0,0,1,4,25.0,3,5,0,5,2,3,0,0
2758,Boubacar Traore,4.6,12,5,4,5,3,3,7,42.9,4,4,2,2,7,19,1,0
2759,Charles Traore,5.4,8,5,5,2,1,5,7,71.4,2,9,2,7,10,18,12,0
2760,Hamari Traore,28.1,48,32,26,15,7,28,52,53.8,24,33,7,26,38,86,64,0
2761,Kevin Trapp,33.0,1,1,1,0,0,0,2,0.0,2,2,0,2,0,1,10,0
2763,Oscar Trejo,23.8,48,32,12,23,13,9,44,20.5,35,31,3,28,8,56,8,1
2764,Manu Trigueros,9.2,20,14,9,5,6,9,22,40.9,13,9,2,7,5,25,4,0
2765,Christopher Trimmel,20.1,31,16,16,12,3,20,31,64.5,11,14,1,13,25,56,48,0
2767,Kieran Trippier,37.1,71,49,36,27,8,46,90,51.1,44,45,15,30,43,114,84,2
2768,William Troost-Ekong,4.9,11,3,7,4,0,6,7,85.7,1,7,4,3,6,17,10,0
2769,Leandro Trossard,10.3,12,7,4,2,6,6,18,33.3,12,18,0,18,6,18,3,1
2770,Leandro Trossard,14.6,10,6,7,1,2,1,8,12.5,7,17,0,17,6,16,1,0
2771,Adrien Truffert,21.7,62,32,36,17,9,31,46,67.4,15,32,8,24,22,84,55,0
2772,Frank Tsadjout,11.7,10,8,3,6,1,3,9,33.3,6,7,1,6,8,18,9,0
2773,Kostas Tsimikas,8.6,14,9,10,2,2,10,16,62.5,6,8,1,7,12,26,15,0
2775,Viktor Tsyhankov,16.5,8,8,5,1,2,1,14,7.1,13,13,2,11,7,15,12,0
2776,Alessandro Tuia,5.7,10,6,6,4,0,3,9,33.3,6,3,1,2,15,25,29,0
2778,Benat Turrientes,1.2,3,3,3,0,0,1,5,20.0,4,2,0,2,0,3,3,0
2779,Tuta,30.2,53,35,27,19,7,33,57,57.9,24,47,14,33,49,102,134,2
2780,Destiny Udogie,30.0,71,45,42,24,5,34,59,57.6,25,34,6,28,36,107,25,0
2782,Ike Ugbo,9.9,5,2,2,2,1,3,11,27.3,8,8,2,6,2,7,4,0
2783,Lesley Ugochukwu,14.8,36,19,13,20,3,16,24,66.7,8,24,10,14,21,57,16,0
2785,Sven Ulreich,3.0,1,1,1,0,0,1,1,100.0,0,0,0,0,0,1,0,1
2787,Samuel Umtiti,23.5,52,34,25,25,2,18,26,69.2,8,26,14,12,26,78,79,0
2788,Enes Unal,33.0,26,14,5,19,2,7,25,28.0,18,19,2,17,6,32,35,0
2789,Deniz Undav,7.0,7,4,2,2,3,2,8,25.0,6,4,1,3,0,7,1,0
2790,Cengiz Under,27.7,37,19,15,13,9,13,34,38.2,21,18,2,16,18,55,13,0
2791,Dayot Upamecano,26.1,65,37,43,22,0,28,45,62.2,17,26,6,20,27,92,71,4
2792,Filip Uremovic,19.2,38,23,29,8,1,14,22,63.6,8,18,13,5,36,74,88,2
2793,Oscar Urena,1.1,4,2,2,2,0,2,3,66.7,1,2,0,2,1,5,0,0
2794,Jere Uronen,3.3,8,5,4,4,0,7,12,58.3,5,6,2,4,7,15,5,0
2795,Jere Uronen,7.5,14,10,6,6,2,6,10,60.0,4,5,2,3,8,22,13,0
2797,Josha Vagnoman,16.4,26,15,12,11,3,15,27,55.6,12,20,2,18,8,34,29,1
2798,Diego Valencia,2.6,8,5,4,2,2,2,9,22.2,7,10,1,9,1,9,2,0
2799,Oscar Valentin,28.4,92,51,29,50,13,46,121,38.0,75,60,9,51,44,136,30,0
2800,Emanuele Valeri,30.9,54,27,29,21,4,29,69,42.0,40,17,3,14,22,76,44,1
2802,Yan Valery,27.7,54,39,28,20,6,20,37,54.1,17,35,15,20,34,88,82,0
2803,Martin Valjent,29.5,35,27,22,12,1,19,28,67.9,9,39,21,18,29,64,137,0
2805,Manu Vallejo,2.3,4,1,1,2,1,1,6,16.7,5,2,0,2,1,5,3,0
2806,Mattia Valoti,5.0,17,10,7,9,1,5,16,31.3,11,13,3,10,3,20,6,0
2808,Federico Valverde,27.8,31,20,14,11,6,13,26,50.0,13,31,4,27,17,48,15,0
2809,Virgil van Dijk,31.5,27,14,13,11,3,8,19,42.1,11,24,16,8,31,58,138,2
2810,Vanderson,24.6,84,48,36,34,14,44,75,58.7,31,36,9,27,48,132,36,1
2811,Raphael Varane,21.2,24,9,18,6,0,7,17,41.2,10,24,17,7,11,35,91,0
2812,Jamie Vardy,20.6,10,5,4,3,3,1,7,14.3,6,17,3,14,2,12,30,0
2813,Ruben Vargas,12.6,15,7,6,7,2,5,11,45.5,6,8,2,6,6,21,16,1
2814,Johan Vasquez,20.1,41,26,34,7,0,18,39,46.2,21,27,20,7,45,86,93,1
2815,Jesus Vazquez,3.4,13,8,9,1,3,6,11,54.5,5,4,0,4,1,14,8,0
2816,Kevin Vazquez,4.9,13,8,5,7,1,8,12,66.7,4,4,1,3,2,15,8,0
2817,Lucas Vazquez,12.7,34,23,22,10,2,20,28,71.4,8,10,0,10,7,41,13,0
2818,Matias Vecino,18.8,47,27,13,23,11,23,48,47.9,25,33,10,23,16,63,39,1
2819,Gabriel Veiga,25.5,43,19,14,25,4,16,52,30.8,36,30,3,27,21,64,6,0
2820,Renato Veiga,7.1,9,6,4,3,2,7,9,77.8,2,20,6,14,7,16,29,1
2821,Milos Veljkovic,25.2,30,19,17,13,0,18,29,62.1,11,32,16,16,33,63,103,0
2822,Miguel Veloso,12.9,33,10,20,12,1,16,26,61.5,10,26,6,20,6,39,14,0
2823,Joel Veltman,24.3,62,32,44,14,4,37,57,64.9,20,27,8,19,19,81,51,0
2824,Micky van de Ven,33.0,45,30,26,18,1,28,39,71.8,11,42,24,18,26,71,108,2
2825,Unai Vencedor Paris,2.1,3,1,0,3,0,1,6,16.7,5,5,0,5,1,4,1,0
2826,Lorenzo Venuti,10.3,18,7,6,11,1,11,18,61.1,7,7,2,5,5,23,17,2
2827,Daniele Verde,11.1,4,4,3,0,1,3,7,42.9,4,6,0,6,8,12,4,0
2828,Simone Verdi,12.2,15,10,7,5,3,6,17,35.3,11,8,1,7,0,15,2,0
2829,Gonzalo Verdu,7.8,10,5,8,2,0,4,8,50.0,4,8,6,2,10,20,33,0
2830,Jordan Veretout,31.8,56,35,17,32,7,25,53,47.2,28,22,7,15,36,92,40,2
2831,Marco Verratti,24.4,76,49,34,36,6,38,89,42.7,51,42,6,36,27,103,11,3
2832,Valerio Verre,7.5,14,7,6,5,3,8,17,47.1,9,9,1,8,9,23,3,0
2834,Mikel Vesga,28.6,57,35,21,31,5,25,68,36.8,43,39,8,31,36,93,39,3
2835,Guglielmo Vicario,30.9,1,1,1,0,0,1,2,50.0,1,0,0,0,0,1,15,2
2836,Joao Victor,9.4,19,11,9,7,3,12,22,54.5,10,11,1,10,15,34,30,0
2837,Aleix Vidal,11.4,11,5,6,3,2,4,22,18.2,18,21,2,19,15,26,14,0
2838,Clement Vidal,21.1,25,15,14,11,0,18,38,47.4,20,27,16,11,27,52,73,1
2839,Nacho Vidal,13.9,27,14,16,6,5,17,32,53.1,15,17,4,13,19,46,33,1
2841,Fabio Vieira,5.7,6,4,3,0,3,3,5,60.0,2,5,0,5,4,10,2,0
2842,Ronaldo Vieira,0.2,1,0,0,1,0,1,1,100.0,0,0,0,0,0,1,2,0
2843,Ronaldo Vieira,9.1,18,10,4,12,2,10,13,76.9,3,15,5,10,13,31,10,2
2844,Emanuel Vignato,2.7,4,4,2,2,0,2,4,50.0,2,2,0,2,3,7,0,0
2847,Tonny Vilhena,25.2,44,22,16,23,5,20,50,40.0,30,17,7,10,18,62,21,0
2848,Toni Villa,1.0,6,3,2,3,1,4,9,44.4,5,0,0,0,0,6,0,0
2849,Toni Villa,9.9,25,18,9,11,5,10,23,43.5,13,8,0,8,8,33,3,0
2851,Gonzalo Villar,7.7,13,7,4,8,1,7,15,46.7,8,11,3,8,4,17,9,1
2852,Gonzalo Villar,5.1,10,5,1,6,3,6,14,42.9,8,9,2,7,6,16,5,0
2853,Ivan Villar,19.0,0,0,0,0,0,0,1,0.0,1,0,0,0,0,0,7,0
2854,Matias Vina,5.1,19,11,9,8,2,14,30,46.7,16,13,1,12,4,23,22,0
2855,Matias Vina,0.6,3,1,1,1,1,1,3,33.3,2,5,1,4,2,5,5,0
2856,Ruben Vinagre,0.3,2,2,1,1,0,1,2,50.0,1,0,0,0,0,2,1,0
2857,Carlos Vinicius,12.3,4,1,0,2,2,0,4,0.0,4,7,0,7,0,4,10,0
2858,Alan Virginius,2.9,3,2,1,1,1,0,4,0.0,4,0,0,0,2,5,1,0
2860,Mattia Viti,7.0,4,2,1,1,2,2,5,40.0,3,9,3,6,8,12,22,0
2861,Vitinha,5.2,15,7,0,6,9,3,11,27.3,8,3,0,3,2,17,6,0
2862,Vitinha,27.2,58,25,21,27,10,27,83,32.5,56,27,4,23,25,83,15,0
2863,Daniel Vivian,26.4,57,32,36,16,5,36,45,80.0,9,27,14,13,24,81,90,3
2864,Dusan Vlahovic,21.4,11,6,0,7,4,4,10,40.0,6,10,3,7,3,14,8,1
2865,Nikola Vlasic,30.3,32,21,9,16,7,15,34,44.1,19,25,2,23,10,42,14,0
2866,Joel Voelkerling Persson,1.1,1,1,0,0,1,0,1,0.0,1,1,0,1,0,1,0,0
2867,Kevin Vogt,19.7,15,10,10,5,0,9,22,40.9,13,18,11,7,26,41,67,0
2868,Mergim Vojvoda,19.1,22,12,15,6,1,12,24,50.0,12,14,2,12,10,32,31,1
2869,Kevin Volland,7.1,8,4,1,5,2,2,8,25.0,6,8,0,8,2,10,0,0
2870,Cristian Volpato,2.5,3,2,1,1,1,0,2,0.0,2,2,0,2,2,5,0,0
2872,Aster Vranckx,2.7,3,2,0,2,1,2,7,28.6,5,3,1,2,2,5,1,0
2874,Stefan de Vrij,21.6,28,18,19,9,0,8,14,57.1,6,18,10,8,40,68,80,0
2876,Elye Wahi,27.9,9,3,2,3,4,5,14,35.7,9,14,2,12,3,12,5,0
2877,Walace,35.4,82,39,42,31,9,41,90,45.6,49,47,12,35,51,133,51,1
2878,Theo Walcott,12.5,13,6,8,4,1,8,27,29.6,19,8,1,7,9,22,7,0
2879,Luca Waldschmidt,5.8,5,2,2,1,2,2,10,20.0,8,6,0,6,3,8,5,0
2880,Kyle Walker,21.8,13,9,8,5,0,4,24,16.7,20,12,2,10,18,31,22,0
2881,Kyle Walker-Peters,29.4,61,32,34,24,3,22,42,52.4,20,47,8,39,27,88,52,0
2882,Sebastian Walukiewicz,6.7,9,6,7,2,0,4,6,66.7,2,10,9,1,7,16,30,0
2883,Aaron Wan-Bissaka,15.9,40,25,20,17,3,23,25,92.0,2,24,8,16,22,62,41,0
2884,Paul Wanner,0.3,3,1,1,2,0,1,1,100.0,0,0,0,0,0,3,1,0
2886,Danny Ward,26.0,1,1,1,0,0,1,3,33.3,2,0,0,0,0,1,14,2
2887,Joel Ward,25.1,50,36,30,11,9,30,41,73.2,11,32,16,16,25,75,80,1
2888,James Ward-Prowse,37.5,65,37,31,27,7,21,61,34.4,40,30,10,20,55,120,48,0
2889,Ollie Watkins,34.7,19,13,3,13,3,10,27,37.0,17,21,4,17,10,29,39,0
2890,Timothy Weah,19.4,24,14,13,9,2,16,29,55.2,13,17,3,14,23,47,18,0
2891,Adam Webster,22.1,22,12,10,9,3,11,19,57.9,8,30,19,11,19,41,55,4
2892,Wout Weghorst,8.9,11,5,6,1,4,2,9,22.2,7,7,2,5,7,18,9,0
2893,Julian Weigl,21.0,43,16,21,21,1,23,41,56.1,18,23,2,21,18,61,32,0
2894,Nelson Weiper,1.1,2,0,0,0,2,1,3,33.3,2,2,0,2,0,2,1,0
2895,Mitchell Weiser,28.0,71,43,38,24,9,38,75,50.7,37,50,7,43,28,99,38,1
2896,Noah Weisshaupt,4.7,11,6,3,7,1,2,7,28.6,5,4,0,4,6,17,8,0
2897,Shon Weissman,8.3,2,1,1,1,0,0,4,0.0,4,8,0,8,1,3,7,0
2898,Danny Welbeck,20.6,15,7,0,7,8,4,11,36.4,7,24,2,22,5,20,20,0
2900,Axel Werner,2.0,0,0,0,0,0,0,1,0.0,1,0,0,0,0,0,0,0
2901,Timo Werner,21.5,10,5,4,3,3,4,12,33.3,8,12,0,12,7,17,5,0
2902,Ben White,33.9,60,31,23,30,7,42,70,60.0,28,47,11,36,22,82,79,1
2903,Harvey White,0.1,0,0,0,0,0,0,1,0.0,1,0,0,0,0,0,0,0
2905,Silvan Widmer,18.8,26,17,15,10,1,20,39,51.3,19,22,8,14,31,57,28,0
2906,Mateusz Wieteska,34.6,41,23,28,13,0,19,33,57.6,14,44,28,16,56,97,97,4
2907,Georginio Wijnaldum,8.5,4,3,1,3,0,0,2,0.0,2,7,1,6,2,6,3,0
2908,Inaki Williams,31.5,22,16,5,14,3,9,24,37.5,15,18,3,15,7,29,34,0
2909,Neco Williams,20.9,72,47,49,17,6,38,71,53.5,33,33,8,25,33,105,48,0
2910,Nico Williams,29.5,31,16,10,15,6,19,41,46.3,22,40,2,38,8,39,14,1
2912,Willian,23.6,13,8,8,3,2,7,25,28.0,18,13,0,13,9,22,9,0
2913,Joe Willock,28.4,51,30,13,26,12,25,58,43.1,33,54,8,46,25,76,17,0
2914,Callum Wilson,20.9,9,3,0,8,1,0,3,0.0,3,8,0,8,1,10,5,0
2915,Harry Wilson,12.2,21,13,9,9,3,8,18,44.4,10,17,2,15,6,27,14,0
2916,Patrick Wimmer,18.3,39,26,18,11,10,12,38,31.6,26,27,2,25,15,54,15,0
2917,Jonas Wind,14.3,14,6,2,7,5,5,10,50.0,5,14,4,10,1,15,10,0
2918,Harry Winks,19.1,27,12,7,18,2,14,43,32.6,29,14,8,6,24,51,24,0
2919,Frederik Winther,1.0,2,2,1,1,0,0,2,0.0,2,1,1,0,0,2,7,0
2920,Florian Wirtz,12.1,18,10,9,7,2,8,16,50.0,8,15,1,14,1,19,6,0
2921,Przemyslaw Wisniewski,11.1,13,6,7,6,0,6,18,33.3,12,16,8,8,11,24,66,0
2922,Yoane Wissa,17.8,17,12,4,7,6,6,13,46.2,7,10,0,10,6,23,15,0
2923,Axel Witsel,25.1,36,22,22,11,3,17,31,54.8,14,20,11,9,23,59,76,0
2924,Maximilian Wober,14.1,25,18,9,15,1,16,24,66.7,8,32,14,18,27,52,67,1
2925,Hannes Wolf,5.0,11,8,4,5,2,5,13,38.5,8,3,0,3,3,14,9,0
2926,Marius Wolf,17.4,25,18,9,12,4,16,29,55.2,13,40,10,30,18,43,22,1
2927,Jeong Woo-yeong,7.3,7,3,4,2,1,2,5,40.0,3,7,1,6,1,8,7,0
2928,Chris Wood,5.0,5,4,0,3,2,3,5,60.0,2,2,2,0,1,6,7,0
2929,Chris Wood,4.1,0,0,0,0,0,0,1,0.0,1,2,1,1,1,1,2,0
2930,Christopher Wooh,11.2,16,7,8,8,0,9,11,81.8,2,11,5,6,6,22,49,0
2931,Christopher Wooh,0.0,0,0,0,0,0,0,1,0.0,1,0,0,0,0,0,1,0
2932,Joe Worrall,24.7,53,25,39,12,2,25,35,71.4,10,33,23,10,26,79,111,1
2933,Xeka,6.1,10,3,6,3,1,7,16,43.8,9,11,2,9,6,16,8,0
2934,Granit Xhaka,33.3,34,27,11,18,5,16,41,39.0,25,28,10,18,15,49,45,1
2936,Jawad El Yamiq,17.9,17,11,10,7,0,6,11,54.5,5,27,19,8,37,54,101,0
2938,Ryan Yates,20.4,38,19,19,16,3,14,22,63.6,8,26,8,18,10,48,44,0
2940,Kelvin Yeboah,3.9,6,4,2,4,0,2,5,40.0,3,7,0,7,1,7,2,0
2941,Gerard Yepes,2.2,5,3,2,3,0,1,3,33.3,2,3,0,3,4,9,3,0
2942,Darlin Yongwa,8.7,13,11,7,5,1,4,15,26.7,11,13,1,12,5,18,11,0
2943,Leny Yoro,8.5,11,5,8,3,0,4,9,44.4,5,6,1,5,18,29,27,1
2944,Maya Yoshida,28.4,34,22,19,13,2,18,29,62.1,11,40,29,11,46,80,132,2
2945,Ashley Young,22.6,50,27,34,15,1,37,49,75.5,12,25,11,14,21,71,65,0
2946,Mohamed Youssouf,27.3,72,44,41,24,7,38,61,62.3,23,32,8,24,65,137,70,0
2947,Illia Zabarnyi,3.3,4,2,4,0,0,3,7,42.9,4,7,2,5,3,7,14,0
2948,Mattia Zaccagni,30.8,42,28,16,18,8,14,38,36.8,24,37,3,34,21,63,10,1
2949,Dan-Axel Zagadou,14.1,14,9,10,4,0,5,14,35.7,9,19,16,3,21,35,81,1
2950,Wilfried Zaha,25.4,32,20,12,12,8,8,21,38.1,13,21,1,20,16,48,9,0
2951,Warren Zaire-Emery,10.3,17,10,5,10,2,8,29,27.6,21,11,0,11,12,29,17,0
2952,Denis Zakaria,4.6,9,5,5,2,2,2,8,25.0,6,4,1,3,3,12,10,0
2953,Denis Zakaria,1.4,6,3,1,4,1,2,2,100.0,0,2,0,2,2,8,1,0
2954,Rodrigo Zalazar,14.7,16,8,5,9,2,9,24,37.5,15,16,1,15,7,23,13,0
2955,Joseba Zaldua,7.1,15,8,10,4,1,7,10,70.0,3,4,2,2,11,26,22,0
2956,Nicola Zalewski,24.4,45,26,25,15,5,22,71,31.0,49,27,1,26,31,76,23,0
2957,Andre-Frank Zambo Anguissa,33.9,53,32,16,29,8,16,64,25.0,48,50,4,46,49,102,25,0
2958,Oliver Zanden,1.6,2,1,1,0,1,2,5,40.0,3,0,0,0,1,3,7,0
2959,Luca Zanimacchia,8.3,21,13,11,6,4,8,21,38.1,13,9,0,9,9,30,5,0
2960,Nicolo Zaniolo,9.9,7,5,2,4,1,2,7,28.6,5,11,0,11,2,9,0,0
2961,Alessandro Zanoli,17.1,22,14,14,6,2,8,17,47.1,9,19,15,4,12,34,39,0
2964,Mattia Zanotti,0.3,0,0,0,0,0,0,1,0.0,1,2,0,2,0,0,0,0
2965,Duvan Zapata,15.4,8,4,1,3,4,3,5,60.0,2,6,2,4,4,12,17,1
2966,Davide Zappacosta,16.3,34,18,17,12,5,15,22,68.2,7,23,2,21,9,43,16,0
2967,Oier Zarraga,9.5,14,9,5,7,2,8,20,40.0,12,7,0,7,10,24,5,0
2968,Akim Zedadka,17.8,35,21,21,10,4,18,32,56.3,14,17,3,14,23,58,51,1
2969,Akim Zedadka,3.9,1,1,1,0,0,0,2,0.0,2,3,0,3,2,3,6,0
2972,Marvin Zeegelaar,3.9,8,4,6,2,0,3,4,75.0,1,2,0,2,3,11,5,0
2973,Mehdi Zeffane,7.3,12,7,5,7,0,4,21,19.0,17,14,6,8,22,34,12,0
2974,Aaron Zehnter,0.0,0,0,0,0,0,0,1,0.0,1,0,0,0,1,1,0,0
2975,Jordan Zemura,16.2,39,24,24,14,1,23,43,53.5,20,31,9,22,16,55,32,0
2976,Arber Zeneli,11.1,9,3,3,3,3,5,12,41.7,7,8,0,8,2,11,2,0
2977,Robin Zentner,26.0,0,0,0,0,0,0,4,0.0,4,0,0,0,0,0,17,1
2978,Alessio Zerbin,2.2,10,5,4,5,1,4,8,50.0,4,2,0,2,2,12,2,0
2980,Nathan Zeze,0.7,3,2,2,1,0,1,1,100.0,0,0,0,0,0,3,1,0
2981,Edon Zhegrova,11.7,18,12,6,7,5,12,20,60.0,8,9,0,9,2,20,2,0
2982,Piotr Zielinski,25.4,17,10,1,11,5,12,25,48.0,13,16,5,11,14,31,7,0
2983,David Zima,4.5,9,5,5,4,0,3,4,75.0,1,7,2,5,9,18,11,2
2984,Oleksandr Zinchenko,23.5,40,18,14,17,9,21,39,53.8,18,20,2,18,22,62,38,2
2985,Joshua Zirkzee,9.1,4,2,1,1,2,2,7,28.6,5,4,1,3,4,8,4,0
2986,Hakim Ziyech,7.3,20,12,12,5,3,4,9,44.4,5,8,0,8,5,25,5,1
2987,Jeroen Zoet,3.7,1,1,1,0,0,1,1,100.0,0,0,0,0,0,1,1,0
2988,Simon Zoller,16.2,11,4,2,8,1,4,12,33.3,8,14,1,13,6,17,21,0
2990,Nadir Zortea,2.5,10,5,3,7,0,3,4,75.0,1,4,0,4,0,10,4,0
2991,Nadir Zortea,7.3,15,8,12,2,1,9,14,64.3,5,10,4,6,4,19,21,0
2992,Tanguy Zoukrou,5.7,14,7,8,6,0,10,14,71.4,4,18,11,7,2,16,24,0
2993,Kurt Zouma,22.1,9,4,4,5,0,5,8,62.5,3,17,14,3,30,39,120,1
2994,Petar Zovko,0.8,1,0,1,0,0,1,1,100.0,0,0,0,0,0,1,0,0
2995,Igor Zubeldia,28.2,35,18,28,7,0,25,35,71.4,10,23,17,6,21,56,93,0
2996,Martin Zubimendi,34.5,59,33,23,30,6,24,45,53.3,21,44,17,27,37,96,55,4
2998,Szymon Zurkowski,4.7,9,3,4,4,1,2,15,13.3,13,9,2,7,4,13,6,0
2999,Martin Odegaard,34.7,36,23,12,14,10,14,47,29.8,33,20,5,15,6,42,12,1
3000,Milan Duric,15.2,2,1,1,0,1,1,3,33.3,2,7,4,3,1,3,24,0
3001,Filip Duricic,24.1,43,22,18,20,5,14,32,43.8,18,19,6,13,7,50,8,0
