,Player,90s,Tackles - Tkl,Tackles - TklW,Tackles - Def 3rd,Tackles - Mid 3rd,Tackles - Att 3rd,Challenges - Tkl,Challenges - Att,Challenges - Tkl%,Challenges - Lost,Blocks - Blocks,Blocks - Sh,Blocks - Pass,Int,Tkl+Int,Clr,Err
0,Max Aarons,10.6,24,15,17,6,1,16,27,59.3,11,9,5,4,5,29,21,0
1,Brenden Aaronson,3.2,7,5,2,4,1,5,7,71.4,2,8,0,8,0,7,1,0
3,Yunis Abdelhamid,12.0,24,14,13,10,1,8,17,47.1,9,22,15,7,11,35,37,0
4,Salis Abdul Samed,9.4,11,8,5,4,2,3,8,37.5,5,4,0,4,4,15,7,0
5,Laurent Abergel,12.0,37,18,16,17,4,17,46,37.0,29,16,3,13,31,68,21,1
6,Matthis Abline,3.5,0,0,0,0,0,0,1,0.0,1,1,0,1,0,0,1,0
7,Abner,5.8,7,6,5,2,0,6,13,46.2,7,13,3,10,6,13,19,0
8,Zakaria Aboukhlal,4.2,1,1,0,0,1,1,3,33.3,2,3,0,3,1,2,1,0
9,Abdel Abqar,10.0,8,3,7,0,1,5,11,45.5,6,11,9,2,8,16,50,0
10,Francesco Acerbi,9.0,9,5,6,3,0,4,5,80.0,1,5,4,1,15,24,16,0
11,Marcos Acuna,4.6,12,8,8,4,0,5,6,83.3,1,3,1,2,4,16,6,0
12,Benie Adama Traore,3.6,4,2,1,2,1,0,4,0.0,4,3,1,2,1,5,0,0
13,Akor Adams,9.7,7,3,2,2,3,2,4,50.0,2,1,0,1,2,9,3,0
14,Junior Adamu,0.9,5,1,1,2,2,1,2,50.0,1,0,0,0,0,5,0,0
15,Sargis Adamyan,1.6,3,2,0,2,1,1,2,50.0,1,2,0,2,0,3,2,0
18,Karim Adeyemi,3.6,5,5,3,1,1,2,9,22.2,7,5,0,5,2,7,0,0
19,Simon Adingra,7.4,15,9,7,5,3,9,19,47.4,10,8,0,8,10,25,6,0
20,Amine Adli,1.7,2,0,0,0,2,2,4,50.0,2,3,0,3,2,4,1,0
21,Yacine Adli,3.3,12,6,5,6,1,5,12,41.7,7,4,4,0,6,18,4,0
22,Adson,2.3,6,5,0,6,0,1,1,100.0,0,5,0,5,2,8,2,0
23,Michel Aebischer,10.7,15,12,3,11,1,6,13,46.2,7,15,3,12,9,24,10,0
24,Emmanuel Agbadou,7.7,20,13,9,10,1,12,18,66.7,6,12,6,6,16,36,39,1
28,Nayef Aguerd,10.7,11,4,7,4,0,7,9,77.8,2,20,16,4,13,24,49,1
29,Ruben Aguilar,6.7,16,8,8,6,2,8,13,61.5,5,11,0,11,10,26,7,0
30,Naouirou Ahamada,0.9,2,2,1,1,0,2,4,50.0,2,0,0,0,1,3,0,0
31,Anel Ahmedhodzic,8.0,17,12,13,2,2,11,17,64.7,6,17,11,6,11,28,28,0
32,Joseph Aidoo,4.5,8,3,6,2,0,4,8,50.0,4,3,1,2,4,12,28,0
33,Ola Aina,7.0,17,13,14,3,0,11,16,68.8,5,8,3,5,3,20,26,1
34,Rayan Ait Nouri,9.7,30,19,19,9,2,10,15,66.7,5,13,5,8,11,41,20,0
35,Tosin Aiyegun,5.0,5,4,1,3,1,2,4,50.0,2,2,1,1,1,6,5,0
36,Kristoffer Ajer,7.1,15,9,12,2,1,12,16,75.0,4,5,1,4,4,19,21,0
37,Ludovic Ajorque,5.8,2,2,1,1,0,1,4,25.0,3,3,1,2,0,2,2,0
38,Manuel Akanji,9.0,16,9,8,7,1,9,15,60.0,6,12,6,6,9,25,17,0
40,Nathan Ake,6.1,10,6,8,2,0,6,8,75.0,2,4,0,4,5,15,11,0
41,Ilias Akhomach,3.6,9,9,3,4,2,2,4,50.0,2,4,1,3,2,11,1,0
42,Sergio Akieme,10.0,13,7,11,1,1,4,6,66.7,2,7,2,5,5,18,16,0
43,Maghnes Akliouche,3.9,4,1,2,2,0,2,7,28.6,5,2,0,2,2,6,0,0
44,Paul Akouokou,0.3,5,3,0,2,3,3,3,100.0,0,3,1,2,1,6,1,0
45,Paul Akouokou,1.9,8,5,2,6,0,3,4,75.0,1,4,1,3,4,12,5,0
47,Kevin Akpoguma,4.8,20,10,15,4,1,14,17,82.4,3,13,5,8,5,25,12,0
48,David Alaba,10.4,11,8,6,4,1,4,7,57.1,3,8,5,3,11,22,29,0
49,Luis Alberto,11.2,19,10,11,4,4,8,27,29.6,19,21,2,19,2,21,4,0
50,Raul Albiol,9.8,11,6,6,4,1,7,13,53.8,6,14,11,3,9,20,47,0
52,Ruben Alcaraz,10.0,26,13,12,12,2,9,27,33.3,18,18,5,13,9,35,15,0
53,Omar Alderete,5.8,3,2,2,1,0,2,8,25.0,6,11,6,5,2,5,35,0
54,Ivan Alejo,8.0,15,6,10,3,2,4,16,25.0,12,5,0,5,2,17,7,0
55,Carles Alena,6.0,11,3,3,7,1,4,11,36.4,7,8,2,6,3,14,6,0
56,Trent Alexander-Arnold,8.6,12,9,8,4,0,8,23,34.8,15,4,0,4,9,21,17,3
57,Mohamed Ali Cho,2.7,4,3,3,1,0,2,7,28.6,5,5,0,5,1,5,1,0
59,Faride Alidou,2.7,4,1,1,2,1,1,4,25.0,3,4,0,4,3,7,1,1
60,Nabil Alioui,9.1,2,1,1,1,0,2,4,50.0,2,6,1,5,3,5,3,0
61,Alisson,12.0,0,0,0,0,0,0,1,0.0,1,0,0,0,0,0,5,1
62,Jim Allevinah,8.8,14,5,5,6,3,7,17,41.2,10,10,3,7,9,23,11,0
63,Domingos Andre Ribeiro Almeida,5.3,11,6,3,6,2,5,10,50.0,5,4,0,4,2,13,2,0
64,Miguel Almiron,8.3,13,9,4,7,2,5,13,38.5,8,11,0,11,6,19,4,0
65,Pontus Almqvist,10.2,17,12,6,9,2,9,23,39.1,14,12,0,12,6,23,5,0
66,Marcos Alonso,1.8,5,3,2,3,0,3,4,75.0,1,2,0,2,4,9,3,0
67,Adria Altimira,3.1,6,3,4,2,0,4,5,80.0,1,6,1,5,2,8,9,0
68,Sergi Altimira,1.0,5,4,4,1,0,4,7,57.1,3,3,0,3,2,7,3,0
69,Edson Alvarez,8.4,19,9,11,7,1,6,14,42.9,8,14,4,10,7,26,34,0
70,Gaston Alvarez,10.0,30,18,20,8,2,15,23,65.2,8,17,7,10,19,49,36,0
71,Julian Alvarez,10.9,7,4,2,2,3,2,11,18.2,9,10,0,10,1,8,3,0
72,Yeray Alvarez,2.1,5,5,4,1,0,1,2,50.0,1,2,2,0,3,8,11,0
73,Skelly Alvero,3.5,7,7,4,2,1,2,8,25.0,6,3,0,3,0,7,4,0
74,Papa Amadou Diallo,1.7,1,1,0,1,0,0,1,0.0,1,1,0,1,2,3,1,0
75,Selim Amallah,3.9,14,9,6,5,3,3,7,42.9,4,9,0,9,6,20,4,0
76,Amath,2.9,6,4,4,2,0,1,5,20.0,4,1,0,1,3,9,3,0
79,Zeki Amdouni,8.2,13,8,1,5,7,3,8,37.5,5,10,3,7,3,16,4,0
80,Bruno Amione,2.9,5,1,4,1,0,1,1,100.0,0,1,1,0,5,10,8,0
81,Michael Amir Murillo,2.6,4,3,2,2,0,1,3,33.3,2,1,0,1,3,7,6,0
82,Nadiem Amiri,0.1,2,0,0,2,0,0,2,0.0,2,0,0,0,0,2,0,0
83,Sofyan Amrabat,3.5,13,7,8,5,0,6,9,66.7,3,5,2,3,3,16,4,0
84,Joachim Andersen,12.0,17,11,13,3,1,10,14,71.4,4,14,10,4,13,30,74,0
85,Elliot Anderson,4.6,8,6,3,4,1,3,9,33.3,6,6,3,3,2,10,6,0
86,Felipe Anderson,9.9,18,13,7,6,5,9,26,34.6,17,15,0,15,13,31,7,0
87,Benjamin Andre,12.0,43,26,17,22,4,19,36,52.8,17,12,1,11,16,59,26,0
88,Komnen Andric,1.4,2,1,0,1,1,0,1,0.0,1,2,0,2,0,2,1,0
89,Robert Andrich,1.7,0,0,0,0,0,0,2,0.0,2,4,1,3,4,4,5,0
90,Miguel Angel Rubio,6.2,8,4,5,3,0,7,8,87.5,1,13,7,6,12,20,23,1
91,Fabrizio Angileri,0.8,0,0,0,0,0,0,2,0.0,2,0,0,0,1,1,4,0
92,Jaidon Anthony,1.7,3,1,1,0,2,1,7,14.3,6,3,0,3,1,4,3,0
93,Waldemar Anton,11.0,13,8,6,6,1,9,14,64.3,5,11,7,4,15,28,54,1
94,Michail Antonio,9.0,8,4,3,3,2,3,4,75.0,1,9,3,6,1,9,1,0
95,Antony,5.4,8,3,2,4,2,5,13,38.5,8,13,0,13,6,14,2,0
96,Christopher Antwi-Adjei,4.7,6,3,4,1,1,3,9,33.3,6,4,2,2,0,6,4,1
97,Houssem Aouar,4.7,12,9,3,8,1,2,8,25.0,6,4,0,4,4,16,1,0
98,Stredair Appuah,0.3,0,0,0,0,0,0,1,0.0,1,0,0,0,0,0,0,0
99,Mauro Arambarri,3.8,6,2,3,2,1,1,6,16.7,5,1,0,1,2,8,7,0
100,Julian Araujo,6.6,16,9,10,4,2,12,17,70.6,5,7,5,2,6,22,23,0
101,Ronald Araujo,6.4,9,7,4,4,1,2,3,66.7,1,5,1,4,4,13,12,0
102,Cameron Archer,7.9,4,2,1,0,3,0,4,0.0,4,9,1,8,1,5,3,0
105,Alphonse Areola,12.0,0,0,0,0,0,0,2,0.0,2,0,0,0,0,0,5,0
106,Adu Ares,0.3,3,2,2,0,1,1,1,100.0,0,0,0,0,0,3,0,0
107,Jesus Areso,8.1,16,9,8,7,1,11,12,91.7,1,14,5,9,7,23,24,0
108,Jose Arnaiz,3.1,2,0,0,1,1,0,11,0.0,11,4,0,4,1,3,0,0
109,Hakon Arnar Haraldsson,3.5,3,3,1,2,0,1,8,12.5,7,0,0,0,1,4,3,0
110,Marko Arnautovic,1.4,2,1,1,1,0,1,1,100.0,0,1,0,1,0,2,1,0
111,Maximilian Arnold,8.7,12,8,2,7,3,7,15,46.7,8,6,0,6,11,23,19,0
113,Sergio Arribas,8.4,11,5,6,5,0,5,10,50.0,5,4,0,4,5,16,2,0
114,Kepa Arrizabalaga,10.0,0,0,0,0,0,0,1,0.0,1,0,0,0,0,0,4,0
115,Arthur,0.4,2,2,1,0,1,2,2,100.0,0,0,0,0,0,2,1,0
116,Takuma Asano,9.3,10,2,2,4,4,4,11,36.4,7,4,1,3,2,12,1,0
117,Marco Asensio,2.6,1,1,0,1,0,1,2,50.0,1,3,0,3,0,1,1,0
118,Kristjan Asllani,1.0,0,0,0,0,0,0,2,0.0,2,1,0,1,3,3,2,0
119,Joel Asoro,5.2,9,7,5,4,0,2,8,25.0,6,4,0,4,2,11,7,0
120,Iago Aspas,11.1,2,1,0,2,0,0,5,0.0,5,6,1,5,4,6,5,0
121,Lorenz Assignon,10.6,22,12,12,7,3,9,22,40.9,13,8,4,4,7,29,24,1
122,Youcef Atal,4.0,9,3,6,2,1,6,8,75.0,2,7,1,6,4,13,1,0
123,Valentin Atangana Edoa,1.7,7,5,1,3,3,2,4,50.0,2,2,0,2,2,9,1,0
124,Arthur Atta,1.3,3,2,0,1,2,1,4,25.0,3,2,0,2,1,4,4,0
126,Pierre-Emerick Aubameyang,9.1,7,3,2,4,1,2,6,33.3,4,6,1,5,3,10,8,0
127,Tommaso Augello,8.8,6,5,4,2,0,5,10,50.0,5,4,2,2,4,10,18,0
128,Yann Aurel Bisseck,0.1,0,0,0,0,0,0,1,0.0,1,0,0,0,0,0,0,0
130,Serge Aurier,8.3,15,10,7,8,0,4,10,40.0,6,10,3,7,7,22,32,1
131,Ezequiel Avila,6.8,2,1,0,1,1,2,9,22.2,7,10,0,10,4,6,5,0
132,Taiwo Awoniyi,7.4,5,3,1,3,1,0,1,0.0,1,3,0,3,0,5,8,0
133,Jordan Ayew,11.3,25,13,11,11,3,3,12,25.0,9,13,1,12,8,33,6,0
134,Neil El Aynaoui,1.5,4,2,1,2,1,1,5,20.0,4,1,0,1,1,5,0,0
135,Sardar Azmoun,0.9,4,3,1,2,1,2,4,50.0,2,0,0,0,1,5,1,0
136,Cesar Azpilicueta,6.5,11,7,4,6,1,4,9,44.4,5,9,1,8,6,17,18,0
137,Paulo Azzi,4.2,6,5,4,2,0,2,6,33.3,4,4,1,3,6,12,6,0
138,Oussama El Azzouzi,2.2,5,3,1,3,1,3,6,50.0,3,3,2,1,4,9,6,0
139,Iddrisu Baba,8.2,22,15,12,10,0,8,19,42.1,11,5,1,4,9,31,11,1
140,Srdan Babic,1.0,2,2,0,2,0,1,1,100.0,0,1,1,0,0,2,2,0
142,Loic Bade,9.0,19,11,15,4,0,10,17,58.8,7,11,8,3,15,34,49,0
143,Milan Badelj,6.8,12,4,6,6,0,8,19,42.1,11,11,1,10,14,26,12,0
144,Matthias Bader,7.7,17,8,10,3,4,10,17,58.8,7,10,2,8,14,31,8,0
145,Alex Baena,8.8,8,6,2,2,4,3,9,33.3,6,6,0,6,4,12,2,1
146,Jaime Baez,5.0,4,1,0,2,2,0,7,0.0,7,5,0,5,4,8,1,0
147,Leon Bailey,3.8,0,0,0,0,0,0,2,0.0,2,2,0,2,5,5,2,0
148,Nedim Bajrami,6.1,4,1,2,1,1,1,4,25.0,3,2,1,1,4,8,1,0
149,Tiemoue Bakayoko,3.1,8,6,4,4,0,1,4,25.0,3,3,2,1,5,13,2,0
150,Mitchel Bakker,1.2,4,1,4,0,0,0,1,0.0,1,3,0,3,0,4,2,0
151,Ridle Baku,5.4,6,4,4,2,0,3,10,30.0,7,7,0,7,7,13,11,1
152,Dilane Bakwa,5.6,4,4,2,0,2,0,9,0.0,9,1,0,1,4,8,1,0
153,Tommaso Baldanzi,6.8,3,2,1,1,1,3,7,42.9,4,6,0,6,2,5,0,0
154,Alejandro Balde,10.0,15,7,11,2,2,5,7,71.4,2,11,1,10,5,20,15,1
156,George Baldock,5.0,8,4,2,5,1,3,6,50.0,3,5,2,3,4,12,8,0
157,Carlos Baleba,3.0,14,5,7,6,1,4,11,36.4,7,10,2,8,6,20,3,1
158,Carlos Baleba,0.7,6,2,1,4,1,3,4,75.0,1,0,0,0,2,8,0,0
159,Leonardo Balerdi,5.2,8,7,5,3,0,5,7,71.4,2,11,4,7,10,18,34,0
160,Ivan Balliu,11.0,13,7,6,7,0,6,11,54.5,5,13,6,7,13,26,25,0
161,Folarin Balogun,5.6,3,1,0,3,0,1,4,25.0,3,2,0,2,2,5,1,0
162,Jonathan Bamba,12.3,9,5,3,4,2,0,8,0.0,8,12,0,12,7,16,9,0
163,Lameck Banda,6.1,10,7,4,4,2,3,11,27.3,8,4,0,4,1,11,3,0
164,Mamady Bangre,1.0,2,1,2,0,0,2,3,66.7,1,0,0,0,3,5,3,0
165,Mattia Bani,10.0,9,3,7,2,0,2,4,50.0,2,22,13,9,7,16,49,0
166,Leo Baptistao,4.6,5,3,1,2,2,1,6,16.7,5,4,1,3,2,7,6,0
168,Antonin Barak,1.2,1,1,0,0,1,1,1,100.0,0,2,0,2,0,1,1,0
170,Bradley Barcola,3.0,5,2,0,2,3,1,7,14.3,6,4,0,4,2,7,0,0
171,Bradley Barcola,3.8,16,6,9,3,4,2,9,22.2,7,6,0,6,4,20,1,1
172,Melvin Bard,11.1,27,15,9,12,6,13,25,52.0,12,22,2,20,18,45,15,0
173,Nicolo Barella,9.9,18,10,7,9,2,10,22,45.5,12,6,0,6,4,22,6,0
174,Kike Barja,2.7,4,2,2,1,1,2,5,40.0,3,1,1,0,1,5,2,0
175,Ross Barkley,4.9,5,5,1,2,2,2,8,25.0,6,5,3,2,6,11,10,1
176,Aymen Barkok,2.6,9,5,2,6,1,3,5,60.0,2,3,0,3,1,10,1,0
177,Harvey Barnes,2.1,1,0,0,1,0,0,1,0.0,1,0,0,0,1,2,0,0
178,Leandro Barreiro Martins,10.9,21,17,7,11,3,7,17,41.2,10,20,9,11,22,43,13,0
179,Enzo Barrenechea,10.1,19,15,7,10,2,12,25,48.0,13,14,5,9,9,28,22,1
180,Ander Barrenetxea,8.2,11,4,3,5,3,3,16,18.8,13,7,0,7,4,15,2,0
182,Pablo Barrios,5.3,13,7,4,8,1,6,13,46.2,7,8,0,8,11,24,7,1
184,Marc Bartra,2.5,4,3,3,1,0,4,5,80.0,1,3,1,2,3,7,10,0
185,Federico Baschirotto,10.6,7,4,5,2,0,2,4,50.0,2,16,10,6,7,14,42,0
186,Chris Basham,3.6,7,2,4,3,0,2,9,22.2,7,9,4,5,5,12,17,0
187,Calvin Bassey,5.4,12,7,5,6,1,3,4,75.0,1,8,3,5,10,22,19,2
188,Alessandro Bastoni,8.3,15,12,13,0,2,8,14,57.1,6,6,4,2,7,22,9,0
189,Simone Bastoni,1.8,11,7,7,3,1,5,9,55.6,4,3,0,3,6,17,6,0
190,Maximilian Bauer,5.3,9,5,5,4,0,3,9,33.3,6,8,7,1,6,15,24,1
191,Oliver Baumann,11.0,1,1,1,0,0,1,1,100.0,0,0,0,0,0,1,5,0
192,Christoph Baumgartner,3.2,5,4,1,3,1,3,6,50.0,3,5,0,5,1,6,3,0
193,Bebe,0.7,2,2,1,1,0,1,3,33.3,2,0,0,0,0,2,0,0
194,Ihlas Bebou,5.6,8,5,4,2,2,3,6,50.0,3,4,0,4,6,14,6,0
195,Adrian Beck,4.3,8,5,2,5,1,6,11,54.5,5,4,0,4,2,10,7,0
196,Sheraldo Becker,6.5,3,3,0,2,1,0,2,0.0,2,2,0,2,0,3,2,0
198,Yanis Begraoui,3.0,4,2,1,3,0,3,9,33.3,6,4,0,4,5,9,3,0
199,Kevin Behrens,8.8,10,8,3,4,3,1,2,50.0,1,4,1,3,2,12,10,0
200,Maximilian Beier,8.1,1,0,0,0,1,1,5,20.0,4,5,0,5,0,1,5,0
202,Amari'i Bell,6.2,22,13,14,8,0,10,17,58.8,7,9,2,7,5,27,18,0
203,Stefan Bell,6.4,8,8,7,1,0,4,8,50.0,4,5,4,1,5,13,26,0
204,Raoul Bellanova,10.1,9,7,4,5,0,3,6,50.0,3,6,2,4,8,17,9,0
205,Jean-Ricner Bellegarde,2.4,6,2,3,3,0,2,7,28.6,5,7,1,6,1,7,2,0
206,Jean-Ricner Bellegarde,3.0,5,3,3,2,0,3,6,50.0,3,4,0,4,4,9,0,0
208,Hector Bellerin,9.0,11,7,7,4,0,8,18,44.4,10,7,3,4,12,23,16,0
209,Jude Bellingham,10.5,16,13,6,8,2,3,11,27.3,8,29,3,26,9,25,6,0
210,Jeanoel Belocian,6.3,13,9,7,6,0,8,11,72.7,3,3,1,2,8,21,21,0
211,Andrea Belotti,5.3,7,4,1,3,3,3,5,60.0,2,4,0,4,0,7,3,0
212,Fran Beltran,10.0,12,7,4,5,3,4,22,18.2,18,7,0,7,8,20,11,0
213,Lucas Beltran,4.1,8,5,1,5,2,4,6,66.7,2,8,0,8,0,8,2,0
215,Anis Ben Slimane,1.2,2,1,2,0,0,0,3,0.0,3,1,0,1,1,3,0,0
216,Wissam Ben Yedder,9.9,3,3,0,2,1,0,2,0.0,2,6,0,6,3,6,0,0
217,Carlos Benavidez,3.4,18,10,7,9,2,6,10,60.0,4,4,3,1,7,25,4,0
218,Said Benrahma,4.8,4,1,1,3,0,2,10,20.0,8,6,0,6,3,7,2,0
219,Ramy Bensebaini,7.2,19,13,12,6,1,14,20,70.0,6,13,7,6,8,27,22,0
220,Nabil Bentaleb,3.8,10,7,3,6,1,4,10,40.0,6,8,1,7,7,17,6,0
221,Rodrigo Bentancur,0.7,3,2,3,0,0,2,3,66.7,1,3,0,3,0,3,0,0
222,Domenico Berardi,9.9,11,6,4,6,1,2,12,16.7,10,8,0,8,8,19,5,0
223,Yuri Berchiche,6.5,9,7,4,4,1,5,10,50.0,5,6,3,3,6,15,15,0
224,Alex Berenguer,4.6,5,4,3,1,1,1,3,33.3,2,5,0,5,1,6,6,0
225,Bartosz Bereszynski,3.9,9,5,6,1,2,5,10,50.0,5,1,0,1,3,12,7,0
226,Johann Berg Gudmundsson,4.8,5,2,3,1,1,3,6,50.0,3,2,0,2,8,13,5,0
227,Sander Berge,8.8,15,6,11,2,2,12,18,66.7,6,16,7,9,6,21,14,0
228,Etrit Berisha,10.0,0,0,0,0,0,0,1,0.0,1,0,0,0,0,0,6,0
231,Bernardo,11.0,33,21,23,7,3,17,25,68.0,8,27,10,17,21,54,42,1
232,Victor Bernth Kristiansen,5.7,10,8,7,2,1,5,10,50.0,5,11,0,11,2,12,9,0
234,Matus Bero,4.0,8,5,4,2,2,4,7,57.1,3,2,0,2,1,9,3,0
236,Jan-Niklas Beste,9.4,19,10,8,6,5,4,15,26.7,11,19,0,19,7,26,8,0
237,Beto,3.3,7,5,1,3,3,1,3,33.3,2,5,0,5,0,7,6,0
239,Sam Beukema,11.0,16,8,10,6,0,12,15,80.0,3,13,6,7,7,23,41,0
240,Jordan Beyer,7.5,21,12,14,6,1,9,16,56.3,7,10,7,3,11,32,37,1
241,Jaka Bijol,12.0,26,16,22,4,0,13,23,56.5,10,16,10,6,14,40,61,1
242,Philip Billing,10.3,27,13,4,19,4,8,20,40.0,12,23,5,18,13,40,22,1
243,Cristiano Biraghi,6.5,10,8,3,6,1,5,15,33.3,10,9,3,6,4,14,11,0
244,Davide Biraschi,1.0,3,3,1,2,0,1,3,33.3,2,0,0,0,2,5,5,0
245,Samuele Birindelli,5.2,8,5,5,3,0,4,7,57.1,3,9,3,6,6,14,10,0
246,Tom Bischof,1.3,7,4,5,1,1,1,6,16.7,5,1,0,1,1,8,1,0
247,Yves Bissouma,9.8,36,22,17,14,5,21,29,72.4,8,14,3,11,18,54,19,0
248,Leonardo Bittencourt,4.3,16,8,10,5,1,4,14,28.6,10,6,0,6,4,20,3,0
250,Antonio Blanco,7.5,19,12,8,10,1,8,22,36.4,14,5,0,5,9,28,7,0
252,Ludovic Blas,8.7,12,5,4,8,0,6,16,37.5,10,11,1,10,2,14,2,0
254,Alexis Blin,3.0,5,2,1,4,0,1,6,16.7,5,3,0,3,3,8,7,0
255,Daley Blind,12.0,16,6,10,5,1,7,15,46.7,8,14,4,10,9,25,39,0
256,Myron Boadu,0.7,2,2,0,1,1,1,1,100.0,0,1,0,1,0,2,0,0
257,Oscar Bobb,0.6,1,0,1,0,0,1,1,100.0,0,1,0,1,0,1,0,0
258,Jeremie Boga,6.9,5,3,1,4,0,3,9,33.3,6,7,1,6,1,6,1,0
260,Jayden Bogle,7.3,8,5,3,3,2,4,16,25.0,12,8,1,7,9,17,17,0
261,Emil Bohinen,4.6,8,6,5,3,0,2,7,28.6,5,6,2,4,11,19,6,1
262,Daniel Boloca,10.4,22,14,8,12,2,9,15,60.0,6,13,6,7,10,32,9,1
263,Willy Boly,8.5,23,15,19,4,0,8,15,53.3,7,16,13,3,16,39,52,0
264,Giacomo Bonaventura,10.0,9,5,1,1,7,2,8,25.0,6,9,0,9,4,13,3,0
265,Federico Bonazzoli,5.7,1,0,0,1,0,0,3,0.0,3,3,0,3,2,3,1,0
266,Warren Bondo,1.7,5,3,2,2,1,1,1,100.0,0,2,0,2,2,7,0,0
267,Victor Boniface,10.5,4,3,0,1,3,1,3,33.3,2,1,0,1,0,4,8,0
268,Kevin Bonifazi,1.0,4,0,0,4,0,1,2,50.0,1,0,0,0,0,4,7,1
269,Leonardo Bonucci,4.9,6,5,2,4,0,4,4,100.0,0,5,3,2,7,13,14,0
270,Angelo Borges,6.4,18,7,6,6,6,9,18,50.0,9,7,0,7,4,22,0,0
271,Neto Borges,7.0,14,9,7,6,1,8,16,50.0,8,4,1,3,16,30,11,0
273,Sebastiaan Bornauw,2.9,4,2,3,1,0,2,4,50.0,2,7,4,3,3,7,9,0
274,Rafael Borre,4.8,4,4,1,1,2,2,5,40.0,3,0,0,0,1,5,2,0
277,Erik Botheim,3.5,2,0,2,0,0,0,1,0.0,1,3,0,3,0,2,2,0
278,Sven Botman,5.0,6,5,4,2,0,3,4,75.0,1,4,3,1,4,10,16,1
279,Ayyoub Bouaddi,0.3,1,1,1,0,0,0,1,0.0,1,1,0,1,1,2,1,0
280,Badredine Bouanani,1.3,3,2,1,1,1,3,4,75.0,1,4,0,4,2,5,0,0
281,Hicham Boudaoui,6.8,17,8,5,10,2,10,14,71.4,4,4,0,4,4,21,3,0
284,Benjamin Bourigeaud,10.9,14,9,8,4,2,6,18,33.3,12,10,1,9,7,21,16,0
286,Bilal Boutobba,1.6,6,3,2,3,1,2,5,40.0,3,2,0,2,2,8,0,0
287,Edoardo Bove,7.5,25,11,5,16,4,13,20,65.0,7,11,1,10,5,30,3,1
288,Jarrod Bowen,12.0,17,11,7,5,5,7,13,53.8,6,14,2,12,9,26,8,0
289,Lucas Boye,8.3,14,6,3,8,3,3,9,33.3,6,11,1,10,2,16,16,0
290,Domagoj Bradaric,9.5,17,10,4,8,5,7,11,63.6,4,7,4,3,10,27,16,1
291,Bilal Brahimi,0.1,0,0,0,0,0,0,1,0.0,1,0,0,0,0,0,0,0
292,Bilal Brahimi,1.1,0,0,0,0,0,0,3,0.0,3,1,0,1,0,0,0,0
293,Juan Brandariz,10.5,13,7,9,4,0,8,12,66.7,4,16,11,5,5,18,35,0
294,Julian Brandt,8.5,4,4,1,3,0,2,8,25.0,6,8,1,7,3,7,3,0
295,Jarrad Branthwaite,10.0,21,10,16,4,1,13,17,76.5,4,18,10,8,17,38,51,1
296,Lilian Brassier,9.7,13,8,8,5,0,5,9,55.6,4,10,7,3,18,31,23,0
297,Claudio Bravo,7.0,0,0,0,0,0,0,1,0.0,1,0,0,0,0,0,2,0
298,Tim Breithaupt,2.7,4,2,3,1,0,4,6,66.7,2,4,2,2,1,5,5,0
299,Josip Brekalo,5.4,7,6,6,1,0,2,6,33.3,4,7,0,7,1,8,0,0
300,Gleison Bremer,11.9,13,12,8,3,2,5,9,55.6,4,11,7,4,16,29,55,0
301,Ben Brereton,2.5,2,2,1,0,1,0,2,0.0,2,0,0,0,0,2,0,0
302,Marco Brescianini,4.6,4,1,2,2,0,0,6,0.0,6,4,2,2,3,7,7,0
307,David Brooks,2.5,4,4,2,1,1,2,3,66.7,1,2,0,2,2,6,2,0
308,John Brooks,8.0,10,4,5,4,1,3,12,25.0,9,12,5,7,16,26,58,1
309,Moritz Broschinski,2.5,2,2,0,2,0,0,2,0.0,2,1,1,0,0,2,1,0
310,Jacob Brown,6.4,7,4,2,4,1,2,7,28.6,5,12,1,11,4,11,7,0
312,Josh Brownhill,8.7,16,14,5,8,3,6,9,66.7,3,6,2,4,11,27,14,0
313,Jacob Bruun Larsen,2.1,2,1,1,0,1,2,4,50.0,2,0,0,0,1,3,3,0
314,Ante Budimir,9.9,11,6,2,8,1,1,4,25.0,3,4,2,2,3,14,3,0
315,Hugo Bueno,1.6,3,1,2,0,1,2,3,66.7,1,2,1,1,1,4,5,0
316,Marius Bulter,5.4,7,3,5,1,1,3,9,33.3,6,3,0,3,2,9,6,0
317,Facundo Buonanotte,1.4,3,1,0,3,0,0,1,0.0,1,3,0,3,2,5,1,0
318,Alessandro Buongiorno,8.3,21,14,13,6,2,6,8,75.0,2,7,3,4,18,39,33,0
319,Oliver Burke,0.4,0,0,0,0,0,0,2,0.0,2,0,0,0,0,0,0,0
320,Reece Burke,6.6,12,7,8,2,2,5,10,50.0,5,9,6,3,7,19,26,0
321,Dan Burn,10.5,17,9,10,7,0,4,20,20.0,16,21,8,13,10,27,29,1
324,Marnon Busch,1.1,1,0,1,0,0,1,4,25.0,3,1,0,1,2,3,0,0
325,Maxime Busi,0.3,0,0,0,0,0,0,2,0.0,2,2,0,2,2,2,1,0
326,Aurelio Buta,7.0,16,11,8,5,3,8,15,53.3,7,7,0,7,5,21,15,0
328,Jamie Bynoe-Gittens,1.3,1,0,1,0,0,0,1,0.0,1,0,0,0,1,2,2,0
329,Juan Cabal,0.3,1,0,0,1,0,0,1,0.0,1,0,0,0,0,1,0,0
330,Remy Cabella,7.5,19,14,9,5,5,5,19,26.3,14,13,0,13,2,21,1,0
331,Jovane Cabral,7.2,12,8,4,6,2,3,8,37.5,5,3,0,3,1,13,3,0
332,Liberato Cacace,7.1,14,8,9,3,2,10,15,66.7,5,7,2,5,10,24,15,0
333,Anthony Caci,9.8,18,6,12,6,0,13,20,65.0,7,13,2,11,7,25,9,0
334,Moises Caicedo,8.9,16,10,7,6,3,5,10,50.0,5,10,5,5,7,23,10,1
335,Tom Cairney,2.1,0,0,0,0,0,0,2,0.0,2,4,1,3,1,1,1,0
336,Jens Cajuste,2.9,12,9,7,4,1,8,13,61.5,5,5,0,5,1,13,4,0
338,Davide Calabria,8.1,23,9,15,6,2,16,27,59.3,11,6,1,5,12,35,18,0
339,Riccardo Calafiori,7.4,13,9,9,4,0,4,10,40.0,6,13,7,6,14,27,19,2
340,Luca Caldirola,10.9,10,5,8,1,1,6,10,60.0,4,13,10,3,17,27,22,0
341,Duje Caleta-Car,4.0,5,2,3,2,0,3,4,75.0,1,6,2,4,1,6,16,0
342,Hakan Calhanoglu,10.8,32,20,15,13,4,19,26,73.1,7,10,5,5,6,38,8,0
343,Jose Callejon,5.4,8,4,5,3,0,5,13,38.5,8,3,1,2,1,9,7,0
344,Dominic Calvert-Lewin,6.4,1,1,0,1,0,0,2,0.0,2,3,1,2,1,2,6,0
345,Lamine Camara,9.7,29,19,13,12,4,11,21,52.4,10,15,1,14,10,39,11,0
346,Mahdi Camara,7.1,15,11,2,12,1,5,11,45.5,6,7,0,7,10,25,5,0
347,Mohamed Camara,4.5,11,7,4,5,2,4,10,40.0,6,4,0,4,6,17,0,0
348,Eduardo Camavinga,8.3,32,19,15,14,3,11,19,57.9,8,14,2,12,14,46,10,0
349,Nicolo Cambiaghi,6.7,8,6,3,3,2,4,12,33.3,8,5,0,5,4,12,1,0
350,Andrea Cambiaso,5.8,10,7,6,3,1,8,14,57.1,6,6,0,6,2,12,8,0
351,Axel Camblan,0.8,1,1,0,0,1,0,2,0.0,2,2,0,2,0,1,0,0
353,Emre Can,5.9,17,11,8,8,1,7,12,58.3,5,8,0,8,5,22,5,0
354,Matteo Cancellieri,8.1,21,13,8,8,5,9,18,50.0,9,14,0,14,3,24,7,0
355,Joao Cancelo,9.0,31,21,15,10,6,21,29,72.4,8,11,2,9,6,37,15,0
356,Fali Cande,9.4,20,12,16,4,0,9,15,60.0,6,20,16,4,9,29,56,0
357,Antonio Candreva,9.1,5,3,1,3,1,4,9,44.4,5,2,0,2,4,9,4,0
359,Sergi Canos,2.8,5,2,3,1,1,1,5,20.0,4,2,1,1,2,7,1,0
361,Etienne Capoue,9.0,15,9,9,5,1,9,15,60.0,6,9,2,7,12,27,12,0
362,Gianluca Caprari,2.8,2,1,1,1,0,0,1,0.0,1,0,0,0,2,4,0,0
366,Maxence Caqueret,10.7,29,19,10,12,7,10,38,26.3,28,11,1,10,16,45,7,1
367,Andrea Carboni,5.6,17,7,10,7,0,6,9,66.7,3,10,7,3,3,20,19,1
368,Valentin Carboni,0.5,3,2,1,2,0,1,3,33.3,2,1,0,1,0,3,0,0
369,Isaac Carcelen,11.0,23,11,16,7,0,11,19,57.9,8,11,2,9,6,29,39,2
370,Irvin Cardona,0.6,1,1,0,0,1,1,3,33.3,2,1,0,1,0,1,1,0
371,Marc Cardona,3.4,2,1,1,0,1,0,4,0.0,4,4,0,4,1,3,1,0
372,Sergi Cardona,11.3,43,23,25,13,5,30,47,63.8,17,16,3,13,20,63,38,0
373,Igor Carioca,0.9,4,3,3,1,0,2,4,50.0,2,0,0,0,2,6,1,0
374,Carlos,3.6,5,4,2,3,0,1,3,33.3,2,3,0,3,4,9,11,0
375,Diego Carlos,3.1,6,4,6,0,0,2,4,50.0,2,1,1,0,3,9,10,0
376,Carmona,5.0,9,7,2,7,0,2,8,25.0,6,7,0,7,4,13,5,0
378,Yannick Carrasco,2.5,4,4,3,1,0,2,7,28.6,5,2,0,2,1,5,6,0
379,Rasmus Carstensen,8.5,21,11,9,10,2,14,26,53.8,12,16,3,13,8,29,24,1
380,Dani Carvajal,10.6,26,15,13,10,3,15,22,68.2,7,11,3,8,10,36,21,1
381,Fabio Carvalho,1.6,3,1,0,2,1,1,2,50.0,1,6,0,6,0,3,1,0
382,William Carvalho,1.7,4,3,1,3,0,1,2,50.0,1,0,0,0,2,6,0,0
383,Nicolo Casale,6.0,6,2,6,0,0,4,10,40.0,6,4,4,0,3,9,24,0
384,Casemiro,7.2,21,12,5,13,3,12,27,44.4,15,21,5,16,5,26,16,0
385,Matty Cash,11.4,27,15,13,13,1,13,28,46.4,15,14,5,9,10,37,24,0
386,Josue Casimir,8.5,16,6,9,6,1,5,7,71.4,2,11,0,11,5,21,13,0
387,Giuseppe Caso,2.9,4,3,2,0,2,2,3,66.7,1,0,0,0,0,4,0,0
388,Cristian Casseres Jr.,9.0,27,16,14,12,1,12,25,48.0,13,17,2,15,12,39,12,1
390,Timothy Castagne,8.2,17,7,8,5,4,9,15,60.0,6,13,3,10,13,30,15,0
391,Koen Casteels,8.0,2,1,2,0,0,2,3,66.7,1,0,0,0,0,2,5,2
392,Valentin Castellanos,4.8,10,6,0,2,8,1,4,25.0,3,6,0,6,1,11,6,0
393,Jean-Charles Castelletto,10.0,9,5,5,3,1,6,10,60.0,4,5,4,1,14,23,37,0
394,Samu Castillejo,3.0,6,5,3,2,1,2,7,28.6,5,7,0,7,0,6,1,0
395,Jonny Castro,0.1,0,0,0,0,0,0,1,0.0,1,1,1,0,0,0,0,0
396,Danilo Cataldi,5.8,4,0,1,3,0,1,5,20.0,4,6,2,4,9,13,9,1
397,Catena,11.9,11,6,9,1,1,6,14,42.9,8,11,6,5,7,18,48,1
398,Maximiliano Caufriez,5.9,15,11,12,3,0,12,15,80.0,3,6,4,2,6,21,23,1
399,Ivan Cavaleiro,7.6,9,5,2,4,3,6,16,37.5,10,8,2,6,5,14,5,0
400,Dani Ceballos,0.8,2,1,0,2,0,0,2,0.0,2,2,1,1,0,2,0,0
402,Zeki Celik,1.1,5,4,1,3,1,3,4,75.0,1,0,0,0,1,6,3,0
403,Alex Centelles,2.5,3,1,3,0,0,2,6,33.3,4,2,1,1,4,7,6,0
404,Vaclav Cerny,4.3,5,2,2,3,0,1,8,12.5,7,5,0,5,5,10,2,0
406,Franco Cervi,1.6,4,3,3,1,0,1,4,25.0,3,5,0,5,2,6,3,0
407,Julio Cesar Enciso,0.8,0,0,0,0,0,0,1,0.0,1,0,0,0,0,0,0,0
408,Julian Chabot,10.4,25,17,14,11,0,14,21,66.7,7,22,14,8,20,45,49,0
410,Fares Chaibi,6.1,5,4,0,2,3,1,1,100.0,0,15,0,15,1,6,2,0
411,Muhammed Cham,10.4,12,7,3,7,2,6,14,42.9,8,6,0,6,1,13,1,0
412,Brendan Chardonnet,11.0,14,8,10,2,2,6,15,40.0,9,21,11,10,12,26,33,1
414,Walid Cheddira,7.2,2,1,1,0,1,1,2,50.0,1,2,1,1,0,2,7,0
416,Rayan Cherki,7.1,9,3,1,4,4,5,17,29.4,12,7,3,4,1,10,0,0
418,Lucas Chevalier,12.0,1,0,1,0,0,1,2,50.0,1,1,0,1,0,1,4,2
419,Fabio Chiarodia,0.3,2,1,2,0,0,2,2,100.0,0,1,1,0,1,3,2,0
420,Federico Chiesa,8.6,4,2,1,1,2,1,3,33.3,2,6,1,5,3,7,4,0
421,Ben Chilwell,3.7,5,4,0,4,1,1,3,33.3,2,1,0,1,3,8,4,0
422,Pedro Chirivella,11.9,15,10,5,10,0,8,27,29.6,19,11,1,10,12,27,13,0
423,Tahith Chong,5.9,15,6,9,4,2,7,11,63.6,4,7,0,7,3,18,1,0
424,Joris Chotard,10.7,42,30,24,12,6,23,44,52.3,21,20,7,13,16,58,18,0
425,Andreas Christensen,8.0,5,4,2,3,0,4,9,44.4,5,7,4,3,6,11,17,0
427,Ryan Christie,9.7,19,8,7,5,7,9,22,40.9,13,15,1,14,10,29,9,0
428,Carney Chukwuemeka,1.4,1,1,1,0,0,1,2,50.0,1,0,0,0,0,1,0,0
429,Samuel Chukwueze,3.2,7,2,3,3,1,3,5,60.0,2,0,0,0,2,9,0,0
430,Victor Chust,1.0,1,1,1,0,0,0,1,0.0,1,0,0,0,1,2,4,0
431,Pathe Ciss,7.7,18,8,6,12,0,9,16,56.3,7,11,5,6,13,31,24,0
432,Ibrahim Cissoko,0.3,1,0,1,0,0,1,1,100.0,0,0,0,0,0,1,0,0
433,Patrick Ciurria,9.8,11,8,4,5,2,4,10,40.0,6,10,5,5,6,17,13,0
434,Jordan Clark,0.2,0,0,0,0,0,0,1,0.0,1,1,1,0,0,0,0,0
436,Jonathan Clauss,10.4,24,13,12,10,2,15,24,62.5,9,10,2,8,17,41,26,0
437,Silvi Clua,0.0,2,0,2,0,0,2,2,100.0,0,1,0,1,0,2,0,0
438,Nathaniel Clyne,1.5,2,1,1,1,0,2,3,66.7,1,1,0,1,0,2,5,0
439,Marcus Coco,6.6,15,10,12,2,1,8,22,36.4,14,10,0,10,9,24,10,0
440,Saul Coco,7.4,13,7,11,2,0,5,10,50.0,5,9,8,1,6,19,39,0
442,Maxime Colin,6.1,10,6,6,2,2,3,8,37.5,5,7,4,3,6,16,21,0
443,Nathan Collins,11.1,14,7,10,4,0,6,9,66.7,3,12,4,8,18,32,60,1
444,Lorenzo Colombo,8.4,12,9,2,7,3,7,10,70.0,3,6,1,5,0,12,5,0
445,Andrea Colpani,9.9,8,3,0,5,3,2,4,50.0,2,0,0,0,4,12,6,0
446,Levi Colwill,10.4,19,14,7,9,3,8,10,80.0,2,14,5,9,12,31,28,0
447,Kingsley Coman,7.6,8,5,3,2,3,6,10,60.0,4,9,1,8,0,8,4,0
448,Eray Comert,8.3,15,9,12,3,0,9,12,75.0,3,11,6,5,15,30,41,0
449,Santi Comesana,3.3,13,8,1,9,3,7,13,53.8,6,3,0,3,5,18,5,1
453,Lewis Cook,6.8,14,11,7,7,0,8,14,57.1,6,5,3,2,19,33,5,0
454,Copete,4.3,12,7,11,1,0,9,12,75.0,3,3,3,0,5,17,16,1
455,Diego Coppola,3.2,9,6,6,2,1,6,11,54.5,5,5,2,3,4,13,23,1
456,Tommaso Corazza,1.6,8,3,7,1,0,3,7,42.9,4,2,0,2,4,12,2,0
457,Jeppe Corfitzen,0.1,1,0,0,1,0,1,1,100.0,0,0,0,0,0,1,0,0
458,Jack Cork,0.2,1,0,0,1,0,1,3,33.3,2,0,0,0,0,1,0,0
459,Maxwel Cornet,0.0,1,0,1,0,0,0,1,0.0,1,0,0,0,0,1,0,0
461,Angel Correa,3.1,5,4,2,2,1,1,6,16.7,5,2,0,2,1,6,0,0
462,Joaquin Correa,3.2,3,3,1,1,1,0,6,0.0,6,2,0,2,1,4,1,0
463,Thierry Correia,10.3,33,21,19,11,3,19,34,55.9,15,8,1,7,19,52,22,0
465,Danny da Costa,7.1,12,7,6,5,1,4,13,30.8,9,13,2,11,12,24,19,0
466,David Pereira da Costa,0.6,1,0,0,1,0,1,3,33.3,2,0,0,0,0,1,1,0
468,Jaume Costa,6.5,14,6,6,4,4,9,13,69.2,4,4,1,3,7,21,7,0
469,Logan Costa,11.1,16,10,12,4,0,6,12,50.0,6,23,12,11,5,21,55,0
470,Samu Costa,9.9,38,21,13,24,1,21,36,58.3,15,16,9,7,16,54,24,1
472,Vladimir Coufal,12.0,31,22,23,6,2,20,34,58.8,14,16,6,10,16,47,34,0
473,Lassana Coulibaly,6.6,14,11,6,6,2,8,13,61.5,5,9,1,8,7,21,12,0
475,Philippe Coutinho,0.3,0,0,0,0,0,0,1,0.0,1,0,0,0,0,0,0,0
476,Yan Couto,8.3,19,12,9,7,3,9,15,60.0,6,6,1,5,3,22,16,0
477,Nicolas Cozza,2.4,7,5,3,4,0,2,7,28.6,5,2,0,2,4,11,3,0
479,Aaron Cresswell,0.9,1,0,1,0,0,1,1,100.0,0,0,0,0,0,1,2,0
480,Bryan Cristante,12.0,21,11,14,5,2,9,15,60.0,6,11,4,7,13,34,23,0
481,Juan Cruz Armada,7.3,10,5,5,4,1,5,6,83.3,1,4,2,2,4,14,13,0
483,Juan Cruz,0.8,0,0,0,0,0,0,1,0.0,1,0,0,0,0,0,0,0
484,Juan Cuadrado,1.1,1,1,0,1,0,1,1,100.0,0,3,0,3,0,1,1,0
485,Marc Cucurella,5.4,20,13,11,7,2,10,18,55.6,8,8,2,6,7,27,16,0
486,Jorge Cuenca,6.1,7,6,4,2,1,3,3,100.0,0,12,7,5,7,14,35,0
487,Josh Cullen,9.3,16,11,8,7,1,9,16,56.3,7,12,7,5,7,23,11,0
488,Matheus Cunha,10.9,17,8,5,10,2,5,12,41.7,7,10,2,8,6,23,5,0
489,Marvin Cuni,4.4,4,2,1,1,2,2,3,66.7,1,8,1,7,1,5,0,0
490,Eric Curbelo,1.0,2,1,1,1,0,1,2,50.0,1,3,1,2,2,4,5,1
492,Danilo D'Ambrosio,5.1,18,11,12,4,2,8,12,66.7,4,9,4,5,7,25,10,0
495,Mahmoud Dahoud,4.5,9,4,2,4,3,3,9,33.3,6,3,1,2,1,10,5,0
496,Ameen Al-Dakhil,9.5,9,4,3,5,1,1,9,11.1,8,6,4,2,8,17,30,2
497,Thijs Dallinga,8.7,13,5,3,5,5,4,6,66.7,2,6,2,4,2,15,15,0
498,Diogo Dalot,10.3,21,10,16,2,3,16,21,76.2,5,5,2,3,9,30,30,0
499,Mikkel Damsgaard,0.6,1,0,1,0,0,0,2,0.0,2,2,1,1,0,1,1,0
500,Flavius Daniliuc,3.3,9,6,6,3,0,5,9,55.6,4,7,1,6,5,14,3,0
501,Danilo,3.7,5,1,2,3,0,3,7,42.9,4,3,1,2,7,12,4,0
502,Danilo,8.0,14,8,9,5,0,5,10,50.0,5,8,4,4,18,32,29,0
503,Arnaut Danjuma,4.1,2,1,2,0,0,1,2,50.0,1,3,0,3,2,4,0,0
504,Kevin Danso,12.0,10,7,3,7,0,8,13,61.5,5,13,8,5,11,21,43,1
505,Dante,12.0,21,10,15,6,0,12,15,80.0,3,17,7,10,10,31,35,0
506,Mohammed Daramy,7.0,2,2,1,1,0,2,8,25.0,6,4,1,3,4,6,2,0
507,Sergi Darder,7.5,21,15,6,11,4,5,16,31.3,11,5,1,4,6,27,3,0
508,Achraf Dari,1.3,1,1,1,0,0,0,2,0.0,2,2,0,2,5,6,9,1
509,Matteo Darmian,9.2,22,10,11,9,2,9,20,45.0,11,13,5,8,8,30,22,0
510,Lukas Daschner,2.4,1,0,0,1,0,0,3,0.0,3,5,0,5,2,3,1,0
512,David Datro Fofana,6.2,8,6,3,3,2,4,8,50.0,4,2,0,2,0,8,5,0
513,Jonathan David,10.1,8,7,1,6,1,3,12,25.0,9,5,0,5,3,11,0,0
514,Alphonso Davies,9.6,13,6,6,7,0,7,16,43.8,9,11,1,10,9,22,19,0
515,Ben Davies,2.0,7,6,4,2,1,4,5,80.0,1,7,7,0,2,9,7,0
516,Tom Davies,0.7,4,2,2,2,0,1,3,33.3,2,0,0,0,2,6,2,1
517,Pawel Dawidowicz,8.8,17,12,9,8,0,6,11,54.5,5,7,4,3,10,27,43,0
518,Craig Dawson,11.8,19,11,15,3,1,15,19,78.9,4,22,17,5,6,25,55,0
521,Charles De Ketelaere,6.3,10,5,2,2,6,1,4,25.0,3,8,0,8,1,11,2,0
522,Rodrigo De Paul,6.1,12,8,3,7,2,3,8,37.5,5,6,0,6,1,13,2,0
523,Lorenzo De Silvestri,4.9,3,3,3,0,0,1,2,50.0,1,6,3,3,5,8,14,0
524,Thibault De Smet,7.6,24,13,16,7,1,16,23,69.6,7,7,2,5,9,33,24,0
525,Koni De Winter,6.0,8,7,5,3,0,5,8,62.5,3,2,0,2,8,16,13,0
526,Gregoire Defrel,2.6,4,1,0,3,1,1,2,50.0,1,1,0,1,1,5,3,0
527,Alessandro Deiola,4.0,7,5,4,3,0,5,18,27.8,13,4,1,3,1,8,2,0
528,Romain Del Castillo,10.6,10,8,2,4,4,2,19,10.5,17,9,0,9,2,12,1,0
529,Thomas Delaine,9.6,17,7,13,3,1,14,22,63.6,8,3,0,3,11,28,22,0
530,Sacha Delaye,0.3,3,0,0,1,2,0,2,0.0,2,1,0,1,0,3,0,0
531,Hannes Delcroix,2.7,3,2,2,1,0,2,2,100.0,0,3,1,2,6,9,6,0
532,Olivier Deman,6.4,17,9,13,3,1,11,19,57.9,8,16,5,11,5,22,10,0
534,Ousmane Dembele,7.9,11,8,1,5,5,3,7,42.9,4,4,0,4,4,15,1,0
535,Jessy Deminguet,5.7,9,5,5,4,0,4,12,33.3,8,5,0,5,4,13,4,0
536,Ermedin Demirovic,10.7,10,6,2,7,1,6,18,33.3,12,10,1,9,4,14,10,0
537,Sepp van den Berg,9.5,20,11,12,7,1,6,11,54.5,5,20,9,11,15,35,34,1
540,Mikkel Desler,9.7,10,7,6,4,0,4,9,44.4,5,19,8,11,7,17,26,0
541,Arthur Desmas,12.0,0,0,0,0,0,0,1,0.0,1,0,0,0,0,0,4,0
544,Michele Di Gregorio,11.0,1,0,1,0,0,1,1,100.0,0,0,0,0,1,2,6,0
546,Giovanni Di Lorenzo,12.0,20,14,13,7,0,13,29,44.8,16,9,2,7,7,27,18,0
547,Alessandro Di Pardo,1.9,3,1,2,0,1,0,1,0.0,1,3,2,1,2,5,2,0
548,Boulaye Dia,7.5,3,2,1,2,0,1,1,100.0,0,5,0,5,3,6,5,0
549,Moussa Diaby,10.5,5,1,1,3,1,2,7,28.6,5,2,0,2,2,7,1,0
550,Mouctar Diakhaby,7.3,13,9,6,7,0,8,10,80.0,2,10,3,7,4,17,32,0
551,Mamadou Diakhon,0.6,1,1,1,0,0,1,2,50.0,1,0,0,0,1,2,0,0
552,Bafode Diakite,7.9,17,12,5,12,0,12,15,80.0,3,9,5,4,9,26,19,0
553,Ibrahim Diakite,1.1,0,0,0,0,0,0,1,0.0,1,2,0,2,2,2,5,0
554,Oumar Diakite,5.1,8,4,5,2,1,3,8,37.5,5,4,0,4,3,11,3,0
555,Assane Diao,5.7,11,7,4,4,3,4,7,57.1,3,10,2,8,5,16,2,0
556,Mouhamadou Diarra,6.5,6,5,2,4,0,0,9,0.0,9,8,1,7,6,12,2,0
557,Moussa Diarra,6.8,16,6,8,7,1,6,14,42.9,8,14,9,5,8,24,23,0
558,Ruben Dias,9.2,9,5,5,3,1,4,8,50.0,4,7,3,4,10,19,27,0
559,Krepin Diatta,5.4,13,8,5,7,1,10,21,47.6,11,6,1,5,7,20,8,0
561,Mahamadou Diawara,1.9,4,2,2,2,0,1,6,16.7,5,1,0,1,2,6,1,0
562,Brahim Diaz,2.1,4,3,0,4,0,2,3,66.7,1,2,0,2,0,4,0,0
563,Luis Diaz,7.1,11,9,1,5,5,3,16,18.8,13,3,0,3,1,12,0,0
564,Victor Diaz,1.8,5,3,2,3,0,1,3,33.3,2,1,0,1,1,6,8,0
565,Famara Diedhiou,0.6,1,1,0,1,0,0,1,0.0,1,0,0,0,0,1,1,0
566,Bamba Dieng,1.4,2,2,0,2,0,1,1,100.0,0,0,0,0,0,2,3,0
567,Eric Dier,1.6,2,1,2,0,0,2,2,100.0,0,1,1,0,1,3,8,0
569,Lucas Digne,11.9,21,9,15,5,1,11,19,57.9,8,9,0,9,17,38,28,0
570,Federico Dimarco,8.4,17,12,7,8,2,10,17,58.8,7,7,1,6,4,21,11,1
573,Junior Dina Ebimbe,6.6,9,4,0,5,4,5,10,50.0,5,7,1,6,2,11,10,0
574,Eren Dinkci,10.1,13,8,8,5,0,7,14,50.0,7,8,0,8,3,16,6,0
575,Sinaly Diomande,9.0,10,4,5,3,2,9,15,60.0,6,11,9,2,12,22,26,0
576,Edan Diop,0.5,2,2,1,0,1,1,1,100.0,0,1,0,1,0,2,1,0
577,Issa Diop,7.8,11,6,8,2,1,6,8,75.0,2,8,4,4,7,18,36,1
578,Sofiane Diop,4.8,7,5,3,3,1,3,9,33.3,6,2,0,2,2,9,2,0
579,Andy Diouf,7.7,14,10,5,7,2,8,13,61.5,5,7,1,6,3,17,3,0
581,Axel Disasi,10.7,7,2,4,2,1,4,7,57.1,3,10,8,2,4,11,33,1
582,Djene,9.0,9,2,3,5,1,2,6,33.3,4,13,4,9,10,19,22,0
583,Berat Djimsiti,10.8,12,7,6,6,0,2,5,40.0,3,23,13,10,22,34,28,0
584,Marko Dmitrovic,4.0,0,0,0,0,0,0,1,0.0,1,0,0,0,1,1,3,0
586,Ritsu Doan,7.3,14,9,8,4,2,4,9,44.4,5,9,1,8,2,16,7,0
587,Lewis Dobbin,1.3,2,2,1,0,1,2,5,40.0,3,3,0,3,1,3,0,0
588,Dodo,3.0,3,2,1,2,0,1,4,25.0,3,2,0,2,3,6,6,0
589,Danilho Doekhi,8.0,14,10,9,5,0,5,9,55.6,4,13,3,10,15,29,25,0
590,Matt Doherty,2.8,4,1,2,2,0,2,4,50.0,2,5,1,4,2,6,11,0
591,Josh Doig,6.0,9,6,5,4,0,7,11,63.6,4,9,2,7,1,10,13,1
592,Jeremy Doku,6.1,16,11,6,5,5,6,11,54.5,5,4,0,4,5,21,2,0
593,Jeremy Doku,1.2,2,2,1,0,1,1,1,100.0,0,0,0,0,0,2,0,0
594,Carlos Dominguez,3.0,3,3,0,2,1,2,4,50.0,2,1,1,0,5,8,12,0
596,Nicolas Dominguez,5.9,26,16,16,10,0,13,20,65.0,7,3,0,3,4,30,11,0
598,Nicolas Dominguez,1.1,1,0,1,0,0,0,2,0.0,2,3,0,3,0,1,2,0
601,Patrick Dorgu,5.6,21,11,15,5,1,13,14,92.9,1,9,3,6,3,24,16,0
602,Niklas Dorsch,6.8,12,8,5,7,0,5,15,33.3,10,7,5,2,4,16,11,0
603,Gabriel Dos Santos,8.3,12,6,9,3,0,6,7,85.7,1,11,11,0,11,23,14,0
604,Alberto Dossena,11.1,23,17,19,4,0,15,21,71.4,6,20,12,8,18,41,63,2
605,Carlos Dotor,3.6,4,4,1,2,1,2,6,33.3,4,6,2,4,2,6,3,0
606,Abdoulaye Doucoure,11.5,18,13,7,8,3,6,17,35.3,11,12,0,12,8,26,7,0
607,Cheick Doucoure,9.6,33,17,14,13,6,18,29,62.1,11,12,2,10,19,52,11,0
608,Ckene Doucoure,3.1,6,4,0,3,3,2,2,100.0,0,3,0,3,1,7,2,0
609,Desire Doue,4.8,14,6,4,5,5,3,11,27.3,8,5,0,5,3,17,3,0
610,Guela Doue,0.5,0,0,0,0,0,0,3,0.0,3,1,0,1,1,1,5,0
611,Alfie Doughty,8.9,17,11,9,6,2,8,20,40.0,12,17,0,17,8,25,15,0
612,Douglas,6.2,23,15,8,12,3,6,11,54.5,5,9,4,5,11,34,11,0
613,Ismael Doukoure,10.6,15,11,3,12,0,11,14,78.6,3,12,5,7,12,27,9,2
614,Kamory Doumbia,1.6,7,6,0,2,5,3,5,60.0,2,4,0,4,1,8,0,0
615,Anastasios Douvikas,2.2,3,2,0,2,1,0,1,0.0,1,1,0,1,1,4,3,0
616,Artem Dovbyk,8.1,2,1,1,0,1,0,1,0.0,1,4,1,3,0,2,5,0
617,Nikola Dovedan,2.0,5,3,0,5,0,2,7,28.6,5,4,0,4,0,5,1,0
619,Tommy Doyle,1.9,5,2,3,1,1,2,4,50.0,2,3,2,1,2,7,6,0
620,Radu Dragusin,12.0,9,6,5,4,0,3,4,75.0,1,10,5,5,14,23,62,3
621,Dion Drena Beljo,3.5,0,0,0,0,0,0,1,0.0,1,2,0,2,0,0,2,0
622,Domingos Duarte,6.0,6,3,5,0,1,4,6,66.7,2,3,3,0,4,10,22,0
624,Ruben Duarte,9.1,21,13,13,6,2,8,14,57.1,6,8,1,7,10,31,26,0
625,Marvin Ducksch,9.4,4,1,4,0,0,2,5,40.0,3,0,0,0,0,4,9,0
626,Ondrej Duda,8.8,13,8,3,8,2,4,10,40.0,6,10,2,8,9,22,7,0
627,Denzel Dumfries,8.7,11,8,4,7,0,3,9,33.3,6,10,4,6,3,14,13,0
628,Alfred Duncan,7.4,12,7,4,4,4,5,13,38.5,8,9,3,6,3,15,4,0
629,Lewis Dunk,11.0,11,5,7,4,0,4,12,33.3,8,13,11,2,9,20,27,0
630,Jhon Duran,0.8,2,2,1,1,0,0,3,0.0,3,1,0,1,0,2,1,0
631,Hugo Duro,11.7,7,4,2,3,2,4,14,28.6,10,11,3,8,0,7,7,0
632,Jean-Kevin Duverne,6.2,15,10,7,6,2,6,15,40.0,9,7,4,3,7,22,18,0
633,Paulo Dybala,6.8,9,5,1,3,5,0,3,0.0,3,5,0,5,2,11,2,0
634,Aron Donnum,5.6,3,2,1,1,1,1,3,33.3,2,4,0,4,3,6,7,0
635,Festy Ebosele,8.4,19,11,13,5,1,12,19,63.2,7,17,1,16,5,24,10,0
636,Enzo Ebosse,0.1,1,1,1,0,0,0,1,0.0,1,0,0,0,1,2,0,0
637,Tyronne Ebuehi,8.1,11,6,8,3,0,5,8,62.5,3,8,3,5,5,16,18,0
638,Ederson,11.0,0,0,0,0,0,0,1,0.0,1,0,0,0,0,0,1,0
639,Ederson,11.2,32,18,13,16,3,17,25,68.0,8,15,2,13,17,49,10,0
640,Odsonne Edouard,10.5,14,8,3,4,7,2,11,18.2,9,10,0,10,3,17,11,0
641,John Egan,5.4,6,4,4,2,0,4,11,36.4,7,10,4,6,13,19,39,1
642,Maximilian Eggestein,10.5,17,8,9,6,2,3,12,25.0,9,21,9,12,13,30,14,0
643,Lilian Egloff,1.2,4,1,3,1,0,2,4,50.0,2,3,1,2,1,5,0,0
646,Caleb Ekuban,3.4,3,2,1,1,1,2,2,100.0,0,5,1,4,0,3,0,0
647,Anthony Elanga,7.3,6,3,6,0,0,3,5,60.0,2,8,1,7,3,9,5,0
648,Simon Elisor,4.9,9,2,3,2,4,2,4,50.0,2,2,0,2,0,9,5,0
650,Harvey Elliott,2.9,2,1,1,1,0,0,4,0.0,4,2,0,2,2,4,3,0
651,Elif Elmas,2.3,3,2,0,3,0,2,2,100.0,0,1,0,1,1,4,3,0
654,Nico Elvedi,7.3,9,4,5,3,1,4,5,80.0,1,7,5,2,11,20,40,0
655,Adri Embarba,9.2,21,12,15,3,3,13,20,65.0,7,12,0,12,5,26,3,0
656,Emanuel Emegha,6.4,2,1,2,0,0,2,4,50.0,2,4,2,2,0,2,7,0
657,Emerson,3.7,10,8,8,2,0,5,14,35.7,9,8,4,4,4,14,20,0
658,Youssef En-Nesyri,7.9,2,1,0,1,1,0,2,0.0,2,2,0,2,1,3,3,0
659,Wataru Endo,2.3,4,3,3,1,0,2,9,22.2,7,3,0,3,1,5,8,0
660,Arne Engels,4.8,8,4,0,6,2,4,8,50.0,4,6,0,6,4,12,4,0
661,Christian Eriksen,6.7,10,8,2,6,2,5,17,29.4,12,11,5,6,3,13,5,0
662,Martin Erlic,11.3,21,11,18,2,1,12,16,75.0,4,16,9,7,11,32,43,1
663,Gonzalo Escalante,7.7,20,11,9,5,6,12,26,46.2,14,6,3,3,12,32,14,1
664,Alfonso Espino,12.5,33,20,23,10,0,15,41,36.6,26,7,1,6,12,45,33,0
665,Bernardo Espinosa,0.0,1,1,1,0,0,1,1,100.0,0,0,0,0,0,1,2,0
666,Maxime Esteve,3.9,6,5,5,1,0,4,6,66.7,2,5,4,1,5,11,21,0
667,Oscar Estupinan,2.8,5,4,0,3,2,1,2,50.0,1,2,0,2,0,5,0,0
668,Pervis Estupinan,5.5,7,3,5,2,0,4,9,44.4,5,7,1,6,8,15,7,0
669,Jonny Evans,5.0,4,2,4,0,0,4,7,57.1,3,2,2,0,3,7,25,0
670,Eberechi Eze,8.3,17,6,1,7,9,8,17,47.1,9,5,1,4,2,19,1,0
671,Abdessamad Ezzalzouli,0.8,1,1,0,0,1,0,1,0.0,1,1,0,1,0,1,0,0
672,Abdessamad Ezzalzouli,3.1,3,2,1,1,1,1,2,50.0,1,3,0,3,2,5,0,0
674,Nicolo Fagioli,3.8,4,2,1,2,1,2,5,40.0,3,3,0,3,3,7,0,0
676,Romain Faivre,11.1,7,3,4,2,1,3,10,30.0,7,5,1,4,5,12,2,1
679,Fali,9.9,14,11,10,4,0,8,12,66.7,4,12,7,5,9,23,40,0
680,Davide Faraoni,6.7,13,10,5,6,2,7,10,70.0,3,9,5,4,6,19,21,0
681,Ansu Fati,3.0,2,1,1,1,0,0,6,0.0,6,3,0,3,0,2,2,0
682,Ansu Fati,0.6,0,0,0,0,0,0,1,0.0,1,0,0,0,0,0,0,0
683,Khalil Fayad,4.2,11,9,9,2,0,5,12,41.7,7,4,0,4,5,16,1,0
684,Federico Fazio,3.9,6,4,5,1,0,3,5,60.0,2,7,5,2,5,11,18,0
685,Jacopo Fazzini,5.3,21,11,13,5,3,15,28,53.6,13,11,1,10,6,27,7,0
687,Luiz Felipe,4.0,7,3,5,2,0,4,5,80.0,1,10,4,6,4,11,16,0
688,Joao Felix,7.7,10,9,4,3,3,4,9,44.4,5,7,1,6,6,16,3,0
689,Ohis Felix Uduokhai,9.5,11,5,7,3,1,5,6,83.3,1,9,7,2,16,27,44,1
690,Kiko Femenia,2.2,2,2,0,2,0,0,2,0.0,2,3,2,1,3,5,3,0
691,Evan Ferguson,6.5,4,2,1,3,0,1,6,16.7,5,6,1,5,1,5,3,0
692,Lewis Ferguson,12.0,20,13,8,11,1,9,17,52.9,8,6,3,3,6,26,8,0
693,Bruno Fernandes,12.0,28,14,12,10,6,16,38,42.1,22,13,1,12,7,35,14,1
694,Edimilson Fernandes,8.7,11,7,8,3,0,6,11,54.5,5,5,1,4,17,28,29,0
695,Aitor Fernandez,3.1,0,0,0,0,0,0,1,0.0,1,0,0,0,0,0,2,1
696,Alex Fernandez,2.4,3,2,3,0,0,3,5,60.0,2,2,0,2,2,5,3,0
697,Alvaro Fernandez,3.1,11,6,7,4,0,4,7,57.1,3,2,0,2,6,17,6,0
698,Carlos Fernandez,4.1,10,6,2,6,2,0,1,0.0,1,4,0,4,0,10,4,0
699,Enzo Fernandez,10.0,18,10,6,7,5,12,28,42.9,16,21,5,16,4,22,8,0
700,Raul Fernandez,3.0,0,0,0,0,0,0,1,0.0,1,0,0,0,0,0,1,2
702,Valery Fernandez,2.1,1,1,0,1,0,1,1,100.0,0,2,1,1,0,1,0,0
704,Fernando,3.1,6,5,1,3,2,3,6,50.0,3,2,0,2,3,9,4,0
705,Andre Ferreira,10.0,0,0,0,0,0,0,1,0.0,1,0,0,0,0,0,5,0
706,Joao Ferreira,4.6,16,13,10,4,2,10,14,71.4,4,8,1,7,3,19,16,0
707,Jordan Ferri,9.7,13,7,8,5,0,9,35,25.7,26,11,0,11,9,22,11,0
708,Nacho Ferri,0.6,3,3,1,2,0,2,2,100.0,0,0,0,0,0,3,2,0
710,Max Finkgrafe,0.9,2,2,1,1,0,2,6,33.3,4,0,0,0,0,2,2,0
712,Mark Flekken,10.5,0,0,0,0,0,0,1,0.0,1,0,0,0,0,0,3,0
713,Alessandro Florenzi,5.2,13,8,8,3,2,7,15,46.7,8,6,3,3,6,19,11,1
714,Phil Foden,10.2,12,9,7,3,2,7,12,58.3,5,9,0,9,8,20,5,1
715,Wes Foderingham,12.0,1,1,1,0,0,1,2,50.0,1,0,0,0,0,1,5,2
716,Youssouf Fofana,11.7,24,14,5,14,5,12,23,52.2,11,14,2,12,16,40,10,0
717,Jonas Fohrenbach,9.1,13,9,7,4,2,6,14,42.9,8,11,6,5,7,20,16,0
718,Thomas Foket,10.0,14,3,9,4,1,10,27,37.0,17,18,6,12,14,28,16,0
719,Michael Folorunsho,11.4,18,12,10,6,2,8,25,32.0,17,18,3,15,6,24,16,2
720,Pablo Fornals,1.9,5,4,2,1,2,2,8,25.0,6,2,0,2,2,7,2,0
721,Emil Forsberg,3.7,4,3,0,4,0,4,10,40.0,6,5,0,5,0,4,4,0
722,Philipp Forster,1.8,4,3,2,0,2,2,4,50.0,2,2,0,2,4,8,1,0
723,Lyle Foster,6.7,7,1,2,2,3,1,5,20.0,4,7,1,6,1,8,11,0
724,Dimitri Foulquier,3.0,5,3,3,1,1,1,1,100.0,0,1,0,1,2,7,10,1
725,Juan Foyth,8.8,22,12,14,8,0,9,22,40.9,13,12,3,9,9,31,29,0
728,Bartol Franjic,3.8,1,1,1,0,0,1,10,10.0,9,4,0,4,9,10,13,0
729,Przemyslaw Frankowski,6.5,13,9,4,5,4,7,16,43.8,9,9,0,9,5,18,8,0
731,Jean Frederic N'Guessan,0.1,1,0,0,1,0,0,1,0.0,1,0,0,0,0,1,0,0
732,Morten Frendrup,12.0,49,26,19,24,6,23,30,76.7,7,20,5,15,17,66,12,1
733,Remo Freuler,7.2,18,11,9,8,1,7,13,53.8,6,10,2,8,10,28,10,1
734,Marco Friedl,8.4,15,8,9,6,0,12,17,70.6,5,17,10,7,10,25,41,0
735,Marvin Friedrich,4.2,9,5,7,1,1,6,6,100.0,0,10,7,3,3,12,26,0
736,Jeremie Frimpong,9.8,10,7,8,1,1,5,10,50.0,5,16,0,16,1,11,5,0
737,Jorge de Frutos,3.2,1,0,1,0,0,1,4,25.0,3,1,0,1,0,1,3,0
738,Chris Fuhrich,9.9,4,1,1,2,1,2,6,33.3,4,12,0,12,3,7,2,0
739,Angelo Fulgini,7.3,8,2,2,4,2,3,8,37.5,5,11,0,11,3,11,3,0
740,Niclas Fullkrug,2.0,1,1,0,1,0,1,1,100.0,0,2,1,1,0,1,1,0
741,Niclas Fullkrug,6.7,3,2,0,3,0,1,2,50.0,1,1,1,0,0,3,6,0
742,Matteo Gabbia,5.3,10,6,4,6,0,5,8,62.5,3,5,2,3,8,18,36,1
743,Gianluca Gaetano,0.3,0,0,0,0,0,0,1,0.0,1,1,0,1,0,0,1,0
744,Roberto Gagliardini,11.4,31,16,12,14,5,15,23,65.2,8,12,2,10,12,43,15,0
745,Cody Gakpo,5.1,6,2,2,4,0,2,9,22.2,7,10,1,9,3,9,4,0
746,Javi Galan,1.0,5,4,2,2,1,4,5,80.0,1,1,0,1,1,6,3,0
747,Inigo Ruiz de Galarreta,9.3,17,11,5,11,1,8,19,42.1,11,6,1,5,4,21,8,0
749,Conor Gallagher,11.5,34,19,15,14,5,13,28,46.4,15,14,2,12,19,53,8,0
750,Antonino Gallo,6.4,11,7,6,5,0,9,13,69.2,4,8,1,7,5,16,16,0
751,Cristian Gamboa,5.6,7,5,4,3,0,4,14,28.6,10,4,1,3,5,12,15,0
752,Kevin Gameiro,3.4,2,2,1,1,0,0,5,0.0,5,2,0,2,1,3,0,0
754,Idrissa Gana Gueye,7.5,21,14,6,10,5,6,12,50.0,6,7,1,6,5,26,8,0
755,Ignatius Ganago,1.4,0,0,0,0,0,0,1,0.0,1,1,0,1,1,1,1,0
756,Aleix Garcia,13.0,20,12,9,10,1,13,25,52.0,12,17,4,13,16,36,25,0
757,Alvaro Garcia,12.3,16,12,7,6,3,2,18,11.1,16,13,0,13,14,30,14,0
758,Dani Garcia,4.5,6,2,1,2,3,4,14,28.6,10,7,1,6,3,9,5,0
759,David Garcia,12.0,16,9,11,5,0,9,13,69.2,4,12,5,7,9,25,64,1
761,Eric Garcia,7.6,8,7,3,4,1,6,8,75.0,2,10,6,4,3,11,21,1
762,Fran Garcia,6.0,8,5,4,4,0,5,13,38.5,8,5,0,5,10,18,12,1
763,Francisco Jesus Crespo Garcia,3.8,10,6,3,5,2,6,18,33.3,12,3,0,3,2,12,4,0
764,Raul Garcia,0.8,1,1,1,0,0,1,4,25.0,3,2,0,2,1,2,0,0
765,Ruben Garcia,4.5,8,6,1,5,2,4,10,40.0,6,8,2,6,3,11,5,0
767,Alejandro Garnacho,4.5,4,3,1,2,1,1,7,14.3,6,3,0,3,4,8,3,0
768,James Garner,10.9,31,16,14,13,4,11,25,44.0,14,14,3,11,8,39,15,0
769,Luca Garritano,3.0,4,2,3,1,0,1,6,16.7,5,7,0,7,1,5,3,0
770,Johan Gastien,9.0,14,7,4,8,2,11,27,40.7,16,9,2,7,13,27,7,2
771,Federico Gatti,9.1,12,9,8,3,1,7,9,77.8,2,7,6,1,5,17,38,0
772,Federico Gattoni,0.1,1,0,1,0,0,1,1,100.0,0,0,0,0,0,1,1,0
773,Gavi,10.5,39,21,20,14,5,18,36,50.0,18,19,3,16,8,47,16,1
775,Gelabert,4.9,5,4,2,3,0,2,7,28.6,5,5,1,4,4,9,5,0
776,Francesco Gelli,3.9,4,2,2,1,1,2,2,100.0,0,4,2,2,4,8,2,0
777,Valentin Gendrey,11.0,15,11,8,6,1,10,17,58.8,7,15,3,12,13,28,25,0
778,Denis Genreau,4.8,11,8,5,6,0,8,13,61.5,5,8,1,7,4,15,8,0
780,Yannick Gerhardt,5.5,4,3,2,1,1,1,8,12.5,7,6,1,5,3,7,6,0
781,Anwar El Ghazi,0.6,0,0,0,0,0,0,1,0.0,1,0,0,0,0,0,0,0
782,Saman Ghoddos,0.9,3,3,2,0,1,1,1,100.0,0,2,1,1,0,3,1,0
783,Morgan Gibbs-White,11.3,11,8,1,6,4,6,14,42.9,8,5,2,3,7,18,7,0
784,Samuel Gigot,6.7,15,11,7,7,1,7,7,100.0,0,10,8,2,9,24,43,0
785,Bryan Gil,0.2,0,0,0,0,0,0,1,0.0,1,0,0,0,0,0,0,0
786,Billy Gilmour,6.9,9,8,5,3,1,4,17,23.5,13,7,2,5,1,10,4,0
787,Benedikt Gimber,1.9,4,2,1,2,1,1,2,50.0,1,4,3,1,1,5,13,0
788,Gvidas Gineitis,1.8,3,2,0,3,0,1,2,50.0,1,3,2,1,2,5,6,1
789,Matthias Ginter,10.0,15,8,9,6,0,8,18,44.4,10,18,13,5,9,24,39,0
790,Olivier Giroud,8.4,5,4,1,3,1,1,3,33.3,2,5,1,4,2,7,5,0
791,Klaus Gjasula,3.5,12,7,5,7,0,0,3,0.0,3,3,2,1,5,17,14,0
792,Serge Gnabry,2.5,3,2,0,3,0,2,9,22.2,7,3,0,3,0,3,2,0
794,Edoardo Goldaniga,4.5,5,5,2,3,0,1,4,25.0,3,3,3,0,8,13,13,1
795,Pierluigi Gollini,1.0,1,1,1,0,0,1,1,100.0,0,0,0,0,0,1,0,0
796,Aleksandr Golovin,10.6,15,10,5,8,2,4,15,26.7,11,11,0,11,5,20,5,0
797,Angel Gomes,9.6,7,4,1,6,0,3,9,33.3,6,8,1,7,7,14,14,0
798,Joao Gomes,8.5,25,18,8,13,4,8,24,33.3,16,11,1,10,7,32,7,0
799,Toti Gomes,6.5,12,9,9,2,1,5,6,83.3,1,5,5,0,7,19,12,0
800,Joe Gomez,5.6,17,8,9,6,2,11,19,57.9,8,4,1,3,7,24,16,1
801,Maxi Gomez,4.3,1,1,1,0,0,1,1,100.0,0,2,2,0,0,1,0,0
802,Moi Gomez,6.7,12,10,3,6,3,4,9,44.4,5,4,0,4,4,16,3,0
803,Papu Gomez,0.5,0,0,0,0,0,0,2,0.0,2,0,0,0,1,1,0,0
806,Unai Gomez,1.4,2,2,0,1,1,0,1,0.0,1,1,0,1,0,2,2,0
807,Maxime Gonalons,8.6,25,16,8,15,2,13,32,40.6,19,11,2,9,13,38,4,0
808,Edgar Gonzalez,7.9,12,6,5,5,2,6,10,60.0,4,17,11,6,7,19,45,0
809,Giovanni Gonzalez,8.2,19,14,9,10,0,8,18,44.4,10,4,1,3,3,22,11,0
811,Joan Gonzalez,3.9,4,3,0,2,2,2,4,50.0,2,6,1,5,1,5,1,0
812,Nicolas Gonzalez,9.0,14,9,7,5,2,3,12,25.0,9,14,1,13,3,17,2,0
813,Urko Gonzalez,1.1,3,0,0,2,1,1,1,100.0,0,0,0,0,0,3,3,0
814,Anthony Gordon,9.8,22,12,9,11,2,12,30,40.0,18,12,0,12,1,23,2,0
815,Leon Goretzka,7.2,9,5,4,2,3,5,11,45.5,6,9,0,9,9,18,11,0
816,Andoni Gorosabel,12.2,14,9,7,6,1,9,25,36.0,16,10,2,8,11,25,15,0
817,Robin Gosens,8.8,27,16,7,17,3,14,18,77.8,4,21,2,19,16,43,24,0
818,Mario Gotze,5.6,7,3,4,2,1,5,8,62.5,3,10,0,10,1,8,3,0
819,Amine Gouiri,9.4,10,7,2,5,3,4,8,50.0,4,8,0,8,4,14,5,0
820,Jeffrey Gouweleeuw,7.5,6,4,2,4,0,2,3,66.7,1,10,5,5,10,16,41,0
821,Pablo Gozalbez,1.1,1,0,0,0,1,1,6,16.7,5,0,0,0,1,2,2,0
822,Jonathan Gradit,10.5,18,10,10,6,2,10,18,55.6,8,11,5,6,18,36,21,0
824,Samuel Grandsir,3.5,5,3,1,3,1,1,9,11.1,8,0,0,0,2,7,2,1
825,Alberto Grassi,7.5,11,6,5,6,0,2,6,33.3,4,12,7,5,16,27,9,0
826,Ryan Gravenberch,3.0,5,2,1,2,2,2,8,25.0,6,4,0,4,7,12,4,0
828,Jack Grealish,3.7,7,5,5,2,0,3,4,75.0,1,5,1,4,4,11,3,0
829,Mason Greenwood,6.3,0,0,0,0,0,0,2,0.0,2,1,0,1,1,1,1,0
830,Michael Gregoritsch,2.9,1,1,1,0,0,0,3,0.0,3,4,1,3,0,1,3,0
832,Antoine Griezmann,10.8,13,6,4,7,2,6,17,35.3,11,9,2,7,3,16,6,0
833,Vincenzo Grifo,9.8,13,10,5,6,2,5,11,45.5,6,8,0,8,2,15,7,0
834,Florian Grillitsch,6.9,14,11,9,4,1,6,16,37.5,10,8,1,7,9,23,7,1
835,Alex Grimaldo,10.9,22,9,12,3,7,16,26,61.5,10,13,3,10,8,30,18,0
836,Christian Gross,4.2,10,6,6,4,0,4,14,28.6,10,7,2,5,5,15,7,0
837,Pascal Gross,9.9,12,6,4,4,4,5,17,29.4,12,14,1,13,5,17,5,0
838,Brajan Gruda,5.2,4,3,0,2,2,3,7,42.9,4,6,0,6,2,6,2,0
841,Andres Guardado,2.8,10,7,3,7,0,4,7,57.1,3,2,1,1,3,13,3,0
842,Sergi Guardiola,0.9,2,1,1,0,1,1,2,50.0,1,0,0,0,0,2,1,0
843,Nemanja Gudelj,9.8,12,8,7,4,1,7,13,53.8,6,6,3,3,11,23,35,0
844,Gabriel Gudmundsson,1.3,2,1,0,2,0,2,4,50.0,2,0,0,0,1,3,2,0
845,Marc Guehi,11.0,14,10,11,3,0,6,13,46.2,7,14,12,2,9,23,55,1
846,Matteo Guendouzi,6.0,7,4,2,3,2,3,12,25.0,9,2,0,2,4,11,6,1
848,Javier Guerra,11.4,18,11,8,7,3,7,20,35.0,13,15,2,13,8,26,15,0
850,Axel Guessand,0.5,1,1,0,1,0,1,1,100.0,0,1,0,1,0,1,0,0
851,Evann Guessand,3.6,4,1,0,3,1,1,1,100.0,0,3,0,3,0,4,1,0
852,Ander Guevara,12.8,29,16,14,12,3,17,33,51.5,16,11,3,8,6,35,19,1
853,Josuha Guilavogui,0.3,2,1,2,0,0,1,1,100.0,0,3,1,2,1,3,2,0
854,Morgan Guilavogui,4.2,10,6,1,7,2,1,6,16.7,5,5,1,4,3,13,2,0
855,Frederic Guilbert,6.0,18,6,8,8,2,8,15,53.3,7,7,1,6,20,38,17,1
856,Hugo Guillamon,1.8,5,2,2,2,1,4,5,80.0,1,0,0,0,0,5,6,1
858,Bruno Guimaraes,10.6,19,11,14,3,2,9,22,40.9,13,12,3,9,7,26,6,0
859,Serhou Guirassy,7.4,0,0,0,0,0,0,1,0.0,1,3,1,2,1,1,9,0
861,Manuel Gulde,4.3,8,6,5,3,0,2,2,100.0,0,4,2,2,7,15,6,0
862,Gerard Gumbau,10.8,12,8,2,9,1,3,12,25.0,9,11,3,8,5,17,11,1
863,Robert Gumny,4.2,5,4,1,2,2,1,4,25.0,3,12,4,8,5,10,9,0
864,Ilkay Gundogan,12.1,10,6,4,6,0,5,13,38.5,8,7,0,7,9,19,5,0
866,Jon Guridi,10.4,12,8,3,8,1,2,16,12.5,14,13,2,11,6,18,4,0
867,Gorka Guruzeta,9.6,12,10,2,10,0,3,8,37.5,5,9,0,9,10,22,9,0
868,Malo Gusto,6.0,17,7,14,3,0,8,13,61.5,5,7,1,6,3,20,10,0
869,Miguel Gutierrez,11.7,12,8,5,5,2,5,14,35.7,9,7,2,5,2,14,30,0
870,Albert Gudmundsson,11.9,11,5,6,3,2,6,14,42.9,8,7,0,7,9,20,2,0
871,Josko Gvardiol,8.1,13,7,3,8,2,7,11,63.6,4,9,5,4,11,24,14,2
872,Emmanuel Gyasi,3.4,4,1,1,2,1,0,1,0.0,1,3,0,3,1,5,2,0
873,Norbert Gyomber,9.5,17,9,14,3,0,10,12,83.3,2,19,14,5,19,36,38,1
874,Erling Haaland,11.4,1,0,0,1,0,1,1,100.0,0,6,0,6,1,2,5,0
875,Nicolas Haas,1.0,5,3,1,2,2,3,3,100.0,0,1,0,1,1,6,1,0
876,Janik Haberer,5.4,13,9,3,7,3,9,16,56.3,7,6,1,5,3,16,2,0
877,Robin Hack,1.8,3,1,1,2,0,0,1,0.0,1,1,0,1,2,5,4,0
879,Munir El Haddadi,10.6,13,8,5,5,3,9,19,47.4,10,9,0,9,5,18,6,0
880,Jaouen Hadjam,1.0,3,2,2,1,0,0,1,0.0,1,0,0,0,3,6,1,0
881,Ianis Hagi,4.4,8,7,0,7,1,3,7,42.9,4,4,0,4,1,9,2,0
882,Amadou Haidara,2.7,3,2,1,1,1,0,2,0.0,2,5,0,5,5,8,3,0
884,Massadio Haidara,3.8,4,3,1,2,1,0,2,0.0,2,4,1,3,5,9,10,1
885,Oualid El Hajjam,1.2,3,3,2,1,0,0,2,0.0,2,2,1,1,2,5,4,0
886,Achraf Hakimi,9.8,14,8,5,5,4,9,20,45.0,11,16,2,14,10,24,11,1
887,Lewis Hall,0.6,4,4,1,3,0,2,4,50.0,2,1,0,1,1,5,0,0
888,Sebastien Haller,3.7,1,0,0,1,0,1,1,100.0,0,4,1,3,0,1,7,0
889,Gustavo Hamer,10.0,19,10,9,7,3,5,20,25.0,15,13,1,12,6,25,10,0
890,Andreas Hanche-Olsen,0.7,3,0,2,1,0,1,1,100.0,0,0,0,0,0,3,2,0
891,Ridgeciano Haps,4.1,3,3,2,0,1,2,3,66.7,1,1,0,1,5,8,4,1
893,Amine Harit,5.9,7,5,3,4,0,5,9,55.6,4,9,3,6,4,11,0,0
894,Luke Harris,0.8,1,1,1,0,0,0,1,0.0,1,0,0,0,0,1,0,0
895,Jack Harrison,4.9,9,3,2,4,3,4,10,40.0,6,3,0,3,2,11,7,0
896,Abdou Harroui,2.8,6,5,1,5,0,2,5,40.0,3,4,0,4,2,8,0,0
897,Makoto Hasebe,0.3,1,1,1,0,0,1,1,100.0,0,0,0,0,0,1,1,0
899,Pantelis Hatzidiakos,4.4,11,4,7,4,0,7,10,70.0,3,7,3,4,4,15,12,0
900,Kai Havertz,7.9,16,8,1,11,4,9,13,69.2,4,12,1,11,5,21,4,0
902,Jan Paul van Hecke,5.3,8,3,7,1,0,5,11,45.5,6,12,10,2,7,15,16,1
903,Hwang Hee-chan,8.6,10,5,7,3,0,5,10,50.0,5,9,1,8,4,14,5,0
904,Silvan Hefti,1.1,6,1,2,3,1,4,7,57.1,3,2,0,2,0,6,1,0
905,Dominique Heintz,2.1,3,0,2,1,0,2,3,66.7,1,4,0,4,1,4,5,0
907,Benjamin Henrichs,8.9,17,10,7,8,2,5,18,27.8,13,16,1,15,11,28,6,0
908,Henrique,1.1,1,1,0,1,0,1,1,100.0,0,0,0,0,2,3,0,0
910,Luiz Henrique,2.6,4,4,2,2,0,3,5,60.0,2,5,0,5,1,5,4,0
911,Matheus Henrique,6.9,13,9,6,7,0,8,16,50.0,8,4,1,3,6,19,7,2
912,Rico Henry,4.5,7,5,3,3,1,6,7,85.7,1,8,3,5,5,12,5,1
914,Christophe Herelle,6.2,5,3,4,1,0,3,7,42.9,4,7,3,4,4,9,20,0
915,Mario Hermoso,11.6,16,8,8,7,1,7,14,50.0,7,14,5,9,15,31,43,0
916,Javi Hernandez,11.7,10,8,6,2,2,7,15,46.7,8,14,6,8,5,15,34,0
917,Aridane Hernandez,8.8,7,5,3,3,1,4,7,57.1,3,6,4,2,3,10,49,1
918,Lucas Hernandez,8.5,27,16,13,9,5,16,25,64.0,9,5,1,4,13,40,14,0
919,Luis Hernandez,6.0,4,3,2,2,0,2,6,33.3,4,2,1,1,5,9,21,0
920,Theo Hernandez,8.9,5,3,4,1,0,2,5,40.0,3,6,3,3,7,12,10,0
923,Ander Herrera,3.2,16,14,4,11,1,6,13,46.2,7,6,1,5,7,23,5,0
924,Cristian Herrera,1.0,1,1,0,1,0,1,2,50.0,1,1,0,1,0,1,2,0
925,Sergio Herrera,9.9,0,0,0,0,0,0,1,0.0,1,0,0,0,0,0,7,0
926,Yangel Herrera,11.1,24,12,6,13,5,9,22,40.9,13,13,4,9,11,35,27,0
928,Son Heung-min,10.8,4,3,1,2,1,2,7,28.6,5,0,0,0,3,7,4,0
929,Aaron Hickey,7.9,16,9,9,3,4,7,7,100.0,0,7,3,4,3,19,10,0
930,Isak Hien,5.6,10,6,5,5,0,5,9,55.6,4,7,2,5,3,13,18,0
933,Jack Hinshelwood,0.9,0,0,0,0,0,0,3,0.0,3,1,0,1,3,3,0,0
934,Adam Hlozek,0.6,2,1,1,1,0,1,1,100.0,0,0,0,0,1,3,0,0
936,Nicolas Hofler,6.9,12,9,9,3,0,6,17,35.3,11,9,4,5,11,23,17,0
937,Jonas Hofmann,10.5,8,6,1,5,2,4,11,36.4,7,5,0,5,4,12,3,0
938,Philipp Hofmann,6.5,7,2,1,5,1,3,3,100.0,0,3,0,3,1,8,8,0
939,Lucas Holer,9.6,15,9,7,5,3,2,8,25.0,6,6,1,5,4,19,13,0
940,Fabian Holland,8.0,18,12,8,8,2,11,19,57.9,8,12,6,6,13,31,13,0
941,Benedict Hollerbach,1.6,3,2,1,1,1,3,7,42.9,4,7,0,7,1,4,0,0
942,Emil Holm,1.5,6,5,2,3,1,2,5,40.0,3,3,0,3,3,9,3,0
943,Martin Hongla,8.7,18,9,7,9,2,5,8,62.5,3,7,3,4,4,22,15,0
944,Franck Honorat,9.2,8,5,4,4,0,4,6,66.7,2,10,1,9,2,10,4,0
945,Mathias Honsak,3.7,3,3,1,1,1,2,5,40.0,3,5,0,5,3,6,4,0
946,Sydney van Hooijdonk,0.5,2,0,0,2,0,1,1,100.0,0,0,0,0,0,2,2,0
947,Fraser Hornby,2.4,0,0,0,0,0,0,1,0.0,1,2,1,1,0,0,4,0
949,Timo Hubers,10.9,25,19,20,4,1,19,35,54.3,16,23,12,11,27,52,60,0
950,Callum Hudson-Odoi,2.5,2,1,0,1,1,0,3,0.0,3,3,0,3,0,2,2,0
951,Will Hughes,7.5,19,9,8,6,5,7,15,46.7,8,14,5,9,5,24,15,0
953,Mats Hummels,8.4,21,17,10,7,4,12,22,54.5,10,8,2,6,20,41,31,0
954,Denis Huseinbasic,3.6,7,3,3,2,2,3,4,75.0,1,7,0,7,4,11,3,0
955,Elseid Hysaj,4.2,10,6,5,4,1,7,11,63.6,4,8,2,6,3,13,16,0
956,Pierre Hojbjerg,4.2,5,1,3,1,1,1,10,10.0,9,9,4,5,5,10,11,0
957,Rasmus Hojlund,7.2,2,1,0,0,2,1,2,50.0,1,0,0,0,0,2,8,0
958,Iago,3.9,10,5,6,3,1,6,11,54.5,5,6,1,5,3,13,10,0
959,Pablo Ibanez,3.5,2,0,0,1,1,0,4,0.0,4,6,1,5,2,4,3,0
960,Arijon Ibrahimovic,1.5,4,4,2,1,1,1,2,50.0,1,2,0,2,0,4,1,0
962,Iglesias,6.3,14,8,8,4,2,7,9,77.8,2,4,2,2,7,21,19,0
963,Borja Iglesias,2.9,0,0,0,0,0,0,2,0.0,2,0,0,0,2,2,1,0
964,Igor,3.7,4,4,1,3,0,1,2,50.0,1,2,1,1,3,7,10,0
965,Jonathan Ikone,3.2,8,4,4,0,4,2,5,40.0,3,2,0,2,1,9,3,0
967,Ivan Ilic,6.7,10,6,2,6,2,5,9,55.6,4,6,3,3,5,15,9,0
968,Samuel Iling-Junior,1.3,5,4,4,1,0,3,6,50.0,3,4,1,3,1,6,1,0
969,Imanol,2.9,3,3,0,3,0,2,7,28.6,5,4,0,4,5,8,6,0
970,Ciro Immobile,7.4,3,3,1,1,1,1,6,16.7,5,0,0,0,2,5,2,0
971,Gino Infantino,0.9,1,1,0,1,0,0,1,0.0,1,3,0,3,1,2,1,0
972,Danny Ings,0.8,0,0,0,0,0,0,1,0.0,1,2,1,1,0,0,4,0
973,Bonke Innocent,0.1,1,1,0,1,0,1,1,100.0,0,0,0,0,0,1,0,0
974,Alexander Isak,5.5,1,0,0,1,0,1,4,25.0,3,2,0,2,0,1,1,0
976,Isco,11.8,13,10,3,10,0,5,18,27.8,13,9,0,9,5,18,1,0
977,Thomas Isherwood,1.1,2,0,1,1,0,1,1,100.0,0,2,2,0,2,4,6,0
978,Ismaily,10.9,23,16,10,9,4,9,17,52.9,8,11,3,8,12,35,30,0
979,Ardian Ismajli,6.2,6,4,4,2,0,3,3,100.0,0,14,9,5,8,14,34,1
980,Ko Itakura,6.8,12,7,6,6,0,6,11,54.5,5,15,7,8,12,24,22,0
981,Hiroki Ito,9.9,4,4,3,1,0,3,7,42.9,4,9,3,6,13,17,28,0
982,Junya Ito,11.9,15,8,6,6,3,5,19,26.3,14,11,1,10,7,22,5,0
983,Alex Iwobi,1.6,2,0,1,0,1,2,3,66.7,1,2,0,2,1,3,0,0
984,Alex Iwobi,5.1,8,4,4,4,0,2,6,33.3,4,2,0,2,5,13,1,0
985,Armando Izzo,4.5,11,7,6,5,0,4,10,40.0,6,5,3,2,5,16,7,1
986,Nicolas Jackson,9.4,5,5,0,2,3,0,5,0.0,5,7,2,5,2,7,7,0
988,Lee Jae-sung,9.0,9,5,2,6,1,5,20,25.0,15,10,0,10,11,20,10,0
989,Paul Jaeckel,1.3,4,1,2,2,0,3,4,75.0,1,1,1,0,3,7,3,0
990,Filip Jagiello,0.4,0,0,0,0,0,0,1,0.0,1,1,1,0,1,1,0,0
991,Kristijan Jakic,1.7,1,1,0,1,0,0,2,0.0,2,1,0,1,0,1,1,0
992,Ismail Jakobs,5.9,22,17,10,9,3,13,18,72.2,5,7,1,6,6,28,13,0
993,Ablie Jallow,4.4,0,0,0,0,0,0,1,0.0,1,1,0,1,4,4,0,0
994,Reece James,2.7,9,5,7,1,1,6,8,75.0,2,1,1,0,1,10,4,0
995,Vitaly Janelt,10.3,16,10,7,6,3,9,24,37.5,15,11,1,10,6,22,15,0
996,Jakub Jankto,4.5,6,4,5,1,0,4,7,57.1,3,2,0,2,4,10,13,0
997,Tony Jantschke,0.2,1,1,1,0,0,1,1,100.0,0,2,2,0,0,1,2,0
998,Adnan Januzaj,0.3,0,0,0,0,0,0,1,0.0,1,0,0,0,0,0,0,0
999,Luis Javier Suarez,7.7,5,4,2,3,0,1,4,25.0,3,9,0,9,0,5,8,0
1000,Danley Jean-Jacques,10.2,17,10,8,8,1,8,17,47.1,9,18,2,16,16,33,11,0
1001,Jefferson,3.1,10,4,2,5,3,4,10,40.0,6,1,0,1,0,10,0,0
1002,Fredrik Jensen,4.2,7,1,0,2,5,2,8,25.0,6,6,1,5,1,8,5,0
1003,Mathias Jensen,10.1,24,13,13,10,1,12,36,33.3,24,17,2,15,8,32,11,1
1004,Moritz Jenz,4.0,7,4,3,3,1,3,5,60.0,2,5,2,3,8,15,21,0
1005,Gabriel Jesus,4.0,10,7,5,2,3,2,6,33.3,4,8,0,8,4,14,2,0
1006,Juan Jesus,4.0,10,5,8,1,1,6,7,85.7,1,3,2,1,4,14,9,0
1007,Raul Jimenez,7.6,7,7,1,4,2,2,9,22.2,7,5,2,3,0,7,7,0
1008,Joao Pedro,6.5,9,5,3,4,2,2,7,28.6,5,2,0,2,3,12,9,0
1009,Joelinton,7.1,14,11,6,7,1,3,11,27.3,8,8,2,6,9,23,7,0
1010,Ryan John Giles,3.2,3,3,1,1,1,1,4,25.0,3,1,0,1,1,4,8,0
1011,Brennan Johnson,2.4,3,3,2,1,0,2,4,50.0,2,0,0,0,2,5,1,0
1012,Brennan Johnson,2.6,4,1,1,1,2,2,4,50.0,2,4,1,3,0,4,0,0
1015,Curtis Jones,3.1,8,4,4,2,2,3,7,42.9,4,4,0,4,2,10,3,0
1016,Frenkie de Jong,5.4,5,4,3,2,0,2,5,40.0,3,2,2,0,2,7,7,0
1017,Joan Jordan,2.8,5,4,2,3,0,5,11,45.5,6,2,2,0,3,8,2,0
1019,Jorginho,4.3,11,3,4,3,4,6,12,50.0,6,8,1,7,2,13,1,1
1020,Willian Jose,6.4,5,2,1,2,2,0,2,0.0,2,3,1,2,0,5,7,0
1021,Joselu,7.3,3,1,1,1,1,0,1,0.0,1,2,0,2,3,6,5,0
1022,Diogo Jota,6.5,8,5,2,5,1,4,12,33.3,8,3,1,2,3,11,4,0
1023,Antoine Joujou,2.3,4,2,1,2,1,2,4,50.0,2,1,0,1,0,4,1,0
1025,Juanpe,1.3,1,1,1,0,0,1,1,100.0,0,3,3,0,0,1,15,0
1026,Mads Juel Andersen,4.1,5,5,3,2,0,4,4,100.0,0,7,5,2,8,13,24,0
1027,Christopher Jullien,2.8,3,3,2,1,0,2,4,50.0,2,3,1,2,2,5,14,0
1028,Anthony Jung,8.4,10,5,7,2,1,4,8,50.0,4,10,4,6,5,15,33,0
1029,Eli Junior Kroupi,6.1,3,2,1,1,1,0,6,0.0,6,2,0,2,4,7,3,0
1030,Hamed Junior Traore,0.5,1,0,1,0,0,1,3,33.3,2,3,0,3,0,1,0,0
1031,Vinicius Junior,7.8,6,4,3,0,3,0,5,0.0,5,2,0,2,0,6,2,1
1032,Josip Juranovic,3.5,3,1,2,1,0,0,3,0.0,3,3,0,3,0,3,5,0
1033,Julian Justvan,0.5,1,0,1,0,0,1,2,50.0,1,1,0,1,0,1,0,0
1034,Filip Jorgensen,13.0,1,0,1,0,0,1,2,50.0,1,0,0,0,0,1,3,2
1036,Mohamed Kaba,7.1,15,8,5,6,4,8,18,44.4,10,12,1,11,6,21,8,0
1037,Sory Kaba,5.8,1,0,0,1,0,0,3,0.0,3,3,0,3,0,1,8,0
1038,Ozan Kabak,7.4,12,10,6,5,1,6,9,66.7,3,10,4,6,10,22,32,0
1040,Christian Kabasele,6.4,6,4,2,3,1,1,8,12.5,7,11,5,6,7,13,20,0
1041,Issa Kabore,8.6,23,11,14,6,3,11,17,64.7,6,8,3,5,10,33,19,1
1042,Abdoul Kader Bamba,3.1,8,6,2,4,2,4,5,80.0,1,3,0,3,2,10,2,0
1043,Pavel Kaderabek,6.6,6,6,2,3,1,4,9,44.4,5,8,3,5,7,13,13,0
1044,Tino Kadewere,1.7,1,1,0,1,0,1,3,33.3,2,0,0,0,2,3,5,0
1045,Kaiky,4.7,6,4,5,0,1,3,6,50.0,3,6,5,1,3,9,21,1
1046,Florian Kainz,9.8,17,13,6,5,6,11,18,61.1,7,11,5,6,5,22,8,0
1047,Sasa Kalajdzic,1.5,6,2,3,2,1,1,2,50.0,1,2,0,2,1,7,6,0
1048,Arnaud Kalimuendo,6.9,3,2,1,1,1,2,4,50.0,2,1,1,0,2,5,1,0
1049,Gedeon Kalulu,6.3,14,10,9,5,0,7,14,50.0,7,6,2,4,3,17,17,0
1050,Pierre Kalulu,1.2,4,0,2,2,0,0,1,0.0,1,3,2,1,1,5,6,1
1051,Daichi Kamada,4.1,11,7,9,1,1,7,15,46.7,8,5,2,3,2,13,2,0
1052,Waren Kamanzi,1.0,5,4,3,1,1,2,4,50.0,2,2,1,1,2,7,4,0
1053,Boubacar Kamara,11.2,27,19,13,12,2,16,31,51.6,15,9,3,6,10,37,10,0
1054,Hassane Kamara,7.5,16,11,9,4,3,8,12,66.7,4,6,1,5,9,25,19,0
1055,Jakub Kaminski,1.7,2,2,2,0,0,1,3,33.3,2,2,0,2,0,2,2,0
1057,Kevin Kampl,8.2,13,7,5,6,2,6,11,54.5,5,11,5,6,7,20,6,1
1058,Harry Kane,10.6,5,3,3,1,1,3,8,37.5,5,3,1,2,4,9,8,0
1059,Lee Kang-in,4.8,15,8,4,4,7,10,17,58.8,7,3,0,3,2,17,0,0
1061,Atakan Karazor,10.2,28,18,10,14,4,15,21,71.4,6,10,3,7,8,36,12,0
1062,Ayman Kari,0.2,1,1,1,0,0,1,2,50.0,1,0,0,0,0,1,0,0
1063,Emir Karic,4.0,12,8,6,3,3,6,9,66.7,3,8,0,8,2,14,9,0
1064,Jesper Karlsson,3.5,3,3,2,1,0,2,8,25.0,6,4,0,4,3,6,1,0
1067,Rick Karsdorp,4.9,10,9,3,3,4,6,12,50.0,6,5,2,3,2,12,4,0
1068,Grigoris Kastanos,7.4,10,7,4,2,4,6,11,54.5,5,5,2,3,7,17,4,0
1069,Silas Katompa,6.3,3,2,2,1,0,2,6,33.3,4,5,0,5,0,3,2,0
1071,Michael Kayode,5.2,16,10,11,2,3,9,11,81.8,2,6,3,3,6,22,14,0
1072,Moise Kean,4.9,3,2,0,2,1,1,1,100.0,0,2,1,1,1,4,4,0
1073,Michael Keane,2.5,4,2,3,0,1,0,2,0.0,2,2,2,0,4,8,7,1
1075,Kevin Keben Biakolo,1.4,1,1,1,0,0,1,2,50.0,1,2,0,2,2,3,7,0
1076,Yassine Kechta,5.1,20,7,9,10,1,10,23,43.5,13,6,2,4,10,30,0,0
1078,Habib Keita,1.8,7,7,1,4,2,3,5,60.0,2,8,2,6,1,8,4,0
1079,Naby Keita,0.9,0,0,0,0,0,0,1,0.0,1,1,0,1,1,1,0,0
1080,Yannik Keitel,1.4,7,5,3,3,1,3,4,75.0,1,3,0,3,4,11,4,1
1082,Lloyd Kelly,7.1,10,8,4,4,2,7,14,50.0,7,9,7,2,5,15,20,0
1083,Aljoscha Kemlein,0.3,0,0,0,0,0,0,3,0.0,3,1,0,1,0,0,0,0
1084,Tobias Kempe,5.6,6,6,4,2,0,4,7,57.1,3,4,1,3,3,9,4,0
1085,Milos Kerkez,9.5,26,11,16,8,2,16,23,69.6,7,11,2,9,9,35,31,1
1086,Reda Khadra,1.4,1,0,0,0,1,1,2,50.0,1,1,0,1,2,3,2,0
1087,Wahbi Khazri,5.6,10,7,5,5,0,8,16,50.0,8,4,0,4,0,10,4,0
1088,Rani Khedira,1.3,3,2,0,3,0,1,2,50.0,1,0,0,0,0,3,3,0
1089,Kike,7.4,1,1,0,1,0,1,4,25.0,3,9,3,6,0,1,7,0
1090,Luca Kilian,0.8,4,1,4,0,0,2,3,66.7,1,1,1,0,1,5,4,0
1092,Max Kilman,12.0,17,9,14,2,1,9,13,69.2,4,22,9,13,15,32,56,0
1093,Joshua Kimmich,7.5,17,11,5,9,3,9,15,60.0,6,7,1,6,8,25,4,0
1094,Jakub Kiwior,2.0,2,2,1,1,0,2,2,100.0,0,3,1,2,0,2,7,0
1095,Simon Kjaer,3.3,10,5,4,4,2,7,8,87.5,1,5,2,3,3,13,14,0
1097,Christoph Klarer,10.0,20,12,15,2,3,11,20,55.0,9,12,5,7,7,27,30,1
1098,Tim Kleindienst,10.5,4,3,1,2,1,3,8,37.5,5,9,4,5,4,8,17,0
1099,Lukas Klostermann,4.7,4,4,3,1,0,2,5,40.0,3,6,2,4,3,7,20,0
1100,Justin Kluivert,4.6,5,2,1,4,0,2,7,28.6,5,3,0,3,4,9,1,0
1101,Ansgar Knauff,4.6,10,7,5,5,0,1,7,14.3,6,12,2,10,3,13,3,0
1102,Robin Knoche,7.6,17,10,13,4,0,11,18,61.1,7,8,4,4,5,22,16,0
1104,Robin Koch,10.0,14,9,10,4,0,9,11,81.8,2,11,9,2,10,24,57,0
1106,Dominik Kohr,8.3,25,17,14,9,2,11,22,50.0,11,9,1,8,18,43,18,0
1107,Koke,6.9,15,12,9,6,0,9,21,42.9,12,7,4,3,6,21,8,0
1108,Sead Kolasinac,9.9,16,10,11,5,0,11,18,61.1,7,6,1,5,14,30,16,0
1109,Luca Koleosho,8.7,6,4,1,5,0,1,7,14.3,6,9,0,9,2,8,0,0
1110,Randal Kolo Muani,3.9,3,3,2,1,0,1,3,33.3,2,1,0,1,1,4,5,0
1112,Cheick Konate,6.1,18,12,13,5,0,15,23,65.2,8,9,1,8,7,25,7,0
1113,Ibrahima Konate,5.2,7,4,4,3,0,2,5,40.0,3,8,5,3,3,10,21,0
1114,Geoffrey Kondogbia,4.2,14,8,9,4,1,3,5,60.0,2,9,1,8,5,19,9,0
1116,Ibrahima Kone,2.9,1,0,1,0,0,1,1,100.0,0,1,0,1,0,1,4,0
1118,Ibrahima Kone,0.4,0,0,0,0,0,0,1,0.0,1,0,0,0,0,0,0,0
1119,Kouadio Kone,2.8,8,5,3,3,2,3,6,50.0,3,3,0,3,1,9,2,0
1120,Ezri Konsa,12.0,17,12,6,9,2,6,7,85.7,1,17,10,7,11,28,33,1
1121,Teun Koopmeiners,9.9,11,7,5,5,1,6,21,28.6,15,8,1,7,2,13,11,0
1122,Odilon Kossonou,9.4,9,8,3,5,1,3,5,60.0,2,17,1,16,18,27,18,0
1123,Filip Kostic,6.5,16,12,9,4,3,9,17,52.9,8,10,4,6,0,16,10,0
1124,Christian Kouame,3.9,5,1,3,2,0,2,3,66.7,1,6,0,6,0,5,3,0
1125,Rominigue Kouame,4.0,4,2,3,1,0,2,5,40.0,3,4,2,2,7,11,1,0
1126,Koffi Kouao,6.4,9,7,5,3,1,4,9,44.4,5,4,2,2,11,20,22,0
1128,Jules Kounde,9.4,8,5,5,1,2,5,7,71.4,2,7,4,3,5,13,38,3
1129,Boubakar Kouyate,10.0,21,15,14,5,2,11,23,47.8,12,11,5,6,13,34,53,1
1130,Cheikhou Kouyate,0.8,3,2,2,1,0,1,2,50.0,1,2,1,1,1,4,9,0
1131,Mateo Kovacic,6.3,14,10,8,4,2,9,10,90.0,1,6,0,6,2,16,4,0
1133,Dawid Kownacki,2.3,0,0,0,0,0,0,2,0.0,2,1,1,0,0,0,1,0
1135,Alex Kral,7.8,11,7,2,7,2,4,11,36.4,7,8,2,6,2,13,13,0
1136,Andrej Kramaric,6.1,1,0,0,0,1,0,1,0.0,1,1,0,1,0,1,2,0
1137,Christoph Kramer,0.8,1,1,1,0,0,0,5,0.0,5,1,1,0,1,2,3,0
1138,Frans Kratzig,0.6,2,0,2,0,0,1,2,50.0,1,0,0,0,0,2,0,0
1139,Tom Krauss,4.6,13,8,5,6,2,5,11,45.5,6,7,1,6,6,19,7,0
1140,Thomas Kristensen,4.0,5,4,4,1,0,1,4,25.0,3,3,2,1,5,10,17,0
1141,Toni Kroos,7.9,20,10,8,7,5,15,25,60.0,10,9,2,7,7,27,4,1
1142,Nikola Krstovic,8.8,6,1,3,3,0,3,4,75.0,1,4,2,2,1,7,10,0
1144,Rade Krunic,7.6,10,8,3,6,1,4,9,44.4,5,7,3,4,11,21,13,0
1145,Lukas Kubler,8.4,19,9,14,4,1,10,16,62.5,6,14,8,6,12,31,17,0
1146,Takefusa Kubo,9.8,10,6,3,4,3,5,11,45.5,6,10,1,9,7,17,2,1
1147,Dejan Kulusevski,11.6,16,8,6,6,4,3,26,11.5,23,8,1,7,6,22,1,0
1148,Sael Kumbedi,7.9,23,15,13,8,2,8,20,40.0,12,10,1,9,11,34,15,1
1150,Berkan Kutlu,1.9,5,3,5,0,0,3,6,50.0,3,3,0,3,4,9,5,0
1151,Daler Kuzyaev,11.0,20,11,6,10,4,9,25,36.0,16,9,2,7,10,30,8,0
1152,Khvicha Kvaratskhelia,8.4,9,5,3,3,3,5,15,33.3,10,4,0,4,9,18,5,0
1153,Giorgi Kvernadze,0.4,1,0,0,0,1,1,1,100.0,0,1,0,1,1,2,0,0
1154,Moritz-Broni Kwarteng,1.3,0,0,0,0,0,0,1,0.0,1,0,0,0,1,1,0,0
1155,Grejohn Kyei,3.7,4,2,0,2,2,1,1,100.0,0,0,0,0,0,4,2,0
1156,Giorgos Kyriakopoulos,8.2,8,5,6,2,0,3,8,37.5,5,5,0,5,4,12,10,0
1157,Luca de la Torre,8.6,8,3,3,3,2,4,10,40.0,6,9,2,7,4,12,5,0
1158,Gaetan Laborde,9.6,7,6,5,1,1,6,14,42.9,8,10,1,9,4,11,3,1
1159,Alexandre Lacazette,7.2,6,5,1,3,2,1,4,25.0,3,6,2,4,1,7,2,0
1160,Maxence Lacroix,10.0,15,9,11,4,0,12,16,75.0,4,16,6,10,13,28,46,0
1161,Alban Lafont,6.7,0,0,0,0,0,0,1,0.0,1,0,0,0,0,0,1,0
1162,Aissa Laidouni,6.7,14,8,3,8,3,3,6,50.0,3,16,2,14,8,22,5,0
1163,Konrad Laimer,7.8,21,13,9,7,5,10,18,55.6,8,17,4,13,6,27,6,1
1164,Kenny Lala,11.0,32,20,12,13,7,7,23,30.4,16,3,1,2,12,44,20,1
1165,Adam Lallana,2.9,3,0,1,2,0,0,3,0.0,3,0,0,0,1,4,1,0
1166,Mathis Lambourde,0.1,0,0,0,0,0,0,1,0.0,1,1,0,1,0,0,1,0
1167,Erik Lamela,3.8,14,8,2,7,5,6,10,60.0,4,9,0,9,0,14,4,0
1168,Mohamed Lamine Bayo,6.2,6,2,1,2,3,0,5,0.0,5,4,1,3,1,7,5,0
1170,Tariq Lamptey,1.5,3,3,1,2,0,0,3,0.0,3,0,0,0,2,5,0,0
1173,Julien Laporte,7.5,8,6,7,1,0,7,17,41.2,10,11,8,3,6,14,40,0
1175,Yasser Larouci,2.5,4,1,2,1,1,2,3,66.7,1,4,1,3,5,9,10,0
1176,Hugo Larsson,8.8,14,6,10,3,1,5,10,50.0,5,11,2,9,10,24,7,0
1177,Jamaal Lascelles,6.2,7,4,4,3,0,4,8,50.0,4,11,9,2,2,9,20,0
1178,Juanmi Latasa,6.9,0,0,0,0,0,0,5,0.0,5,2,0,2,2,2,13,0
1179,Toni Lato,5.1,11,8,6,5,0,4,6,66.7,2,5,1,4,6,17,7,0
1180,Armand Lauriente,10.1,5,3,2,3,0,4,13,30.8,9,9,1,8,5,10,2,0
1181,Lazaro,1.9,1,0,1,0,0,0,3,0.0,3,0,0,0,0,1,1,0
1182,Valentino Lazaro,8.3,7,5,0,6,1,4,6,66.7,2,4,0,4,4,11,16,0
1183,Darko Lazovic,5.1,5,3,2,0,3,3,5,60.0,2,2,1,1,1,6,4,0
1184,Manuel Lazzari,6.7,8,6,3,4,1,8,12,66.7,4,12,3,9,6,14,12,0
1185,Theo Le Bris,6.9,16,8,13,2,1,7,16,43.8,9,9,2,7,3,19,8,0
1186,Julien Le Cardinal,0.0,1,1,0,0,1,0,1,0.0,1,0,0,0,0,1,0,0
1187,Julien Le Cardinal,0.6,6,2,4,2,0,4,9,44.4,5,2,1,1,0,6,0,0
1188,Jeremy Le Douaron,9.1,10,8,5,2,3,6,14,42.9,8,6,1,5,2,12,5,0
1189,Enzo Le Fee,6.7,20,14,10,7,3,13,21,61.9,8,5,0,5,6,26,5,0
1190,Vincent Le Goff,5.4,5,0,4,0,1,4,7,57.1,3,7,2,5,3,8,8,0
1191,Robin Le Normand,9.6,9,8,4,5,0,4,10,40.0,6,11,6,5,14,23,25,1
1193,Rafael Leao,9.2,6,5,1,3,2,1,3,33.3,2,7,0,7,3,9,3,0
1197,Jeremias Ledesma,12.0,0,0,0,0,0,0,1,0.0,1,0,0,0,0,0,5,1
1198,Pierre Lees-Melou,11.0,33,22,18,14,1,13,48,27.1,35,25,6,19,17,50,31,2
1199,Diogo Leite,10.7,20,16,10,7,3,13,24,54.2,11,16,6,10,18,38,49,0
1200,Maxim Leitsch,4.1,5,2,4,1,0,2,5,40.0,3,2,0,2,4,9,12,0
1201,Florian Lejeune,13.0,13,6,8,4,1,5,8,62.5,3,17,9,8,7,20,58,0
1202,Inigo Lekue,5.9,15,6,10,3,2,10,19,52.6,9,3,1,2,2,17,15,0
1203,Thomas Lemar,1.8,3,1,2,1,0,1,2,50.0,1,0,0,0,0,3,0,0
1204,Mario Lemina,10.8,26,19,15,9,2,5,16,31.3,11,7,2,5,20,46,21,0
1205,Alvaro Lemos,2.2,4,1,1,3,0,0,1,0.0,1,3,1,2,2,6,4,0
1208,Christopher Lenz,0.1,1,1,0,1,0,1,1,100.0,0,0,0,0,0,1,1,0
1209,Johann Lepenant,2.8,4,3,2,2,0,1,8,12.5,7,5,0,5,4,8,0,0
1210,Jefferson Lerma,7.8,11,6,3,8,0,3,9,33.3,6,6,1,5,16,27,19,0
1211,Leo Leroy,1.7,9,2,3,4,2,2,5,40.0,3,2,0,2,0,9,4,0
1212,Robert Lewandowski,9.3,1,0,0,1,0,1,4,25.0,3,4,1,3,2,3,4,0
1213,Jamie Leweling,3.9,5,3,2,2,1,2,4,50.0,2,6,0,6,0,5,3,0
1215,Keane Lewis-Potter,2.5,2,0,1,1,0,1,2,50.0,1,0,0,0,1,3,2,0
1216,Philipp Lienhart,10.7,13,7,7,5,1,6,14,42.9,8,12,6,6,10,23,35,0
1217,Matthijs de Ligt,2.8,3,3,0,2,1,2,2,100.0,0,2,1,1,3,6,13,0
1218,Victor Lindelof,8.5,6,3,2,4,0,3,8,37.5,5,9,5,4,7,13,15,1
1219,Jesper Lindstrom,1.8,6,2,2,1,3,4,7,57.1,3,1,0,1,2,8,1,0
1222,Karol Linetty,5.4,9,8,3,6,0,3,8,37.5,5,9,3,6,7,16,8,0
1223,Samuel Lino,4.5,16,10,12,1,3,12,17,70.6,5,9,0,9,2,18,12,0
1224,Pol Lirola,2.5,3,1,2,1,0,2,5,40.0,3,2,0,2,4,7,4,0
1225,Valentino Livramento,1.5,8,4,7,1,0,6,8,75.0,2,2,2,0,3,11,4,0
1226,Dejan Ljubicic,8.9,22,14,10,10,2,12,21,57.1,9,10,2,8,9,31,2,0
1227,Javier Llabres,0.9,2,0,1,1,0,1,1,100.0,0,0,0,0,1,3,1,0
1228,Diego Llorente,8.0,13,7,8,5,0,5,8,62.5,3,14,9,5,7,20,24,0
1229,Marcos Llorente,7.8,8,6,3,4,1,2,10,20.0,8,9,1,8,4,12,8,0
1230,Gautier Lloris,12.0,14,8,14,0,0,7,17,41.2,10,26,16,10,18,32,53,1
1231,Abou Lo,0.8,1,0,1,0,0,1,2,50.0,1,1,1,0,0,1,2,0
1232,Giovani Lo Celso,0.5,1,1,0,1,0,0,1,0.0,1,1,1,0,0,1,0,0
1233,Stanislav Lobotka,11.4,22,14,6,12,4,10,28,35.7,18,8,2,6,4,26,4,0
1234,Manuel Locatelli,11.8,22,10,6,13,3,12,25,48.0,13,12,4,8,7,29,34,0
1235,Bradley Locko,11.0,37,22,16,17,4,20,27,74.1,7,11,0,11,16,53,20,0
1236,Tom Lockyer,10.5,15,12,9,4,2,11,15,73.3,4,15,9,6,15,30,54,0
1237,Renan Lodi,9.0,11,9,6,4,1,6,11,54.5,5,3,0,3,9,20,26,0
1238,Ruben Loftus-Cheek,5.0,2,1,1,1,0,1,4,25.0,3,6,4,2,3,5,3,0
1239,Andy Logbo,2.3,0,0,0,0,0,0,3,0.0,3,7,3,4,0,0,1,0
1240,Enzo Loiodice,9.1,23,14,6,11,6,7,20,35.0,13,5,0,5,8,31,8,1
1241,Sean Longstaff,9.0,15,9,3,9,3,9,23,39.1,14,15,4,11,3,18,8,0
1242,Ademola Lookman,7.3,2,2,0,1,1,1,6,16.7,5,7,0,7,1,3,0,0
1243,Noah Loosli,1.3,4,3,2,2,0,4,5,80.0,1,2,0,2,2,6,10,0
1245,David Lopez,10.1,20,14,10,10,0,7,10,70.0,3,12,9,3,11,31,33,0
1246,Diego Lopez,10.2,19,12,4,9,6,5,20,25.0,15,9,0,9,8,27,0,0
1248,Fermin Lopez,4.6,10,5,2,7,1,4,13,30.8,9,5,0,5,1,11,2,0
1249,Javi Lopez,5.7,6,3,1,4,1,5,7,71.4,2,4,0,4,2,8,16,0
1250,Maxime Lopez,1.2,3,3,0,1,2,1,2,50.0,1,0,0,0,1,4,1,0
1251,Maxime Lopez,1.6,2,1,1,1,0,1,2,50.0,1,1,1,0,2,4,0,0
1253,Unai Lopez,7.0,12,6,5,3,4,5,19,26.3,14,9,0,9,5,17,6,1
1254,Dion Lopy,9.3,30,19,20,9,1,7,19,36.8,12,9,1,8,5,35,10,0
1255,Anthony Losilla,8.8,23,13,4,17,2,11,16,68.8,5,13,2,11,15,38,10,0
1256,Jordan Lotomba,4.5,9,7,7,1,1,8,11,72.7,3,4,1,3,4,13,6,0
1258,Matteo Lovato,7.6,18,9,13,4,1,12,18,66.7,6,10,5,5,12,30,26,0
1259,Dejan Lovren,2.0,3,3,2,1,0,1,3,33.3,2,2,2,0,3,6,4,0
1260,Sandi Lovric,6.5,7,3,3,2,2,3,5,60.0,2,6,0,6,3,10,9,0
1261,Max Lowe,1.4,8,5,6,2,0,1,3,33.3,2,2,2,0,1,9,4,0
1262,Anthony Lozano,0.9,0,0,0,0,0,0,1,0.0,1,0,0,0,0,0,1,0
1263,Lucas,4.1,14,8,9,3,2,9,15,60.0,6,9,0,9,2,16,8,0
1264,Lorenzo Lucca,7.2,2,2,1,0,1,2,8,25.0,6,3,0,3,2,4,10,0
1265,Jhon Lucumi,4.9,15,7,9,6,0,9,11,81.8,2,8,3,5,1,16,18,0
1266,Jose Luis Gaya,9.9,41,22,25,13,3,24,34,70.6,10,6,1,5,4,45,20,0
1267,Jose Luis Morales,3.3,2,1,0,2,0,1,5,20.0,4,3,0,3,2,4,1,0
1269,Douglas Luiz,11.4,27,18,9,13,5,12,21,57.1,9,15,5,10,5,32,10,0
1270,Romelu Lukaku,9.1,0,0,0,0,0,0,1,0.0,1,4,0,4,0,0,7,0
1271,Castello Lukeba,8.4,7,3,4,3,0,4,5,80.0,1,15,5,10,3,10,27,0
1272,Dodi Lukebakio,6.1,1,0,0,1,0,1,5,20.0,4,6,2,4,2,3,1,0
1274,Sasa Lukic,3.9,7,4,1,5,1,3,9,33.3,6,4,2,2,3,10,5,0
1276,Sebastiano Luperto,12.0,15,9,9,5,1,9,13,69.2,4,16,12,4,8,23,45,1
1277,Charalambos Lykogiannis,5.9,6,3,4,2,0,5,9,55.6,4,9,4,5,4,10,20,0
1278,Senne Lynen,4.1,9,5,2,6,1,3,12,25.0,9,14,1,13,11,20,6,0
1279,Ian Maatsen,1.3,3,2,1,1,1,0,1,0.0,1,2,0,2,2,5,3,0
1280,Alexis Mac Allister,9.8,27,15,9,14,4,17,36,47.2,19,23,4,19,14,41,7,0
1281,Deiver Machado,6.5,7,5,2,4,1,5,8,62.5,3,8,1,7,4,11,5,0
1282,Darwin Machis,5.7,13,7,3,6,4,9,16,56.3,7,5,0,5,3,16,2,0
1283,James Maddison,9.8,15,6,1,9,5,8,15,53.3,7,6,0,6,5,20,4,1
1284,Noni Madueke,1.3,0,0,0,0,0,0,1,0.0,1,0,0,0,0,0,1,0
1285,Pablo Maffeo,6.7,16,10,8,6,2,12,20,60.0,8,5,1,4,4,20,7,0
1286,Soungoutou Magassa,9.4,33,15,16,17,0,14,23,60.9,9,13,2,11,14,47,27,1
1287,Giulio Maggiore,6.0,7,3,4,2,1,5,10,50.0,5,4,1,3,9,16,15,0
1288,Matej Maglica,5.8,14,9,10,4,0,10,15,66.7,5,10,3,7,10,24,21,1
1289,Giangiacomo Magnani,12.0,13,7,8,5,0,7,13,53.8,6,17,9,8,20,33,45,0
1290,Hugo Magnetti,7.8,19,14,7,11,1,7,19,36.8,12,4,0,4,7,26,4,0
1291,Yohann Magnin,5.8,11,5,2,8,1,2,9,22.2,7,8,2,6,5,16,5,0
1292,Frank Magri,6.5,6,2,1,4,1,4,7,57.1,3,3,1,2,0,6,7,0
1293,Harry Maguire,5.3,3,2,3,0,0,1,2,50.0,1,8,8,0,3,6,22,0
1294,Arne Maier,0.6,2,2,0,1,1,1,1,100.0,0,1,0,1,0,2,0,0
1295,Habib Maiga,0.9,2,2,1,0,1,1,2,50.0,1,1,0,1,3,5,1,0
1296,Mike Maignan,9.0,1,0,1,0,0,1,1,100.0,0,0,0,0,0,1,0,1
1297,Linton Maina,6.7,4,4,2,0,2,2,8,25.0,6,5,1,4,2,6,0,0
1298,Patrick Mainka,11.0,22,11,14,7,1,11,20,55.0,9,22,9,13,16,38,43,0
1300,Ainsley Maitland-Niles,3.0,8,3,1,5,2,5,9,55.6,4,4,0,4,4,12,6,0
1302,Lovro Majer,8.5,9,7,4,5,0,3,12,25.0,9,8,1,7,3,12,4,0
1303,Jean-Victor Makengo,3.5,2,1,2,0,0,1,3,33.3,2,9,1,8,6,8,4,0
1305,Antoine Makoumbou,11.9,19,12,5,10,4,4,9,44.4,5,13,3,10,9,28,11,0
1306,Nemanja Maksimovic,12.9,22,11,11,7,4,10,17,58.8,7,17,11,6,23,45,29,0
1308,Youssef Maleh,8.8,29,21,9,15,5,9,21,42.9,12,23,4,19,9,38,6,0
1309,Donyell Malen,8.2,3,3,1,0,2,0,2,0.0,2,5,1,4,1,4,1,0
1310,Ruslan Malinovskyi,5.6,10,5,7,2,1,6,13,46.2,7,7,2,5,0,10,3,0
1311,Lennard Maloney,10.5,17,10,9,5,3,11,25,44.0,14,9,1,8,13,30,43,0
1313,Giorgi Mamardashvili,13.0,2,2,2,0,0,2,2,100.0,0,0,0,0,0,2,8,1
1314,Wilson Manafa,1.1,3,2,2,0,1,3,5,60.0,2,0,0,0,1,4,1,1
1315,Hianga Mananga Mbock,0.1,1,0,0,0,1,1,2,50.0,1,0,0,0,1,2,0,0
1316,Gianluca Mancini,11.2,12,7,8,3,1,3,11,27.3,8,10,8,2,13,25,21,0
1317,Marco Mancosu,1.7,2,0,0,2,0,0,1,0.0,1,0,0,0,0,2,0,0
1318,Steve Mandanda,12.0,0,0,0,0,0,0,1,0.0,1,0,0,0,0,0,3,0
1319,Aissa Mandi,5.2,8,4,6,2,0,6,10,60.0,4,3,2,1,3,11,16,0
1320,Rolando Mandragora,5.6,6,3,2,3,1,2,7,28.6,5,6,1,5,2,8,4,0
1321,Orel Mangala,10.1,14,7,9,4,1,10,20,50.0,10,8,3,5,15,29,16,0
1324,Faitout Maouassa,0.3,1,1,1,0,0,1,1,100.0,0,0,0,0,0,1,0,0
1326,Solly March,6.2,19,14,9,7,3,8,14,57.1,6,5,0,5,11,30,8,0
1327,Riccardo Marchizza,12.0,6,6,3,3,0,2,12,16.7,10,9,2,7,7,13,26,0
1328,Gian Marco Ferrari,5.4,7,3,4,3,0,4,5,80.0,1,6,3,3,7,14,9,0
1329,Oscar de Marcos,10.4,23,19,13,7,3,17,28,60.7,11,13,3,10,4,27,12,0
1330,Jose Mari,0.2,2,1,0,2,0,1,2,50.0,1,0,0,0,0,2,0,0
1331,Pablo Mari,9.1,20,12,16,4,0,10,13,76.9,3,12,7,5,10,30,34,1
1332,Jose Maria Gimenez,4.0,2,1,1,1,0,1,1,100.0,0,4,4,0,1,3,24,0
1335,Rafa Marin,6.1,5,4,3,2,0,0,3,0.0,3,6,3,3,8,13,22,0
1336,Razvan Marin,7.7,15,7,5,6,4,10,16,62.5,6,7,0,7,1,16,16,0
1338,Guillermo Maripan,7.0,9,3,6,3,0,6,10,60.0,4,9,5,4,11,20,42,0
1339,Mika Marmol,10.5,22,16,12,10,0,10,11,90.9,1,13,6,7,11,33,42,0
1340,Omar Marmoush,8.3,8,3,4,3,1,4,7,57.1,3,2,0,2,6,14,5,0
1341,Marquinhos,1.0,2,2,2,0,0,1,2,50.0,1,4,2,2,3,5,0,0
1342,Marquinhos,8.9,6,5,3,2,1,3,6,50.0,3,15,9,6,11,17,34,0
1343,Agustin Martegani,4.4,4,2,1,1,2,3,9,33.3,6,1,0,1,3,7,2,1
1344,Eric Martel,7.6,13,8,6,7,0,8,17,47.1,9,19,5,14,11,24,23,0
1345,Roger Marti,8.0,5,4,1,4,0,1,3,33.3,2,11,1,10,4,9,1,0
1346,Anthony Martial,2.8,3,1,0,1,2,1,1,100.0,0,2,0,2,0,3,0,0
1347,Aaron Martin,3.9,4,2,1,3,0,2,5,40.0,3,4,1,3,4,8,3,0
1348,Ivan Martin,9.8,17,10,6,8,3,11,23,47.8,12,8,0,8,4,21,7,0
1349,Jonas Martin,3.6,13,8,5,7,1,7,11,63.6,4,3,0,3,0,13,4,0
1350,Gabriel Martinelli,8.0,7,6,2,4,1,1,5,20.0,4,5,0,5,3,10,1,0
1352,Arnau Martinez,7.1,14,10,10,3,1,6,12,50.0,6,8,3,5,4,18,21,1
1354,Inigo Martinez,5.0,5,4,5,0,0,3,3,100.0,0,8,7,1,3,8,20,0
1356,Lautaro Martinez,10.9,9,5,3,5,1,3,6,50.0,3,13,1,12,11,20,4,0
1357,Lisandro Martinez,4.2,7,6,6,1,0,4,11,36.4,7,4,2,2,2,9,11,0
1358,Lucas Martinez Quarta,10.0,31,19,20,9,2,13,20,65.0,7,16,5,11,13,44,25,1
1359,Adam Marusic,11.1,18,13,10,8,0,11,20,55.0,9,9,4,5,9,27,17,1
1360,Marvin,4.6,10,4,4,6,0,3,5,60.0,2,6,1,5,4,14,2,0
1361,Omar Mascarell,4.2,4,1,2,2,0,3,8,37.5,5,2,1,1,7,11,10,0
1362,Erhan Masovic,8.7,30,20,19,9,2,17,31,54.8,14,14,6,8,3,33,20,0
1363,Roberto Massimo,0.7,1,0,1,0,0,1,2,50.0,1,0,0,0,0,1,1,0
1364,Clinton Mata,7.1,11,8,6,3,2,5,8,62.5,3,7,4,3,14,25,10,0
1365,Jaime Mata,6.1,10,8,7,1,2,6,11,54.5,5,8,0,8,4,14,9,0
1366,Pape Matar Sarr,9.2,15,12,3,9,3,9,16,56.3,7,9,4,5,8,23,12,0
1367,Eliot Matazo,1.1,3,1,0,3,0,2,4,50.0,2,1,1,0,3,6,0,0
1368,Jean-Philippe Mateta,4.3,4,2,2,2,0,1,1,100.0,0,2,0,2,1,5,3,0
1369,Nemanja Matic,9.0,15,8,5,8,2,8,10,80.0,2,13,6,7,25,40,16,0
1370,Joel Matip,6.9,10,5,5,4,1,6,9,66.7,3,8,5,3,8,18,35,0
1372,Chrislain Matsima,3.3,9,7,5,3,1,2,7,28.6,5,4,1,3,4,13,4,0
1373,Alan Matturro,0.9,1,1,1,0,0,1,1,100.0,0,3,1,2,2,3,3,0
1374,Azor Matusiwa,9.5,25,16,14,10,1,15,23,65.2,8,12,2,10,17,42,21,1
1375,Neal Maupay,3.0,2,2,1,1,0,1,2,50.0,1,2,0,2,1,3,1,0
1376,Neal Maupay,1.2,0,0,0,0,0,0,1,0.0,1,2,0,2,0,0,1,0
1378,Aiman Maurer,0.4,1,1,1,0,0,1,1,100.0,0,0,0,0,0,1,0,0
1379,Konstantinos Mavropanos,1.0,1,0,1,0,0,1,1,100.0,0,2,1,1,2,3,5,0
1381,Philipp Max,6.9,12,7,4,6,2,10,15,66.7,5,9,0,9,3,15,9,0
1382,Eric Maxim Choupo-Moting,1.8,5,4,2,2,1,2,3,66.7,1,0,0,0,1,6,1,0
1384,Borja Mayoral,11.0,4,2,2,1,1,2,9,22.2,7,2,0,2,2,6,9,0
1385,Youssef Maziz,1.4,0,0,0,0,0,0,2,0.0,2,1,0,1,1,1,2,0
1386,Noussair Mazraoui,7.6,9,6,4,4,1,4,8,50.0,4,7,0,7,11,20,10,0
1387,Luca Mazzitelli,10.1,17,12,5,8,4,10,23,43.5,13,12,1,11,5,22,24,0
1388,Pasquale Mazzocchi,8.8,18,14,12,5,1,11,19,57.9,8,8,4,4,1,19,16,0
1389,Kevin Mbabu,3.6,8,6,5,2,1,5,6,83.3,1,3,1,2,4,12,3,0
1391,Kylian Mbappe,9.8,2,1,0,1,1,2,4,50.0,2,2,0,2,1,3,0,0
1392,Malick Mbaye,1.6,5,1,0,1,4,1,2,50.0,1,1,0,1,0,5,2,0
1393,Mamadou Mbaye,0.6,0,0,0,0,0,0,2,0.0,2,1,0,1,1,1,6,0
1394,Chancel Mbemba,10.0,15,10,13,1,1,9,11,81.8,2,11,8,3,10,25,46,0
1395,Nolan Mbemba,0.2,0,0,0,0,0,0,1,0.0,1,0,0,0,0,0,0,0
1396,Bryan Mbeumo,12.0,11,7,5,4,2,4,13,30.8,9,12,0,12,4,15,7,0
1397,Jordi Mboula,1.3,2,2,0,2,0,2,3,66.7,1,0,0,0,0,2,0,0
1398,James Mcatee,5.7,13,9,1,5,7,5,12,41.7,7,7,0,7,1,14,1,0
1400,Oliver McBurnie,4.8,5,1,1,3,1,1,3,33.3,2,9,1,8,2,7,9,0
1402,John McGinn,11.3,11,4,2,8,1,5,21,23.8,16,7,0,7,7,18,4,0
1404,Scott McKenna,4.6,4,0,3,1,0,2,3,66.7,1,6,4,2,5,9,27,0
1405,Weston McKennie,9.8,20,13,12,6,2,8,13,61.5,5,11,4,7,12,32,29,0
1406,Dwight McNeil,7.6,17,7,8,5,4,6,16,37.5,10,17,2,15,6,23,11,0
1407,Scott McTominay,5.8,13,7,8,4,1,6,9,66.7,3,9,4,5,6,19,11,0
1408,Facundo Medina,10.2,29,18,10,17,2,20,26,76.9,6,19,6,13,11,40,17,0
1409,Ben Mee,2.7,6,6,1,5,0,3,4,75.0,1,2,1,1,2,8,11,0
1410,Marvin Mehlem,9.6,17,12,5,8,4,7,17,41.2,10,13,2,11,20,37,11,0
1411,Bamo Meite,0.9,0,0,0,0,0,0,1,0.0,1,1,0,1,1,1,1,0
1412,Bamo Meite,1.6,2,1,2,0,0,0,1,0.0,1,3,2,1,3,5,9,0
1413,Hannibal Mejbri,1.3,3,3,1,2,0,1,3,33.3,2,1,1,0,0,3,0,0
1414,Oscar Melendo,7.5,12,5,4,8,0,3,10,30.0,7,9,0,9,2,14,1,1
1415,Gonzalo Melero,6.8,6,3,4,2,0,3,8,37.5,5,5,1,4,1,7,4,0
1416,Birger Meling,0.2,1,1,1,0,0,1,1,100.0,0,1,0,1,0,1,0,0
1417,Arthur Melo,9.2,21,16,6,12,3,13,21,61.9,8,14,1,13,5,26,4,0
1418,Memphis,1.5,2,1,0,1,1,1,1,100.0,0,0,0,0,0,2,0,0
1419,Houboulang Mendes,3.4,13,10,9,4,0,6,13,46.2,7,2,1,1,1,14,15,1
1421,Brais Mendez,11.0,20,13,7,9,4,8,25,32.0,17,9,2,7,3,23,5,0
1422,Diego Mendez,0.1,1,1,1,0,0,1,1,100.0,0,0,0,0,1,2,0,0
1424,Ferland Mendy,4.5,2,2,1,0,1,1,3,33.3,2,3,2,1,6,8,10,0
1425,Formose Mendy,6.0,12,7,12,0,0,10,17,58.8,7,9,4,5,11,23,34,0
1426,Nampalys Mendy,2.1,6,3,3,1,2,4,5,80.0,1,1,0,1,3,9,1,0
1427,Teden Mengi,5.7,11,4,7,4,0,5,9,55.6,4,11,5,6,14,25,26,0
1428,Chris Mepham,1.9,2,2,1,1,0,1,2,50.0,1,3,2,1,3,5,8,1
1430,Jorge Mere,3.6,3,3,2,1,0,1,3,33.3,2,4,3,1,4,7,22,0
1432,Mikel Merino,8.4,19,14,5,9,5,6,15,40.0,9,10,3,7,5,24,17,2
1433,Quentin Merlin,11.1,17,14,8,8,1,11,15,73.3,4,11,1,10,13,30,13,0
1436,Alexander Meyer,0.7,1,1,1,0,0,1,1,100.0,0,0,0,0,0,1,1,0
1437,Omenuke Mfulu,0.8,4,3,3,1,0,0,1,0.0,1,1,1,0,2,6,5,0
1438,Sven Michel,4.6,4,2,0,1,3,2,5,40.0,3,0,0,0,0,4,4,0
1440,Georges Mikautadze,2.9,1,1,0,1,0,0,1,0.0,1,1,0,1,1,2,0,0
1441,Nikola Milenkovic,10.3,17,9,9,8,0,8,17,47.1,9,11,6,5,6,23,28,1
1442,Lewis Miley,0.7,1,1,0,1,0,1,1,100.0,0,2,0,2,2,3,3,0
1443,Arkadiusz Milik,3.4,2,2,1,1,0,1,2,50.0,1,2,0,2,2,4,2,0
1446,Luis Milla,1.5,5,4,2,3,0,2,6,33.3,4,2,0,2,2,7,0,0
1447,Enzo Millot,7.9,12,6,2,7,3,6,10,60.0,4,8,1,7,5,17,4,0
1448,James Milner,3.9,8,7,5,3,0,3,5,60.0,2,5,0,5,5,13,11,0
1451,Kim Min-jae,10.6,13,6,7,4,2,6,13,46.2,7,16,7,9,15,28,35,1
1453,Takumi Minamino,7.6,14,9,3,6,5,7,19,36.8,12,8,0,8,3,17,3,0
1454,Lucas Mincarelli,0.1,1,1,0,1,0,1,1,100.0,0,0,0,0,0,1,0,0
1457,Oscar Mingueza,12.2,25,15,18,4,3,20,44,45.5,24,15,3,12,7,32,17,1
1458,Ignasi Miquel,12.5,20,13,17,3,0,11,18,61.1,7,9,6,3,9,29,52,0
1459,Rafa Mir,2.1,2,2,1,1,0,1,1,100.0,0,1,0,1,0,2,0,0
1460,Ignacio Miramon,0.4,1,0,0,1,0,0,1,0.0,1,1,0,1,0,1,0,0
1461,Aleksei Miranchuk,1.8,3,2,1,2,0,1,3,33.3,2,2,1,1,0,3,1,0
1462,Juan Miranda,7.2,8,6,3,3,2,3,5,60.0,2,11,2,9,8,16,26,0
1465,Fabio Miretti,5.1,4,4,2,2,0,3,9,33.3,6,5,1,4,2,6,2,0
1466,Filippo Missori,0.5,1,1,0,1,0,1,2,50.0,1,1,0,1,2,3,0,0
1467,Tyrick Mitchell,11.8,26,15,21,3,2,7,14,50.0,7,14,5,9,9,35,44,0
1468,Kaoru Mitoma,10.9,7,3,2,3,2,3,11,27.3,8,9,0,9,4,11,4,0
1470,Stefan Mitrovic,7.5,8,2,7,1,0,4,8,50.0,4,3,2,1,6,14,26,0
1471,Maximilian Mittelstadt,3.2,16,7,11,4,1,9,13,69.2,4,2,0,2,5,21,6,0
1472,Henrikh Mkhitaryan,10.2,25,13,7,14,4,7,15,46.7,8,5,1,4,14,39,11,0
1473,Luka Modric,4.9,3,1,1,1,1,1,2,50.0,1,4,3,1,5,8,4,0
1474,Terem Moffi,9.1,2,2,0,1,1,0,4,0.0,4,3,0,3,0,2,5,0
1475,Mostafa Mohamed,7.6,6,4,2,4,0,1,9,11.1,8,9,1,8,2,8,4,0
1476,Kudus Mohammed,4.1,11,8,3,6,2,5,6,83.3,1,8,0,8,1,12,2,0
1477,Dion Moise Sahi,2.9,3,3,0,2,1,0,2,0.0,2,6,1,5,1,4,3,0
1478,Johan Mojica,6.4,11,9,3,6,2,5,6,83.3,1,7,0,7,11,22,8,0
1479,Alberto Moleiro,1.6,2,2,2,0,0,1,4,25.0,3,3,0,3,1,3,1,0
1480,Nahuel Molina,7.9,15,9,6,7,2,9,17,52.9,8,6,0,6,3,18,15,0
1482,Florent Mollet,8.3,6,2,2,1,3,3,11,27.3,8,7,0,7,1,7,5,0
1483,Jon Moncayola,6.1,9,5,7,2,0,5,11,45.5,6,8,3,5,7,16,6,0
1484,Ilario Monterisi,8.5,9,7,7,2,0,5,6,83.3,1,16,14,2,4,13,36,0
1485,Cesar Montes,4.7,3,3,1,2,0,2,3,66.7,1,7,2,5,1,4,19,0
1486,Gonzalo Montiel,1.9,4,2,2,1,1,4,6,66.7,2,2,0,2,2,6,6,0
1487,Lorenzo Montipo,12.0,0,0,0,0,0,0,1,0.0,1,0,0,0,0,0,9,0
1490,Diego Moreira,0.7,0,0,0,0,0,0,1,0.0,1,0,0,0,1,1,2,0
1491,Alberto Moreno,4.9,7,4,5,1,1,2,6,33.3,4,2,0,2,3,10,11,0
1492,Gerard Moreno,9.1,12,4,4,3,5,6,12,50.0,6,8,3,5,4,16,9,0
1493,Manu Morlanes,4.0,15,11,6,8,1,7,13,53.8,6,3,0,3,4,19,4,0
1494,Nikola Moro,3.2,7,5,3,4,0,3,7,42.9,4,9,1,8,3,10,2,0
1495,Carlton Morris,11.2,4,3,1,1,2,2,5,40.0,3,8,0,8,0,4,15,0
1496,Cristhian Mosquera,9.2,20,13,8,10,2,8,12,66.7,4,9,3,6,14,34,29,2
1497,Dany Mota,5.8,1,0,0,0,1,0,1,0.0,1,2,0,2,0,1,4,0
1498,Lebo Mothiba,4.9,4,2,1,3,0,2,3,66.7,1,4,0,4,0,4,10,0
1499,Youssoufa Moukoko,1.5,2,0,2,0,0,1,2,50.0,1,2,1,1,1,3,0,0
1500,Steve Mounie,5.4,4,3,0,1,3,2,5,40.0,3,4,2,2,0,4,4,0
1501,Mason Mount,4.4,16,10,4,7,5,3,12,25.0,9,5,1,4,3,19,1,0
1502,Samuel Moutoussamy,6.6,14,8,5,7,2,8,14,57.1,6,11,2,9,6,20,7,0
1503,Mykhailo Mudryk,4.1,9,6,4,3,2,3,9,33.3,6,4,0,4,2,11,2,0
1504,Francois Mughe,1.8,0,0,0,0,0,0,3,0.0,3,2,0,2,0,0,1,0
1505,Joel Mugisha,2.0,5,3,3,1,1,3,7,42.9,4,1,0,1,2,7,1,0
1506,Nordi Mukiele,2.3,6,3,3,3,0,4,6,66.7,2,2,1,1,4,10,9,0
1509,Andreas Muller,0.2,3,3,1,2,0,2,2,100.0,0,1,1,0,0,3,2,0
1510,Jannik Muller,4.0,8,4,7,1,0,5,8,62.5,3,5,3,2,5,13,19,0
1511,Kevin Muller,11.0,1,0,1,0,0,1,1,100.0,0,0,0,0,0,1,4,1
1512,Thomas Muller,3.7,8,7,0,3,5,6,12,50.0,6,7,0,7,0,8,2,0
1513,Abdul Mumin,4.0,5,2,5,0,0,3,4,75.0,1,10,8,2,3,8,28,0
1514,Marshall Munetsi,9.9,23,14,5,15,3,13,26,50.0,13,10,3,7,3,26,11,0
1515,Iker Muniain,3.4,3,0,1,2,0,1,1,100.0,0,3,0,3,0,3,0,0
1516,Rodrigo Muniz,1.5,0,0,0,0,0,0,2,0.0,2,1,0,1,1,1,2,0
1517,Aihen Munoz,10.4,26,15,16,7,3,17,26,65.4,9,14,6,8,8,34,26,0
1518,Iker Munoz,4.7,9,8,3,6,0,5,11,45.5,6,2,1,1,3,12,13,0
1519,Javier Munoz,9.0,8,1,4,4,0,5,14,35.7,9,16,3,13,8,16,9,0
1520,Luis Muriel,2.1,2,2,0,2,0,1,1,100.0,0,1,0,1,1,3,0,0
1521,Murillo,5.8,9,5,7,2,0,3,6,50.0,3,6,3,3,5,14,35,0
1522,Vedat Muriqi,11.7,4,3,3,0,1,1,7,14.3,6,2,1,1,0,4,14,0
1524,Yunus Musah,6.8,11,6,7,2,2,1,4,25.0,3,3,1,2,6,17,4,1
1525,Jamal Musiala,5.1,9,7,2,7,0,5,10,50.0,5,7,1,6,2,11,2,0
1526,Juan Musso,8.0,1,0,1,0,0,1,1,100.0,0,0,0,0,0,1,5,0
1528,Junior Mwanga,3.8,13,5,8,4,1,3,4,75.0,1,3,1,2,7,20,2,0
1529,Phillipp Mwene,3.4,4,2,2,1,1,2,4,50.0,2,4,0,4,4,8,7,0
1530,Vitaliy Mykolenko,8.0,32,20,19,12,1,16,27,59.3,11,12,3,9,14,46,27,0
1531,Joakim Maehle,10.7,22,10,14,5,3,14,24,58.3,10,17,1,16,12,34,27,0
1532,Obite N'Dicka,8.8,16,8,6,9,1,5,9,55.6,4,11,4,7,5,21,28,0
1534,Kevin N'Doram,6.8,5,2,2,2,1,4,8,50.0,4,6,3,3,11,16,22,0
1535,Joseph N'Duquidi,4.3,6,1,3,3,0,1,7,14.3,6,6,2,4,7,13,8,0
1536,Nathan N'Goumou,5.4,16,12,9,6,1,8,16,50.0,8,9,0,9,2,18,9,0
1537,Stanley N'Soki,0.3,1,0,0,1,0,1,2,50.0,1,0,0,0,0,1,5,0
1538,Nacho,4.2,7,5,2,5,0,3,6,50.0,3,8,6,2,4,11,8,0
1540,Marvelous Nakamba,11.8,38,22,24,12,2,23,40,57.5,17,18,3,15,10,48,8,1
1541,Keito Nakamura,5.3,15,7,7,4,4,11,22,50.0,11,10,2,8,1,16,2,0
1542,Nahitan Nandez,7.4,7,5,5,1,1,4,14,28.6,10,5,1,4,4,11,7,0
1543,Matija Nastasic,8.0,7,3,3,4,0,4,5,80.0,1,12,6,6,6,13,33,0
1544,Natan,6.0,9,8,6,3,0,4,6,66.7,2,8,7,1,4,13,18,0
1545,Roberto Navarro,2.1,8,2,0,7,1,2,3,66.7,1,1,0,1,2,10,1,0
1546,Jesus Navas,8.0,21,15,11,8,2,15,24,62.5,9,6,3,3,11,32,13,0
1548,Youssouf Ndayishimiye,10.8,9,5,3,6,0,2,8,25.0,6,13,7,6,8,17,31,1
1550,Iliman Ndiaye,6.6,4,4,0,2,2,2,7,28.6,5,6,1,5,2,6,2,0
1551,Rassoul Ndiaye,3.7,20,12,8,11,1,8,15,53.3,7,1,1,0,3,23,5,0
1552,Cher Ndour,0.3,2,2,0,2,0,1,2,50.0,1,0,0,0,0,2,0,0
1553,Dan Ndoye,7.1,14,6,10,4,0,7,20,35.0,13,8,1,7,1,15,7,0
1554,Loic Nego,7.0,15,10,7,7,1,6,12,50.0,6,5,1,4,10,25,6,0
1556,Reiss Nelson,0.7,2,1,1,0,1,2,3,66.7,1,0,0,0,0,2,2,0
1558,Pedro Neto,9.8,4,2,1,1,2,4,11,36.4,7,4,1,3,3,7,2,0
1560,Luca Netz,7.7,11,7,6,4,1,4,11,36.4,7,15,4,11,8,19,27,0
1562,Florian Neuhaus,5.5,5,5,2,3,0,3,11,27.3,8,4,3,1,6,11,6,0
1563,Carlos Neva,12.4,12,6,8,3,1,9,17,52.9,8,15,4,11,4,16,35,1
1565,Cyril Ngonge,8.1,6,6,2,1,3,3,7,42.9,4,2,0,2,1,7,0,0
1566,Moussa Niakhate,5.0,14,10,13,1,0,6,8,75.0,2,6,3,3,3,17,15,0
1567,Shamar Nicholson,6.0,2,1,0,2,0,0,2,0.0,2,3,1,2,0,2,6,0
1568,Rasmus Nicolaisen,12.0,21,13,18,3,0,11,17,64.7,6,20,15,5,9,30,74,0
1569,Moritz Nicolas,9.0,0,0,0,0,0,0,1,0.0,1,0,0,0,0,0,3,0
1571,Saul Niguez,7.0,32,18,15,13,4,18,26,69.2,8,17,4,13,3,35,21,0
1572,Rasmus Nissen,6.0,14,7,8,4,2,11,16,68.8,5,12,2,10,1,15,15,0
1573,Justin Njinmah,2.1,1,0,0,1,0,0,1,0.0,1,2,0,2,0,1,2,0
1574,Eddie Nketiah,8.5,6,3,1,3,2,1,4,25.0,3,11,0,11,3,9,3,0
1575,Niels Nkounkou,2.4,7,6,4,3,0,4,7,57.1,3,6,0,6,3,10,4,0
1576,Felix Nmecha,6.7,13,9,3,6,4,8,13,61.5,5,9,0,9,8,21,11,0
1577,Arnaud Nordin,3.1,2,0,1,1,0,1,3,33.3,2,3,0,3,1,3,2,0
1578,Oliver Norwood,9.8,28,19,12,13,3,14,29,48.3,15,13,4,9,12,40,28,0
1579,Randy Ntekja,3.3,4,1,1,2,1,2,4,50.0,2,4,1,3,1,5,3,0
1580,Ernest Nuamah,5.2,6,2,4,1,1,2,9,22.2,7,2,0,2,2,8,1,0
1581,Alexander Nubel,11.0,1,1,1,0,0,1,1,100.0,0,0,0,0,0,1,4,1
1582,Matheus Nunes,2.0,3,1,3,0,0,2,6,33.3,4,0,0,0,6,9,1,0
1583,Matheus Nunes,2.2,4,2,0,3,1,2,6,33.3,4,2,1,1,0,4,5,0
1584,Darwin Nunez,6.7,7,6,1,2,4,2,8,25.0,6,8,2,6,0,7,3,0
1586,Unai Nunez,13.0,15,8,6,9,0,4,13,30.8,9,12,9,3,23,38,72,0
1587,Fabian Nurnberger,8.7,18,13,15,3,0,16,29,55.2,13,5,1,4,11,29,16,0
1589,Gerzino Nyamsi,11.0,16,12,11,5,0,10,14,71.4,4,16,9,7,10,26,40,0
1591,M'Bala Nzola,7.7,6,4,0,1,5,2,3,66.7,1,5,0,5,0,6,13,0
1592,Christian Norgaard,11.4,30,19,13,14,3,14,35,40.0,21,18,2,16,16,46,23,0
1594,Dara O'Shea,7.5,6,3,4,2,0,3,6,50.0,3,14,11,3,14,20,36,1
1596,Adam Obert,4.2,9,4,4,4,1,4,7,57.1,3,9,4,5,9,18,17,0
1599,Lucas Ocampos,9.7,20,14,5,8,7,5,13,38.5,8,12,0,12,7,27,4,0
1601,Wilson Odobert,1.8,3,3,0,1,2,3,5,60.0,2,2,0,2,0,3,1,0
1604,Chiedozie Ogbene,8.5,12,8,6,6,0,7,10,70.0,3,4,1,3,2,14,12,1
1605,Angelo Ogbonna,1.3,1,0,1,0,0,1,1,100.0,0,5,3,2,1,2,8,0
1606,Florent Ogier,3.9,4,2,4,0,0,2,4,50.0,2,8,6,2,4,8,11,2
1608,Caleb Okoli,7.6,13,6,5,8,0,7,13,53.8,6,11,11,0,3,16,36,2
1610,Joseph Okumu,8.3,19,12,13,6,0,9,20,45.0,11,6,2,4,14,33,47,0
1613,Olasagasti,0.4,2,1,1,1,0,1,2,50.0,1,0,0,0,2,4,1,0
1614,Finn Ole Becker,2.7,2,2,1,1,0,1,5,20.0,4,7,1,6,0,2,3,0
1616,Michael Olise,0.3,0,0,0,0,0,0,1,0.0,1,1,0,1,1,1,0,0
1617,Mathias Olivera,7.8,27,15,19,6,2,12,21,57.1,9,13,1,12,8,35,14,0
1618,Dani Olmo,3.1,2,0,1,1,0,1,2,50.0,1,1,0,1,3,5,2,0
1620,Warmed Omari,9.4,14,8,8,4,2,6,14,42.9,8,17,11,6,18,32,27,2
1621,Becir Omeragic,6.4,4,3,4,0,0,1,9,11.1,8,11,7,4,6,10,18,0
1623,Samuel Omorodion,5.3,3,1,0,3,0,0,1,0.0,1,4,1,3,1,4,3,0
1624,Samuel Omorodion,0.9,1,1,0,1,0,1,1,100.0,0,0,0,0,0,1,0,0
1625,Amadou Onana,10.2,28,16,11,11,6,10,19,52.6,9,9,0,9,5,33,10,0
1628,Karim Onisiwo,7.4,8,3,1,3,4,3,6,50.0,3,10,2,8,1,9,1,0
1630,Frank Onyeka,4.2,11,8,3,7,1,4,8,50.0,4,3,0,3,6,17,8,0
1631,Lois Openda,9.2,0,0,0,0,0,0,2,0.0,2,3,0,3,2,2,4,0
1632,Christopher Operi,7.2,18,11,9,9,0,11,18,61.1,7,12,0,12,10,28,9,0
1633,Leon Opitz,0.2,2,2,1,1,0,2,3,66.7,1,0,0,0,0,2,0,0
1634,Willi Orban,3.0,7,4,2,5,0,4,5,80.0,1,4,1,3,2,9,14,0
1635,Ivan Ordets,8.4,4,2,0,3,1,1,2,50.0,1,14,8,6,19,23,42,0
1638,Gaetano Oristanio,5.4,6,4,2,3,1,0,3,0.0,3,1,0,1,4,10,2,0
1639,Aimar Oroz,11.9,14,7,3,9,2,4,16,25.0,12,15,0,15,5,19,4,0
1640,Riccardo Orsolini,8.0,7,3,6,0,1,3,15,20.0,12,10,2,8,4,11,10,0
1642,Ben Osborn,3.1,5,1,0,3,2,4,6,66.7,2,7,0,7,0,5,9,0
1643,Gabriel Osho,2.6,3,2,1,2,0,2,2,100.0,0,3,2,1,4,7,16,0
1644,Victor Osimhen,6.9,4,2,0,1,3,1,2,50.0,1,1,1,0,0,4,5,0
1646,Patrick Osterhage,3.6,8,5,0,7,1,0,4,0.0,4,5,0,5,4,12,5,0
1648,Dango Ouattara,2.5,8,4,5,1,2,2,4,50.0,2,3,0,3,2,10,4,0
1649,Kassoum Ouattara,0.1,1,1,0,0,1,1,1,100.0,0,0,0,0,0,1,0,0
1650,Remi Oudin,2.8,1,1,1,0,0,0,1,0.0,1,3,0,3,4,5,3,0
1652,Azzedine Ounahi,3.7,7,3,2,4,1,1,7,14.3,6,0,0,0,3,10,0,0
1653,Adam Ounas,1.4,2,1,1,1,0,2,5,40.0,3,1,0,1,3,5,0,0
1654,Mikel Oyarzabal,9.6,8,7,2,4,2,3,11,27.3,8,9,0,9,2,10,6,0
1655,Anthony Oyono,10.2,30,19,18,11,1,19,29,65.5,10,15,2,13,7,37,27,0
1656,Salih Ozcan,4.8,8,4,5,3,0,5,8,62.5,3,7,1,6,6,14,2,0
1657,Bertug Ozgur Yildirim,2.5,2,2,0,1,1,0,1,0.0,1,1,0,1,0,2,3,0
1658,Cenk Ozkacar,6.5,12,7,9,3,0,8,14,57.1,6,7,2,5,5,17,25,1
1659,David Ozoh,0.0,1,0,0,1,0,1,1,100.0,0,0,0,0,0,1,0,0
1660,Jon Pacheco,3.5,3,3,3,0,0,1,3,33.3,2,6,4,2,2,5,14,0
1661,Willian Pacho,11.0,26,16,16,10,0,14,18,77.8,4,16,6,10,17,43,51,0
1662,Goncalo Paciencia,2.6,3,1,1,0,2,2,3,66.7,1,0,0,0,0,3,3,0
1665,Riccardo Pagano,0.6,2,2,1,1,0,0,6,0.0,6,3,2,1,0,2,2,0
1666,Pablo Pagis,1.8,10,6,5,4,1,6,10,60.0,4,2,0,2,3,13,1,0
1667,Exequiel Palacios,9.7,25,14,8,13,4,11,24,45.8,13,14,0,14,19,44,8,1
1668,Isaac Palazon Camacho,10.9,14,6,3,6,5,5,17,29.4,12,9,0,9,7,21,21,0
1669,Joao Palhinha,9.2,52,25,35,12,5,36,58,62.1,22,19,2,17,17,69,16,0
1670,Nicolas Pallois,4.8,8,2,3,3,2,3,5,60.0,2,8,6,2,6,14,31,0
1672,Cole Palmer,6.6,5,4,3,0,2,3,7,42.9,4,3,0,3,6,11,1,0
1673,Emerson Palmieri,11.0,27,16,14,8,5,12,17,70.6,5,14,2,12,15,42,31,0
1675,Matondo-Merveille Papela,0.4,0,0,0,0,0,0,1,0.0,1,0,0,0,2,2,0,0
1676,Leart Paqarada,8.9,16,8,8,7,1,7,18,38.9,11,14,5,9,9,25,18,1
1677,Lucas Paqueta,10.8,29,22,18,9,2,11,25,44.0,14,9,0,9,10,39,11,1
1678,Aitor Paredes,10.8,4,2,3,1,0,3,7,42.9,4,11,7,4,8,12,37,0
1679,Kevin Paredes,3.1,8,3,5,3,0,4,6,66.7,2,7,0,7,9,17,3,0
1680,Leandro Paredes,9.1,18,12,9,8,1,11,29,37.9,18,6,0,6,9,27,12,0
1681,Daniel Parejo,11.6,16,12,6,10,0,8,14,57.1,6,7,2,5,5,21,10,3
1682,Fabiano Parisi,8.5,17,7,6,6,5,10,16,62.5,6,17,4,13,11,28,12,0
1684,Thomas Partey,2.8,6,5,5,1,0,4,6,66.7,2,2,1,1,4,10,2,0
1685,Mario Pasalic,3.8,2,0,0,2,0,2,2,100.0,0,7,2,5,1,3,9,0
1687,Felix Passlack,4.8,10,7,4,5,1,7,13,53.8,6,6,1,5,5,15,10,0
1688,Patric,6.0,4,2,4,0,0,2,6,33.3,4,5,2,3,2,6,12,0
1690,Rui Patricio,12.0,0,0,0,0,0,0,1,0.0,1,0,0,0,0,0,1,1
1691,Nathan Patterson,5.9,18,14,12,6,0,9,21,42.9,12,10,2,8,6,24,17,0
1692,Gabriel Paulista,9.2,7,4,6,1,0,5,10,50.0,5,9,4,5,16,23,42,0
1693,Benjamin Pavard,4.5,10,6,3,7,0,4,5,80.0,1,9,5,4,9,19,10,0
1695,Aleksandar Pavlovic,1.3,6,5,4,2,0,4,6,66.7,2,4,0,4,1,7,2,0
1697,Martin Payero,4.8,9,7,2,4,3,3,12,25.0,9,4,0,4,3,12,7,0
1699,Mads Pedersen,7.5,13,9,7,5,1,5,9,55.6,4,8,1,7,6,19,21,0
1700,Marcus Pedersen,3.5,7,5,6,1,0,4,5,80.0,1,4,1,3,3,10,10,0
1701,Alfonso Pedraza,5.7,12,5,11,1,0,4,7,57.1,3,7,3,4,5,17,9,0
1702,Pedri,3.1,5,3,0,5,0,1,5,20.0,4,4,0,4,2,7,2,0
1703,Pedro,3.3,10,8,3,5,2,2,3,66.7,1,6,0,6,1,11,1,0
1704,Adria Pedrosa,6.6,18,9,11,6,1,6,9,66.7,3,9,2,7,6,24,20,0
1705,Jordan Pefok,5.0,1,1,0,1,0,0,2,0.0,2,6,2,4,1,2,9,0
1707,Pietro Pellegri,3.2,3,1,1,2,0,1,4,25.0,3,0,0,0,0,3,2,0
1708,Lorenzo Pellegrini,3.5,10,5,3,6,1,6,9,66.7,3,2,0,2,2,12,3,0
1709,Luca Pellegrini,2.0,3,3,2,1,0,2,5,40.0,3,3,2,1,1,4,3,0
1711,Facundo Pellistri,1.3,2,2,1,1,0,0,2,0.0,2,4,0,4,1,3,3,0
1712,Andy Pelmard,11.0,20,14,15,5,0,13,15,86.7,2,16,6,10,6,26,19,1
1713,Ruben Pena,9.4,24,16,11,9,4,10,25,40.0,15,13,2,11,12,36,19,1
1714,Pepin,1.5,2,0,1,1,0,0,1,0.0,1,4,2,2,0,2,2,0
1716,Alberto Perea,0.0,0,0,0,0,0,0,2,0.0,2,0,0,0,0,0,0,0
1717,Andreas Pereira,8.7,6,1,0,1,5,1,9,11.1,8,4,1,3,1,7,6,0
1718,Danilo Pereira,5.5,7,4,6,0,1,1,4,25.0,3,9,9,0,8,15,26,0
1719,Mathias Pereira Lage,1.4,1,0,0,1,0,1,3,33.3,2,3,1,2,0,1,2,0
1720,Pedro Pereira,1.4,2,1,1,1,0,1,5,20.0,4,4,1,3,1,3,5,0
1721,Roberto Pereyra,5.7,7,2,4,3,0,4,9,44.4,5,5,1,4,2,9,2,0
1722,Ayoze Perez,11.0,27,19,6,18,3,8,22,36.4,14,18,1,17,12,39,10,0
1723,Carles Perez,2.4,3,2,1,1,1,2,4,50.0,2,4,0,4,2,5,1,0
1724,Francisco Perez,9.7,10,4,4,5,1,4,17,23.5,13,8,0,8,5,15,1,0
1725,Kike Perez,4.0,13,6,6,6,1,5,10,50.0,5,5,0,5,3,16,4,0
1726,Nehuen Perez,12.0,29,18,16,12,1,15,20,75.0,5,18,8,10,9,38,42,0
1729,Ivan Perisic,1.1,3,2,1,1,1,3,5,60.0,2,1,0,1,2,5,1,0
1730,Romain Perraud,1.1,5,5,4,1,0,3,5,60.0,2,3,0,3,2,7,3,0
1731,Lucas Perrin,9.0,19,12,13,6,0,13,23,56.5,10,12,6,6,7,26,26,0
1732,Maximo Perrone,4.2,13,7,4,7,2,5,9,55.6,4,4,1,3,8,21,5,0
1734,Matteo Pessina,11.5,16,8,4,10,2,8,20,40.0,12,10,4,6,8,24,15,0
1735,Andrea Petagna,3.7,0,0,0,0,0,0,1,0.0,1,2,1,1,0,0,3,0
1737,Njegos Petrovic,1.0,4,2,3,1,0,2,3,66.7,1,2,0,2,0,4,3,0
1738,Jens Petter Hauge,1.1,1,1,0,0,1,1,4,25.0,3,4,1,3,0,1,0,0
1739,German Pezzella,11.7,15,11,11,4,0,9,12,75.0,3,13,9,4,15,30,66,0
1740,Giuseppe Pezzella,3.7,11,8,7,3,1,9,13,69.2,4,12,4,8,0,11,9,0
1742,Luca Pfeiffer,7.9,5,1,0,3,2,2,5,40.0,3,3,1,2,1,6,10,0
1743,Patric Pfeiffer,3.6,9,5,5,3,1,5,5,100.0,0,6,3,3,5,14,13,0
1744,Maximilian Philipp,2.5,7,5,4,3,0,1,5,20.0,4,5,0,5,0,7,0,0
1747,Roberto Piccoli,0.4,1,1,0,0,1,1,1,100.0,0,0,0,0,0,1,0,0
1749,Florian Pick,2.1,3,3,2,0,1,2,3,66.7,1,2,0,2,2,5,0,0
1751,Amos Pieper,6.0,13,10,8,5,0,7,12,58.3,5,12,7,5,8,21,34,1
1752,Marvin Pieringer,4.7,5,4,1,3,1,2,7,28.6,5,10,2,8,4,9,3,0
1753,Ronael Pierre-Gabriel,5.5,14,8,11,2,1,5,7,71.4,2,13,4,9,7,21,22,0
1754,Andrea Pinamonti,10.3,3,3,0,1,2,1,6,16.7,5,5,1,4,0,3,7,0
1755,Ethan Pinnock,12.0,16,9,10,6,0,3,10,30.0,7,17,10,7,20,36,79,1
1756,Yeremi Pino,5.3,25,18,12,10,3,9,18,50.0,9,11,1,10,5,30,5,0
1757,Lorenzo Pirola,8.4,15,9,10,5,0,5,12,41.7,7,14,9,5,8,23,36,0
1758,Alassane Plea,8.4,9,6,4,4,1,3,9,33.3,6,6,0,6,0,9,2,0
1759,Tommaso Pobega,1.9,8,5,8,0,0,3,6,50.0,3,4,1,3,4,12,3,0
1760,Paul Pogba,0.6,1,1,0,1,0,1,1,100.0,0,0,0,0,1,2,1,0
1761,Matteo Politano,8.2,9,6,2,5,2,8,19,42.1,11,2,0,2,7,16,3,0
1762,Julien Ponceau,7.3,10,4,6,3,1,2,6,33.3,4,8,0,8,13,23,8,0
1763,Marin Pongracic,12.0,16,11,8,8,0,12,17,70.6,5,14,10,4,17,33,47,0
1764,Nick Pope,12.0,0,0,0,0,0,0,1,0.0,1,0,0,0,0,0,7,1
1765,Pedro Porro,11.0,39,27,22,11,6,27,54,50.0,27,27,6,21,7,46,35,1
1766,Portu,1.1,5,3,4,0,1,5,6,83.3,1,0,0,0,0,5,0,0
1768,Portu,2.1,4,4,0,3,1,1,5,20.0,4,2,0,2,1,5,0,0
1769,Stefan Posch,5.7,20,9,10,8,2,13,20,65.0,7,6,3,3,5,25,10,0
1770,Yussuf Poulsen,5.8,5,4,0,3,2,2,6,33.3,4,6,1,5,2,7,9,0
1771,Alejandro Pozo Pozo,4.2,4,3,2,1,1,1,6,16.7,5,1,0,1,1,5,8,0
1772,Benat Prados,1.5,6,3,4,2,0,4,8,50.0,4,3,1,2,1,7,5,0
1773,Matteo Prati,6.4,16,9,4,11,1,8,13,61.5,5,8,0,8,4,20,6,0
1774,Abdon Prats,3.9,2,2,0,1,1,0,2,0.0,2,0,0,0,1,3,2,0
1775,Sanjin Prcic,1.0,0,0,0,0,0,0,1,0.0,1,2,1,1,3,3,1,0
1776,Grischa Promel,10.1,20,14,6,8,6,10,21,47.6,11,8,1,7,4,24,16,0
1777,Ivan Provedel,12.0,0,0,0,0,0,0,1,0.0,1,0,0,0,0,0,7,0
1778,Pubill,3.0,14,7,9,4,1,8,13,61.5,5,4,3,1,4,18,9,0
1780,Antonio Puertas,5.4,8,5,3,4,1,4,9,44.4,5,3,0,3,4,12,3,0
1781,Arnau Puigmal,2.5,2,1,1,1,0,1,3,33.3,2,2,0,2,3,5,1,0
1782,Christian Pulisic,7.3,9,8,4,2,3,5,6,83.3,1,4,0,4,3,12,3,0
1783,George Puscas,1.0,0,0,0,0,0,0,2,0.0,2,0,0,0,0,0,1,0
1784,Jarrell Quansah,1.3,4,3,3,1,0,2,3,66.7,1,0,0,0,3,7,7,0
1786,Adrien Rabiot,11.0,27,15,9,16,2,19,28,67.9,9,13,4,9,11,38,13,0
1787,Uros Racic,2.6,5,2,2,3,0,0,3,0.0,3,6,2,4,2,7,5,0
1788,Nemanja Radonjic,4.0,1,1,0,0,1,1,3,33.3,2,3,0,3,0,1,0,0
1791,Hamza Rafia,7.0,20,15,4,15,1,3,11,27.3,8,16,1,15,7,27,5,0
1792,Antonio Raillo,2.0,3,2,1,2,0,2,2,100.0,0,6,3,3,4,7,6,1
1796,Jesuran Rak Sakyi,1.5,4,1,3,1,0,2,3,66.7,1,2,0,2,3,7,1,0
1797,Ivan Rakitic,10.1,21,12,6,8,7,9,13,69.2,4,7,3,4,7,28,9,0
1798,Ylber Ramadani,11.8,24,15,12,9,3,13,34,38.2,21,13,5,8,20,44,14,0
1799,Largie Ramazani,8.1,11,7,4,6,1,6,25,24.0,19,6,2,4,20,31,3,0
1800,Benito Ramirez,0.9,2,1,0,2,0,1,1,100.0,0,2,1,1,0,2,0,0
1801,Sandro Ramirez,3.9,4,4,1,3,0,1,2,50.0,1,3,0,3,0,4,4,0
1802,Chris Ramos,10.1,12,7,5,6,1,4,15,26.7,11,7,3,4,4,16,17,0
1803,Goncalo Ramos,6.7,11,6,4,3,4,4,10,40.0,6,3,1,2,0,11,7,0
1804,Sergio Ramos,4.0,3,3,1,1,1,1,2,50.0,1,5,5,0,6,9,18,0
1806,Aaron Ramsey,2.4,7,6,4,1,2,3,6,50.0,3,5,0,5,0,7,3,0
1807,Jacob Ramsey,0.6,4,2,3,1,0,1,3,33.3,2,2,0,2,1,5,0,0
1808,Luca Ranieri,4.7,2,2,2,0,0,2,2,100.0,0,8,6,2,8,10,12,0
1809,Filippo Ranocchia,2.6,8,7,3,5,0,5,10,50.0,5,6,1,5,0,8,6,0
1811,Raphinha,3.1,3,1,1,2,0,1,3,33.3,2,1,0,1,2,5,1,0
1812,Nicolai Rapp,0.8,3,2,2,1,0,2,2,100.0,0,2,0,2,2,5,8,0
1813,Elba Rashani,2.9,5,3,1,4,0,1,5,20.0,4,5,0,5,1,6,3,0
1814,Marcus Rashford,10.3,2,2,1,0,1,1,7,14.3,6,6,1,5,1,3,5,0
1815,Giacomo Raspadori,7.9,14,6,4,5,5,4,8,50.0,4,6,0,6,3,17,2,0
1816,Andrei Ratiu,1.9,5,2,2,2,1,4,7,57.1,3,1,0,1,0,5,2,0
1817,Raul,3.6,5,1,2,1,2,1,4,25.0,3,1,1,0,1,6,4,0
1818,David Raum,10.7,19,11,10,7,2,11,23,47.8,12,17,1,16,5,24,24,1
1821,Tim Ream,10.7,14,8,10,3,1,4,9,44.4,5,10,4,6,17,31,36,2
1822,Abderrahman Rebbach,2.5,2,2,0,0,2,2,6,33.3,4,2,0,2,1,3,1,0
1823,Nathan Redmond,1.0,2,1,0,0,2,1,2,50.0,1,0,0,0,0,2,1,0
1824,Harrison Reed,6.4,10,7,3,6,1,4,12,33.3,8,6,3,3,2,12,5,0
1825,Sergio Reguilon,2.9,6,3,2,1,3,4,10,40.0,6,3,0,3,2,8,4,0
1826,Bobby Reid,6.8,13,9,3,9,1,3,6,50.0,3,12,1,11,0,13,7,0
1827,Tijjani Reijnders,11.1,12,4,3,7,2,4,11,36.4,7,9,2,7,3,15,8,0
1828,Reinier,4.3,9,4,2,6,1,2,5,40.0,3,8,2,6,2,11,1,0
1829,Rocco Reitz,8.1,18,11,6,11,1,11,18,61.1,7,14,5,9,8,26,17,0
1831,Guillaume Restes,12.0,0,0,0,0,0,0,1,0.0,1,0,0,0,0,0,7,1
1832,Mateo Retegui,6.8,5,4,3,1,1,1,4,25.0,3,3,0,3,0,5,4,0
1833,Marco Reus,6.6,11,8,2,8,1,2,6,33.3,4,5,0,5,1,12,2,0
1834,Elvis Rexhbecaj,10.6,16,11,5,9,2,10,17,58.8,7,18,4,14,9,25,9,0
1835,Gio Reyna,1.4,5,4,2,2,1,2,2,100.0,0,3,0,3,1,6,4,0
1836,Chadi Riad,7.3,11,4,3,8,0,6,10,60.0,4,3,1,2,6,17,36,0
1837,Alexsandro Ribeiro,9.4,14,11,12,2,0,6,13,46.2,7,10,3,7,15,29,52,0
1838,Samuele Ricci,8.7,15,8,7,7,1,7,10,70.0,3,5,1,4,8,23,8,0
1839,Declan Rice,11.4,24,13,11,12,1,9,19,47.4,10,17,4,13,16,40,17,0
1841,Amir Richardson,6.1,12,6,5,5,2,3,9,33.3,6,12,4,8,9,21,19,0
1842,Richarlison,6.0,6,4,2,2,2,2,4,50.0,2,13,3,10,5,11,6,0
1843,Marco Richter,2.2,4,1,1,2,1,1,1,100.0,0,1,0,1,0,4,0,0
1844,Diego Rico,8.9,23,15,12,9,2,16,27,59.3,11,1,0,1,13,36,22,0
1846,Clemens Riedel,2.2,7,3,6,1,0,4,8,50.0,4,3,0,3,4,11,12,0
1847,Fabian Rieder,2.4,3,2,0,2,1,0,3,0.0,3,1,1,0,2,5,1,0
1848,Jairo Riedewald,1.0,3,1,0,1,2,1,2,50.0,1,0,0,0,2,5,0,0
1849,Manuel Riemann,11.0,1,0,1,0,0,1,1,100.0,0,0,0,0,1,2,6,0
1850,Luis Rioja,11.2,13,11,4,8,1,6,14,42.9,8,9,0,9,6,19,11,0
1851,Remy Riou,3.0,0,0,0,0,0,0,1,0.0,1,0,0,0,0,0,1,1
1852,Rodrigo Riquelme,5.0,6,3,4,2,0,4,9,44.4,5,5,0,5,1,7,4,0
1853,Mihailo Ristic,3.9,3,2,2,1,0,2,2,100.0,0,6,1,5,2,5,9,0
1854,Matt Ritchie,0.8,2,1,0,2,0,1,2,50.0,1,0,0,0,1,3,5,0
1856,Sergi Roberto,2.1,2,2,1,1,0,1,2,50.0,1,1,1,0,2,4,0,0
1857,Lucas Robertone,7.4,16,8,4,9,3,9,14,64.3,5,10,4,6,17,33,11,0
1858,Connor Roberts,8.2,10,4,5,3,2,6,13,46.2,7,7,5,2,4,14,20,2
1859,Andrew Robertson,8.0,15,11,11,3,1,10,17,58.8,7,6,3,3,8,23,21,0
1860,Antonee Robinson,11.0,25,16,15,6,4,15,31,48.4,16,15,1,14,23,48,29,1
1861,Jack Robinson,11.5,17,12,11,6,0,12,20,60.0,8,20,12,8,12,29,47,2
1862,Marc Roca,11.1,22,16,5,14,3,13,22,59.1,9,14,1,13,8,30,7,1
1863,Sebastian Rode,0.3,3,2,0,2,1,2,3,66.7,1,0,0,0,1,4,0,0
1864,Rodri,9.1,19,11,8,9,2,8,16,50.0,8,9,2,7,8,27,9,2
1865,Rodri,5.5,8,3,3,4,1,5,12,41.7,7,3,0,3,2,10,1,0
1866,Oscar Rodriguez Arnaiz,1.8,4,2,0,4,0,0,3,0.0,3,0,0,0,0,4,1,0
1867,Dani Rodriguez,10.4,22,11,8,10,4,12,18,66.7,6,11,3,8,4,26,5,0
1868,Guido Rodriguez,9.9,15,8,8,6,1,12,24,50.0,12,12,3,9,10,25,21,0
1869,Jay Rodriguez,3.3,4,2,2,0,2,2,4,50.0,2,4,1,3,1,5,4,0
1870,Kirian Rodriguez,11.7,20,14,9,10,1,9,26,34.6,17,14,1,13,8,28,5,0
1872,Miguel Rodriguez,0.8,1,0,0,0,1,1,1,100.0,0,0,0,0,1,2,0,0
1873,Ricardo Rodriguez,11.0,13,8,5,8,0,6,16,37.5,10,10,4,6,9,22,21,1
1874,Rodrygo,9.9,5,5,1,3,1,1,5,20.0,4,3,0,3,4,9,1,0
1875,Mads Roerslev,4.7,10,5,8,2,0,4,14,28.6,10,2,0,2,1,11,21,0
1876,Rogerio,3.5,2,2,2,0,0,1,2,50.0,1,7,1,6,2,4,6,0
1877,Merlin Rohl,4.8,9,4,5,3,1,3,12,25.0,9,8,1,7,1,10,9,0
1878,Alessio Romagnoli,12.0,8,5,2,6,0,4,6,66.7,2,14,9,5,14,22,47,0
1879,Simone Romagnoli,8.4,9,2,4,4,1,4,4,100.0,0,13,10,3,8,17,55,0
1880,Carlos Romero,1.9,5,2,3,0,2,4,7,57.1,3,2,0,2,1,6,5,0
1881,Cristian Romero,9.5,22,15,14,7,1,12,15,80.0,3,13,6,7,16,38,44,0
1882,Luka Romero,1.0,0,0,0,0,0,0,3,0.0,3,2,0,2,0,0,0,0
1883,Oriol Romeu,6.4,18,10,11,6,1,7,12,58.3,5,7,2,5,6,24,12,0
1884,Valentin Rongier,9.5,23,12,9,12,2,14,26,53.8,12,16,4,12,15,38,18,0
1885,Frank Ronstadt,0.2,0,0,0,0,0,0,1,0.0,1,1,0,1,1,1,1,0
1886,Marten de Roon,12.0,35,16,16,16,3,17,41,41.5,24,12,2,10,15,50,18,0
1887,Pablo Rosario,5.6,12,8,5,6,1,7,10,70.0,3,2,1,1,6,18,5,0
1888,Joe Rothwell,4.0,7,2,4,2,1,2,8,25.0,6,4,2,2,2,9,1,0
1889,Anthony Rouault,4.5,10,7,8,2,0,7,8,87.5,1,7,4,3,3,13,9,0
1890,Jerome Roussillon,2.4,5,2,3,2,0,2,2,100.0,0,4,1,3,1,6,3,0
1891,Nicolo Rovella,5.7,15,11,10,4,1,7,16,43.8,9,11,1,10,9,24,9,0
1892,Amir Rrahmani,6.5,8,7,3,5,0,7,10,70.0,3,7,4,3,5,13,13,0
1893,Ruan,5.2,6,2,2,3,1,1,4,25.0,3,5,3,2,11,17,20,1
1894,Pelly Ruddock Mpanzu,5.7,5,1,1,4,0,2,4,50.0,2,5,2,3,5,10,6,1
1895,Antonio Rudiger,11.5,9,6,5,1,3,6,9,66.7,3,10,9,1,4,13,39,0
1898,Daniele Rugani,4.8,1,0,0,1,0,0,1,0.0,1,6,2,4,5,6,23,0
1899,Matteo Ruggeri,10.2,8,5,4,3,1,5,8,62.5,3,20,2,18,7,15,11,0
1900,Mario Rui,3.9,11,5,6,1,4,6,9,66.7,3,6,2,4,5,16,8,0
1901,Aitor Ruibal,2.7,8,3,3,4,1,6,12,50.0,6,1,0,1,3,11,3,0
1902,Fabian Ruiz Pena,5.7,19,11,8,8,3,13,19,68.4,6,6,2,4,3,22,6,0
1903,Sergio Ruiz,6.7,21,8,9,9,3,10,22,45.5,12,4,1,3,4,25,9,1
1904,Julian Ryerson,7.9,13,9,9,3,1,10,16,62.5,6,12,2,10,4,17,10,2
1907,Youssouf Sabaly,3.0,6,3,5,0,1,2,3,66.7,1,3,1,2,3,9,10,0
1908,Emmanuel Sabbi,2.8,6,1,3,2,1,4,10,40.0,6,8,0,8,1,7,1,0
1909,Stefano Sabelli,8.9,19,8,11,8,0,6,13,46.2,7,10,1,9,8,27,14,0
1910,Marcel Sabitzer,6.8,12,7,6,6,0,7,14,50.0,7,13,6,7,5,17,11,0
1911,Falaye Sacko,10.7,21,13,10,9,2,15,22,68.2,7,15,6,9,18,39,25,0
1913,Alexis Saelemaekers,4.4,7,5,3,3,1,3,8,37.5,5,5,1,4,3,10,3,1
1914,Wesley Said,2.8,0,0,0,0,0,0,1,0.0,1,2,0,2,2,2,0,0
1915,Theo Sainte-Luce,1.8,10,3,6,3,1,6,10,60.0,4,3,3,0,2,12,11,0
1916,Bukayo Saka,10.5,25,15,8,7,10,9,20,45.0,11,19,1,18,3,28,5,1
1917,Mamadou Sakho,0.1,1,1,1,0,0,1,1,100.0,0,0,0,0,0,1,1,0
1918,Ibrahim Salah,2.7,5,4,0,2,3,3,3,100.0,0,2,0,2,4,9,2,0
1919,Mohamed Salah,11.6,9,6,0,2,7,4,12,33.3,8,5,1,4,1,10,0,0
1921,Kike Salas,1.9,5,4,3,1,1,3,5,60.0,2,1,1,0,4,9,10,0
1922,William Saliba,12.0,10,4,7,3,0,7,8,87.5,1,12,6,6,9,19,25,1
1924,Roland Sallai,6.8,5,2,3,0,2,2,8,25.0,6,9,1,8,3,8,12,0
1925,Yoann Salmier,10.0,14,7,7,5,2,8,10,80.0,2,13,8,5,15,29,36,0
1926,Salvi,0.3,0,0,0,0,0,0,4,0.0,4,0,0,0,1,1,0,0
1927,Lazar Samardzic,9.4,8,4,4,3,1,3,12,25.0,9,7,3,4,3,11,6,0
1929,Mama Samba Balde,3.9,4,2,0,1,3,1,4,25.0,3,0,0,0,1,5,1,1
1931,Albert Sambi Lokonga,1.4,1,0,0,1,0,1,1,100.0,0,0,0,0,0,1,0,0
1932,Junior Sambia,0.6,1,1,1,0,0,1,2,50.0,1,0,0,0,0,1,2,0
1933,Fede San Emeterio,1.5,3,2,2,1,0,1,4,25.0,3,3,2,1,1,4,1,0
1936,Oihan Sancet,8.8,7,5,1,2,4,3,10,30.0,7,3,1,2,2,9,1,0
1937,Renato Sanches,1.1,2,1,1,1,0,2,3,66.7,1,1,0,1,0,2,1,0
1938,Ricard Sanchez,10.1,10,4,3,3,4,3,6,50.0,3,9,0,9,8,18,21,0
1940,Antonio Sanchez,4.5,14,4,10,3,1,10,16,62.5,6,9,3,6,2,16,1,0
1942,Juanlu Sanchez,4.0,22,13,12,9,1,17,25,68.0,8,10,4,6,2,24,12,0
1943,Manu Sanchez,7.6,21,13,11,9,1,11,22,50.0,11,5,1,4,10,31,29,0
1945,Jadon Sancho,0.9,1,0,1,0,0,1,3,33.3,2,1,0,1,1,2,0,0
1946,Alex Sandro,2.0,2,1,0,2,0,1,1,100.0,0,2,1,1,5,7,5,0
1948,Leroy Sane,10.6,8,4,3,3,2,4,8,50.0,4,5,0,5,2,10,2,0
1951,Arouna Sangante,10.0,15,10,7,8,0,3,7,42.9,4,14,11,3,24,39,37,0
1952,Ibrahim Sangare,7.1,25,13,14,8,3,8,18,44.4,10,16,5,11,9,34,14,0
1953,Morgan Sanson,9.3,14,10,4,6,4,8,17,47.1,9,10,2,8,12,26,4,0
1954,Nicola Sansone,1.3,5,3,4,1,0,2,5,40.0,3,2,0,2,1,6,1,0
1955,Baptiste Santamaria,4.8,8,3,5,1,2,3,7,42.9,4,4,1,3,3,11,7,0
1957,Tiago santos,7.2,11,10,4,5,2,5,13,38.5,8,8,0,8,7,18,10,0
1958,Riccardo Saponara,1.8,2,0,1,0,1,0,2,0.0,2,3,0,3,0,2,0,0
1959,Pablo Sarabia,2.1,3,2,2,1,0,2,6,33.3,4,4,1,3,1,4,1,0
1962,Bouna Sarr,1.2,2,0,1,1,0,2,2,100.0,0,3,0,3,0,2,1,0
1963,Ismaila Sarr,7.3,6,3,1,4,1,0,9,0.0,9,9,3,6,7,13,2,0
1964,Martin Satriano,5.8,5,5,2,3,0,1,4,25.0,3,8,3,5,2,7,11,0
1965,Teji Savanier,10.4,8,7,1,4,3,3,16,18.8,13,12,1,11,7,15,5,0
1966,Stefan Savic,6.6,7,5,4,3,0,3,11,27.3,8,16,8,8,14,21,19,0
1967,Savio,11.5,15,11,5,8,2,4,8,50.0,4,17,0,17,4,19,5,1
1968,Saba Sazonov,1.4,3,3,2,1,0,1,1,100.0,0,2,2,0,1,4,7,0
1969,Joe Scally,8.1,18,13,5,11,2,9,14,64.3,5,13,5,8,6,24,31,0
1970,Giorgio Scalvini,9.0,24,14,16,8,0,8,12,66.7,4,23,8,15,20,44,25,0
1971,Gianluca Scamacca,5.6,4,4,2,1,1,3,4,75.0,1,2,0,2,1,5,2,0
1972,Kevin Schade,2.9,2,1,1,1,0,0,3,0.0,3,0,0,0,1,3,3,0
1973,Fabian Schar,12.0,17,13,13,3,1,7,12,58.3,5,10,8,2,11,28,42,0
1976,Stefan Schimmer,0.5,0,0,0,0,0,0,3,0.0,3,1,0,1,1,1,3,0
1977,Xaver Schlager,9.7,35,21,15,18,2,9,21,42.9,12,12,2,10,7,42,8,0
1978,Keven Schlotterbeck,5.0,5,2,5,0,0,2,2,100.0,0,10,7,3,4,9,19,0
1979,Nico Schlotterbeck,10.0,20,14,9,10,1,13,21,61.9,8,11,4,7,13,33,28,2
1980,Jeffrey Schlupp,8.4,17,10,7,8,2,6,8,75.0,2,9,1,8,3,20,14,0
1981,Romano Schmid,9.8,14,7,4,8,2,8,19,42.1,11,15,1,14,1,15,9,1
1982,Kenneth Schmidt,0.8,2,2,2,0,0,2,4,50.0,2,1,0,1,1,3,2,0
1983,Niklas Schmidt,7.0,21,15,8,12,1,9,15,60.0,6,8,5,3,4,25,8,0
1984,Benno Schmitz,4.8,9,4,7,2,0,6,13,46.2,7,8,1,7,2,11,9,0
1985,Fabian Schnellhardt,1.4,2,0,1,1,0,1,3,33.3,2,1,0,1,3,5,5,0
1986,Jan Schoppner,2.3,6,1,3,3,0,4,8,50.0,4,0,0,0,3,9,6,0
1988,Perr Schuurs,8.6,20,12,11,8,1,3,9,33.3,6,10,2,8,9,29,23,0
1990,Alex Scott,2.1,1,1,1,0,0,1,3,33.3,2,2,1,1,2,3,1,0
1992,Jeremy Sebas,0.4,1,0,1,0,0,1,1,100.0,0,0,0,0,0,1,0,0
1993,Demba Seck,4.5,5,3,1,4,0,3,4,75.0,1,1,0,1,1,6,0,0
1994,Aleksandar Sedlar,10.5,14,10,10,4,0,10,16,62.5,6,8,4,4,13,27,43,0
1995,Alidu Seidu,9.1,23,16,11,12,0,15,22,68.2,7,8,4,4,16,39,21,0
1996,Nicolas Seiwald,1.4,10,6,6,3,1,4,6,66.7,2,4,1,3,1,11,0,0
1997,Davie Selke,7.9,2,1,1,1,0,0,1,0.0,1,2,1,1,0,2,14,0
1999,Nelson Semedo,10.7,29,17,22,4,3,14,20,70.0,6,14,5,9,13,42,29,0
2002,Antoine Semenyo,4.7,7,3,3,2,2,3,3,100.0,0,3,0,3,2,9,1,0
2003,Marvin Senaya,6.8,24,15,14,8,2,14,25,56.0,11,15,7,8,12,36,14,0
2004,Marcos Senesi,6.4,20,10,10,9,1,5,21,23.8,16,10,5,5,5,25,27,1
2005,Stefano Sensi,0.2,0,0,0,0,0,0,1,0.0,1,0,0,0,1,1,0,0
2006,Suat Serdar,2.1,6,4,2,3,1,0,2,0.0,2,1,0,1,2,8,4,0
2007,Benjamin Sesko,3.3,5,2,2,3,0,1,2,50.0,1,7,1,6,0,5,5,0
2008,Kevin Sessa,1.5,0,0,0,0,0,0,3,0.0,3,3,0,3,0,0,3,0
2010,Stephan El Shaarawy,5.4,5,3,4,1,0,0,3,0.0,3,4,1,3,0,5,5,0
2011,Luke Shaw,2.0,3,2,2,1,0,2,3,66.7,1,7,3,4,2,5,10,0
2012,Eldor Shomurodov,3.4,2,1,0,1,1,2,5,40.0,3,1,0,1,1,3,0,0
2013,Steven Shpendi,2.3,0,0,0,0,0,0,1,0.0,1,2,1,1,1,1,0,0
2014,Vincent Sierro,7.5,4,2,1,3,0,3,20,15.0,17,8,2,6,10,14,5,0
2015,Tim Siersleben,9.0,25,9,19,6,0,8,19,42.1,11,15,10,5,17,42,24,1
2016,Kiliann Sildillia,7.6,18,9,10,5,3,14,21,66.7,7,8,4,4,7,25,15,0
2017,Andre Silva,0.3,0,0,0,0,0,0,1,0.0,1,0,0,0,0,0,0,0
2018,Bernardo Silva,8.1,11,6,4,3,4,5,11,45.5,6,10,2,8,1,12,2,1
2019,Caio Henrique Oliveira Silva,5.9,12,6,3,6,3,6,9,66.7,3,7,1,6,3,15,8,0
2020,Fabio Silva,2.9,7,4,3,4,0,2,3,66.7,1,1,0,1,2,9,0,0
2021,Rui Silva,4.5,0,0,0,0,0,0,1,0.0,1,0,0,0,1,1,3,0
2022,Thiago Silva,12.0,13,5,11,1,1,10,15,66.7,5,11,9,2,11,24,46,0
2023,Marco Silvestri,12.0,0,0,0,0,0,0,3,0.0,3,1,0,1,0,0,4,2
2024,Mohamed Simakan,10.4,21,15,14,7,0,14,20,70.0,6,13,3,10,17,38,28,0
2025,Giovanni Simeone,2.9,3,0,1,0,2,1,7,14.3,6,4,0,4,0,3,2,0
2026,Moses Simon,10.9,2,1,0,2,0,1,2,50.0,1,7,1,6,3,5,4,0
2028,Unai Simon,13.0,0,0,0,0,0,0,1,0.0,1,0,0,0,0,0,6,0
2029,Xavi Simons,9.6,5,2,2,3,0,4,9,44.4,5,9,0,9,3,8,0,0
2030,Wilfried Singo,11.0,14,12,9,5,0,5,10,50.0,5,8,5,3,21,35,36,1
2031,Luis Sinisterra,1.4,6,3,3,2,1,2,4,50.0,2,2,0,2,2,8,0,0
2032,Daley Sinkgraven,1.6,3,2,2,1,0,0,5,0.0,5,2,1,1,2,5,3,0
2034,Ibrahima Sissoko,2.8,11,7,4,5,2,5,7,71.4,2,2,2,0,1,12,4,0
2036,Antonio Sivera,13.0,0,0,0,0,0,0,1,0.0,1,0,0,0,0,0,7,0
2037,Tim Skarke,7.6,7,5,5,1,1,4,10,40.0,6,5,1,4,4,11,5,0
2038,Ellyes Skhiri,11.0,20,12,7,10,3,9,19,47.4,10,19,2,17,16,36,26,1
2039,Oliver Skipp,2.0,7,4,4,3,0,2,3,66.7,1,4,0,4,0,7,0,0
2040,Leo Skiri Ostigard,7.5,14,6,8,6,0,3,5,60.0,2,6,5,1,8,22,26,0
2041,Lukasz Skorupski,12.0,1,1,1,0,0,1,1,100.0,0,0,0,0,0,1,5,0
2042,Robert Skov,6.7,11,6,7,4,0,8,19,42.1,11,10,1,9,6,17,11,1
2043,Milan Skriniar,11.0,17,14,11,6,0,10,15,66.7,5,13,7,6,8,25,22,0
2045,Chris Smalling,2.7,1,1,1,0,0,1,3,33.3,2,1,0,1,4,5,3,0
2046,Adam Smith,1.4,1,0,1,0,0,1,3,33.3,2,1,1,0,0,1,5,0
2047,Emile Smith Rowe,1.2,1,0,1,0,0,1,2,50.0,1,3,1,2,1,2,0,0
2048,Hrvoje Smolcic,2.5,4,0,4,0,0,3,4,75.0,1,2,0,2,3,7,16,0
2049,Danilo Soares,3.4,10,6,5,3,2,5,6,83.3,1,6,0,6,7,17,11,0
2051,Ruben Sobrino,4.1,13,8,7,5,1,7,15,46.7,8,7,1,6,4,17,5,0
2052,Emran Soglo,0.8,2,1,0,2,0,1,1,100.0,0,4,0,4,1,3,3,0
2054,Alex Sola,5.7,12,7,5,4,3,7,9,77.8,2,8,0,8,3,15,5,0
2056,Dominic Solanke,11.9,5,3,0,4,1,4,5,80.0,1,9,1,8,2,7,16,0
2058,Carlos Soler,3.2,4,3,0,1,3,2,8,25.0,6,3,1,2,2,6,3,0
2059,Jhon Solis,0.1,0,0,0,0,0,0,1,0.0,1,0,0,0,0,0,0,0
2060,Manor Solomon,2.2,3,3,1,1,1,1,2,50.0,1,4,0,4,3,6,2,0
2061,Yann Sommer,12.0,1,1,1,0,0,1,1,100.0,0,1,0,1,0,1,3,1
2062,Brandon Soppy,1.3,2,2,1,1,0,2,3,66.7,1,1,0,1,0,2,1,0
2066,Borna Sosa,0.5,0,0,0,0,0,0,1,0.0,1,0,0,0,0,0,0,0
2067,Hugo Sotelo,3.0,7,6,1,5,1,1,5,20.0,4,5,1,4,1,8,1,0
2068,Florian Sotoca,11.2,11,5,3,7,1,6,12,50.0,6,9,0,9,5,16,16,0
2069,Riccardo Sottil,2.7,4,3,1,1,2,0,2,0.0,2,3,0,3,1,5,0,0
2070,Tomas Soucek,9.0,14,10,2,11,1,6,14,42.9,8,13,9,4,10,24,30,0
2071,Matias Soule,9.5,20,14,8,9,3,8,16,50.0,8,16,2,14,7,27,4,0
2072,Boubakary Soumare,4.4,12,8,6,6,0,2,2,100.0,0,2,0,2,5,17,6,0
2073,Issa Soumare,2.6,2,0,2,0,0,0,4,0.0,4,0,0,0,0,2,2,0
2074,Vinicius Souza,10.3,38,17,15,14,9,13,24,54.2,11,17,4,13,13,51,24,0
2075,Djibril Sow,7.0,11,8,6,4,1,5,13,38.5,8,9,0,9,7,18,4,0
2077,Stijn Spierings,5.4,18,14,8,7,3,11,18,61.1,7,7,0,7,12,30,12,0
2078,Stijn Spierings,1.3,1,0,0,1,0,1,1,100.0,0,2,1,1,2,3,1,0
2080,Leonardo Spinazzola,8.0,9,4,5,4,0,6,12,50.0,6,5,1,4,1,10,7,0
2082,Anton Stach,6.9,22,11,16,5,1,13,22,59.1,9,7,3,4,19,41,14,0
2083,Anton Stach,1.9,3,0,2,0,1,2,4,50.0,2,5,0,5,2,5,5,0
2084,Jens Stage,10.0,17,6,10,6,1,4,13,30.8,9,13,6,7,9,26,10,0
2085,Josip Stanisic,1.8,3,2,2,1,0,2,3,66.7,1,1,0,1,3,6,4,0
2086,Carl Starfelt,12.0,12,10,10,1,1,5,10,50.0,5,19,15,4,14,26,80,2
2087,Niklas Stark,4.0,13,6,5,7,1,4,6,66.7,2,5,5,0,3,16,24,1
2088,Jason Steele,7.0,0,0,0,0,0,0,1,0.0,1,0,0,0,0,0,2,0
2089,Pascal Stenzel,6.6,11,6,3,7,1,8,22,36.4,14,11,3,8,9,20,18,0
2090,Leonidas Stergiou,0.2,3,2,2,1,0,2,2,100.0,0,0,0,0,0,3,1,0
2091,Raheem Sterling,11.0,11,6,5,2,4,7,17,41.2,10,4,0,4,4,15,2,0
2093,Angelo Stiller,0.9,0,0,0,0,0,0,1,0.0,1,2,0,2,0,0,3,0
2094,Angelo Stiller,9.0,20,12,7,12,1,12,21,57.1,9,11,5,6,11,31,6,0
2095,Kevin Stoger,9.6,20,14,8,9,3,11,28,39.3,17,10,0,10,9,29,5,0
2097,John Stones,2.9,2,1,1,0,1,0,1,0.0,1,2,0,2,2,4,4,0
2099,Jorgen Strand Larsen,11.1,7,4,0,7,0,4,14,28.6,10,4,1,3,2,9,5,0
2100,Gabriel Strefezza,7.8,14,11,6,4,4,7,12,58.3,5,11,0,11,4,18,5,0
2101,Kevin Strootman,5.5,20,9,8,10,2,8,16,50.0,8,9,3,6,2,22,9,0
2102,Cristhian Stuani,4.9,9,8,2,5,2,4,6,66.7,2,1,0,1,1,10,7,0
2103,Alex Suarez,11.8,25,17,16,8,1,15,17,88.2,2,9,6,3,10,35,46,0
2104,Damian Suarez,10.3,30,19,14,12,4,21,30,70.0,9,8,1,7,8,38,24,0
2106,Denis Suarez,1.5,0,0,0,0,0,0,2,0.0,2,2,2,0,0,0,4,0
2107,Gabriel Suazo,9.2,21,12,12,7,2,10,27,37.0,17,18,3,15,9,30,16,0
2108,Isaac Success,6.0,3,3,0,2,1,1,2,50.0,1,2,1,1,1,4,6,0
2109,Niklas Sule,4.6,4,4,3,1,0,2,2,100.0,0,11,6,5,4,8,16,1
2110,Ibrahim Sulemana,4.8,6,1,4,1,1,4,7,57.1,3,12,1,11,3,9,7,0
2111,Tomas Suslov,3.6,4,2,0,3,1,0,4,0.0,4,3,0,3,0,4,1,0
2112,Suso,6.8,10,7,6,4,0,3,7,42.9,4,2,0,2,3,13,0,0
2113,Mattias Svanberg,8.8,18,8,5,10,3,4,15,26.7,11,10,2,8,9,27,10,0
2114,Williot Swedberg,0.5,2,1,1,1,0,2,2,100.0,0,0,0,0,0,2,1,0
2115,Abakar Sylla,4.0,26,9,12,11,3,17,20,85.0,3,7,1,6,6,32,15,1
2117,Issiaga Sylla,8.0,15,9,9,4,2,8,18,44.4,10,5,1,4,11,26,20,0
2119,Attila Szalai,2.2,1,0,1,0,0,0,3,0.0,3,5,1,4,0,1,5,0
2121,Dominik Szoboszlai,11.7,14,10,3,6,5,7,30,23.3,23,24,1,23,7,21,11,1
2123,Alexander Sorloth,10.8,3,2,0,0,3,1,4,25.0,3,5,2,3,0,3,12,0
2124,Musa Al-Taamari,9.0,12,11,7,2,3,7,12,58.3,5,10,1,9,2,14,4,0
2125,Nicolas Tagliafico,9.9,24,12,11,10,3,12,23,52.2,11,10,4,6,7,31,18,0
2126,Jonathan Tah,10.8,11,6,7,4,0,4,10,40.0,6,16,13,3,4,15,48,0
2127,Montassar Talbi,12.0,18,8,12,5,1,10,17,58.8,7,20,12,8,20,38,53,0
2128,Adrien Tameze,7.9,8,6,2,5,1,5,14,35.7,9,12,5,7,17,25,5,0
2129,Renato Tapia,2.2,11,5,3,8,0,2,5,40.0,3,3,0,3,1,12,6,0
2130,Edmond Tapsoba,9.8,11,9,4,6,1,2,4,50.0,2,5,2,3,6,17,29,1
2132,Matt Targett,0.9,2,0,1,1,0,1,1,100.0,0,1,0,1,0,2,2,0
2133,Oussama Targhalline,1.0,2,2,2,0,0,1,2,50.0,1,3,0,3,2,4,1,0
2134,James Tarkowski,12.0,16,11,12,4,0,5,10,50.0,5,26,20,6,18,34,46,1
2136,Nuno Tavares,1.1,2,2,2,0,0,2,2,100.0,0,1,0,1,0,2,4,0
2137,Marcus Tavernier,6.9,18,10,9,6,3,8,13,61.5,5,10,1,9,2,20,5,0
2138,Charlie Taylor,9.0,12,6,6,6,0,9,16,56.3,7,13,6,7,7,19,27,0
2139,Loum Tchaouna,2.7,2,0,0,2,0,1,2,50.0,1,3,0,3,0,2,3,1
2140,Jackson Tchatchoua,0.8,3,1,3,0,0,2,3,66.7,1,4,1,3,2,5,1,0
2141,Enzo Tchato,0.3,1,1,1,0,0,1,1,100.0,0,1,1,0,0,1,0,0
2142,Aurelien Tchouameni,9.3,19,10,11,7,1,3,6,50.0,3,10,4,6,14,33,13,0
2145,Nahuel Tenaglia,1.1,2,2,2,0,0,2,3,66.7,1,0,0,0,1,3,8,0
2147,Filippo Terracciano,9.6,25,15,18,6,1,14,24,58.3,10,18,4,14,9,34,11,0
2148,Pietro Terracciano,10.0,0,0,0,0,0,0,1,0.0,1,1,0,1,0,0,1,0
2149,Ramon Terrats,5.1,7,5,2,5,0,1,7,14.3,6,3,0,3,1,8,2,0
2150,Martin Terrier,1.5,1,0,1,0,0,0,1,0.0,1,2,0,2,2,3,4,0
2151,Kenny Tete,4.7,9,6,6,3,0,3,5,60.0,2,2,1,1,7,16,18,0
2152,Benjamin Tetteh,1.9,2,2,0,2,0,2,4,50.0,2,0,0,0,0,2,1,0
2153,Teddy Teuma,7.8,19,15,4,8,7,10,23,43.5,13,11,2,9,9,28,2,0
2154,Florian Thauvin,7.3,5,2,2,2,1,4,10,40.0,6,3,0,3,0,5,1,0
2155,Arthur Theate,9.0,5,2,4,1,0,4,7,57.1,3,11,6,5,10,15,33,1
2156,Norman Theuerkauf,6.5,11,7,8,2,1,6,9,66.7,3,5,2,3,9,20,8,0
2158,Malick Thiaw,9.3,13,11,5,8,0,6,11,54.5,5,13,5,8,7,20,27,0
2159,Jan Thielmann,0.6,3,2,1,1,1,1,1,100.0,0,7,0,7,1,4,0,0
2160,Denis Thomalla,3.6,6,4,2,4,0,5,8,62.5,3,1,0,1,3,9,7,0
2161,Luke Thomas,8.0,13,7,8,4,1,7,11,63.6,4,21,4,17,7,20,25,0
2162,Adrien Thomasson,7.5,14,7,3,9,2,8,21,38.1,13,8,0,8,7,21,7,0
2163,Morten Thorsby,6.0,7,5,3,3,1,4,8,50.0,4,8,0,8,2,9,8,0
2164,Kristian Thorstvedt,5.1,6,1,0,6,0,3,6,50.0,3,6,2,4,7,13,7,0
2165,Khephren Thuram,8.1,14,12,3,8,3,7,17,41.2,10,8,3,5,5,19,6,0
2166,Marcus Thuram,10.0,7,5,3,3,1,1,5,20.0,4,6,0,6,2,9,4,0
2167,Cheikh Tidiane Sabaly,7.5,22,10,13,5,4,9,26,34.6,17,12,2,10,5,27,5,0
2168,Youri Tielemans,3.2,5,1,3,2,0,1,5,20.0,4,6,0,6,3,8,1,0
2169,Kieran Tierney,2.6,5,4,3,2,0,4,5,80.0,1,4,1,3,2,7,4,0
2170,Phillip Tietz,7.7,5,2,4,1,0,2,7,28.6,5,6,0,6,1,6,12,0
2173,Jean-Clair Todibo,10.7,22,12,11,8,3,11,21,52.4,10,18,8,10,15,37,34,0
2174,Harry Toffolo,4.4,8,2,7,1,0,6,10,60.0,4,10,5,5,6,14,12,0
2175,Umut Tohumcu,0.1,2,2,2,0,0,2,2,100.0,0,0,0,0,0,2,1,0
2176,Corentin Tolisso,7.0,18,13,2,8,8,9,19,47.4,10,7,2,5,4,22,9,0
2177,Jeremy Toljan,11.0,6,4,3,2,1,3,7,42.9,4,10,2,8,6,12,20,0
2178,Rafael Toloi,4.8,6,2,3,1,2,3,6,50.0,3,1,0,1,7,13,15,0
2179,Raul de Tomas,6.1,6,3,2,2,2,1,4,25.0,3,1,0,1,0,6,5,0
2180,Tiago Tomas,5.8,3,1,2,0,1,1,5,20.0,4,6,0,6,1,4,5,0
2181,Takehiro Tomiyasu,4.7,4,2,4,0,0,3,6,50.0,3,1,0,1,6,10,13,0
2184,Fikayo Tomori,10.7,18,11,16,2,0,9,17,52.9,8,13,9,4,17,35,33,0
2185,Sandro Tonali,4.9,7,7,4,2,1,3,9,33.3,6,3,0,3,2,9,4,0
2186,Pablo Torre,1.4,0,0,0,0,0,0,2,0.0,2,1,0,1,0,0,2,0
2187,Raul Torrente,6.5,14,9,9,5,0,10,13,76.9,3,7,3,4,5,19,28,2
2188,Ferran Torres,6.4,3,2,1,1,1,3,9,33.3,6,4,0,4,2,5,4,0
2189,Oliver Torres,5.7,11,5,4,4,3,5,16,31.3,11,12,0,12,0,11,0,0
2190,Pau Torres,11.7,12,7,8,4,0,6,16,37.5,10,12,4,8,5,17,27,0
2191,Lucas Torro,8.5,11,7,4,4,3,4,9,44.4,5,4,1,3,16,27,11,0
2192,Ahmed Touba,1.3,2,2,1,1,0,1,1,100.0,0,2,2,0,2,4,11,0
2193,Abdoulaye Toure,10.6,20,13,8,10,2,12,24,50.0,12,9,1,8,11,31,11,0
2194,Souleymane Toure,7.5,11,5,7,4,0,4,7,57.1,3,16,11,5,19,30,39,1
2195,Lucas Tousart,3.4,6,5,2,3,1,3,4,75.0,1,3,2,1,2,8,7,0
2196,Andros Townsend,1.9,8,7,3,1,4,6,8,75.0,2,2,0,2,2,10,2,0
2197,James Trafford,12.0,2,1,2,0,0,2,2,100.0,0,0,0,0,1,3,7,0
2198,Adama Traore,0.5,0,0,0,0,0,0,1,0.0,1,0,0,0,0,0,1,0
2200,Boubacar Traore,2.9,12,10,6,5,1,3,8,37.5,5,5,1,4,1,13,3,0
2201,Hamari Traore,11.2,21,13,13,6,2,13,24,54.2,11,10,2,8,12,33,20,0
2202,Ismael Traore,8.0,10,7,5,5,0,6,9,66.7,3,13,7,6,12,22,35,0
2203,Omar Traore,9.9,19,9,13,4,2,10,18,55.6,8,11,3,8,14,33,15,0
2205,Oscar Trejo,5.9,14,10,8,2,4,8,11,72.7,3,7,0,7,3,17,6,0
2206,Mike Tresor,2.5,4,2,4,0,0,3,7,42.9,4,1,0,1,0,4,1,0
2207,Manu Trigueros,1.2,1,1,1,0,0,1,3,33.3,2,0,0,0,1,2,2,0
2208,Christopher Trimmel,7.2,5,4,1,4,0,3,9,33.3,6,3,1,2,7,12,19,0
2210,Kieran Trippier,11.5,17,9,6,9,2,13,28,46.4,15,20,6,14,7,24,16,1
2211,Leandro Trossard,3.4,4,3,2,2,0,2,3,66.7,1,8,0,8,2,6,1,0
2212,Adrien Truffert,8.6,17,11,11,3,3,11,14,78.6,3,11,3,8,5,22,20,0
2213,Auston Trusty,5.2,16,10,11,4,1,3,7,42.9,4,7,4,3,6,22,26,1
2214,Kostas Tsimikas,3.0,6,3,3,2,1,2,5,40.0,3,4,0,4,1,7,2,0
2215,Viktor Tsyhankov,7.8,7,5,3,2,2,6,10,60.0,4,8,0,8,3,10,7,0
2218,Benat Turrientes,5.0,8,5,3,3,2,2,3,66.7,1,2,0,2,1,9,3,0
2219,Tuta,9.1,21,13,12,8,1,16,20,80.0,4,5,4,1,9,30,37,0
2220,Destiny Udogie,8.7,27,15,13,8,6,9,19,47.4,10,8,2,6,11,38,27,1
2221,Matthieu Udol,10.0,7,7,4,2,1,5,10,50.0,5,29,9,20,20,27,35,0
2222,Manuel Ugarte Ribeiro,7.0,33,21,6,19,8,13,27,48.1,14,6,0,6,10,43,5,1
2223,Lesley Ugochukwu,1.6,5,5,1,4,0,3,6,50.0,3,4,1,3,0,5,2,0
2224,Lukas Ullrich,0.2,1,0,1,0,0,1,3,33.3,2,0,0,0,0,1,1,0
2225,Sven Ulreich,8.0,1,0,1,0,0,1,1,100.0,0,0,0,0,0,1,3,2
2226,Samuel Umtiti,2.0,1,1,0,1,0,1,4,25.0,3,0,0,0,2,3,4,0
2227,Deniz Undav,4.4,5,1,2,1,2,2,4,50.0,2,2,0,2,1,6,1,0
2228,Dayot Upamecano,7.7,11,5,7,4,0,8,14,57.1,6,5,2,3,5,16,18,0
2229,Kacper Urbanski,0.3,1,1,0,1,0,1,2,50.0,1,0,0,0,0,1,0,0
2230,Mark Uth,1.5,2,1,0,1,1,1,4,25.0,3,2,0,2,1,3,0,0
2231,Myrto Uzuni,10.4,9,7,2,5,2,4,12,33.3,8,3,0,3,1,10,2,0
2233,Oscar Valentin,11.2,33,19,14,17,2,9,28,32.1,19,23,5,18,10,43,21,0
2234,Martin Valjent,11.5,17,11,12,5,0,10,15,66.7,5,16,7,9,19,36,50,1
2236,Jesus Vallejo,1.1,2,1,0,2,0,1,1,100.0,0,2,1,1,0,2,0,1
2237,Alvaro Valles,13.0,2,1,2,0,0,2,3,66.7,1,0,0,0,0,2,11,0
2238,Federico Valverde,11.4,18,14,9,6,3,11,14,78.6,3,6,1,5,16,34,11,0
2239,Kevin Van Den Kerkhof,4.4,10,7,4,3,3,2,8,25.0,6,5,2,3,2,12,7,0
2240,Siebe Van Der Heyden,2.6,9,2,7,2,0,4,6,66.7,2,1,1,0,6,15,12,0
2241,Virgil van Dijk,9.3,13,5,10,3,0,3,3,100.0,0,17,13,4,14,27,54,0
2242,Vanderson,6.5,17,10,2,8,7,10,22,45.5,12,9,0,9,9,26,8,0
2243,Raphael Varane,3.8,5,4,1,4,0,1,3,33.3,2,4,2,2,1,6,21,0
2244,Ruben Vargas,6.3,6,3,2,3,1,3,7,42.9,4,9,3,6,1,7,9,0
2245,Johan Vasquez,9.9,21,13,16,5,0,16,19,84.2,3,22,7,15,10,31,38,0
2246,Jose Luis Garcia Vaya,12.7,29,22,13,13,3,12,23,52.2,11,13,4,9,15,44,23,0
2248,Kevin Vazquez,2.9,4,4,2,2,0,3,9,33.3,6,4,1,3,3,7,15,0
2249,Lucas Vazquez,1.8,4,3,4,0,0,2,3,66.7,1,3,1,2,1,5,5,0
2250,Matias Vecino,3.2,5,3,0,5,0,2,5,40.0,3,5,2,3,3,8,5,0
2253,Milos Veljkovic,8.5,10,6,6,4,0,6,10,60.0,4,8,6,2,3,13,21,0
2254,Joel Veltman,7.7,24,19,11,10,3,14,24,58.3,10,7,5,2,7,31,22,1
2255,Micky van de Ven,10.5,18,12,12,4,2,8,10,80.0,2,7,5,2,4,22,33,0
2256,Lorenzo Venuti,0.7,1,1,1,0,0,1,1,100.0,0,3,2,1,2,3,5,0
2259,Jordan Veretout,7.8,18,11,11,5,2,8,15,53.3,7,9,4,5,6,24,10,0
2260,Mikel Vesga,8.3,20,9,5,13,2,9,21,42.9,12,9,2,7,14,34,18,1
2262,Guglielmo Vicario,12.0,0,0,0,0,0,0,1,0.0,1,0,0,0,0,0,11,0
2263,Nacho Vidal,0.7,4,4,2,1,1,2,2,100.0,0,2,0,2,0,4,3,0
2264,Fabio Vieira,2.7,3,2,2,0,1,3,3,100.0,0,0,0,0,2,5,1,0
2265,Jonathan Viera,6.9,6,3,1,2,3,1,9,11.1,8,0,0,0,0,6,1,0
2266,Samuele Vignato,3.7,5,4,1,3,1,2,3,66.7,1,2,0,2,0,5,1,0
2267,Oscar Vilhelmsson,3.5,5,3,0,3,2,2,2,100.0,0,4,1,3,1,6,2,0
2269,Gonzalo Villar,6.6,13,10,6,6,1,8,17,47.1,9,14,4,10,2,15,12,0
2270,Ivan Villar,9.3,0,0,0,0,0,0,1,0.0,1,0,0,0,0,0,5,0
2271,Matias Vina,9.1,31,18,19,7,5,17,32,53.1,15,11,1,10,8,39,28,0
2272,Carlos Vinicius,2.6,3,2,0,1,2,0,2,0.0,2,3,0,3,0,3,1,0
2273,Nicolas Viola,2.6,1,1,0,1,0,1,3,33.3,2,2,0,2,0,1,2,0
2274,Alan Virginius,0.8,1,1,1,0,0,0,1,0.0,1,0,0,0,0,1,0,0
2276,Mattia Viti,2.0,1,0,0,1,0,0,4,0.0,4,4,2,2,2,3,12,0
2277,Vitinha,5.0,8,4,3,1,4,1,8,12.5,7,4,1,3,3,11,1,0
2278,Vitinha,8.2,12,9,4,2,6,9,18,50.0,9,9,1,8,7,19,5,2
2279,Vitinho,4.7,5,5,3,2,0,3,9,33.3,6,5,1,4,2,7,10,1
2280,Daniel Vivian,12.8,14,10,12,2,0,13,20,65.0,7,19,10,9,11,25,48,0
2282,Dusan Vlahovic,6.4,1,1,0,0,1,0,2,0.0,2,0,0,0,0,1,5,0
2283,Nikola Vlasic,8.2,10,7,0,4,6,2,9,22.2,7,7,2,5,2,12,4,0
2285,Kevin Vogt,9.7,7,6,4,3,0,5,10,50.0,5,9,7,2,7,14,44,0
2286,Mergim Vojvoda,5.2,1,0,0,1,0,1,4,25.0,3,4,0,4,5,6,6,0
2288,Kevin Volland,1.9,6,2,1,1,4,1,2,50.0,1,1,0,1,1,7,1,0
2289,Cristian Volpato,0.7,1,1,0,1,0,0,1,0.0,1,1,0,1,0,1,0,0
2290,Aster Vranckx,2.9,6,2,4,0,2,4,6,66.7,2,1,1,0,5,11,2,0
2291,Stefan de Vrij,7.1,9,5,6,3,0,2,6,33.3,4,12,6,6,8,17,22,0
2293,Elye Wahi,5.1,1,0,0,1,0,0,2,0.0,2,1,0,1,0,1,0,0
2294,Walace,11.2,17,10,12,5,0,8,20,40.0,12,12,2,10,14,31,13,1
2295,Luca Waldschmidt,7.1,13,7,2,9,2,3,12,25.0,9,14,3,11,5,18,7,0
2296,Kyle Walker,12.0,15,8,6,8,1,7,14,50.0,7,9,2,7,6,21,15,1
2297,Sebastian Walukiewicz,5.8,8,6,8,0,0,6,10,60.0,4,14,6,8,7,15,31,0
2298,Aaron Wan-Bissaka,4.8,14,10,8,5,1,7,11,63.6,4,9,4,5,8,22,19,0
2299,Joel Ward,10.7,26,15,15,10,1,18,28,64.3,10,7,3,4,7,33,37,1
2300,James Ward-Prowse,10.7,13,9,5,7,1,5,13,38.5,8,13,4,9,14,27,18,0
2301,Deivid Washington,0.1,1,1,1,0,0,0,1,0.0,1,0,0,0,0,1,0,0
2302,Ollie Watkins,11.5,3,2,0,1,2,0,3,0.0,3,12,2,10,0,3,8,0
2303,Timothy Weah,4.6,9,7,5,2,2,6,8,75.0,2,6,1,5,3,12,9,0
2304,Adam Webster,6.0,9,9,7,2,0,5,13,38.5,8,6,3,3,5,14,23,1
2305,Wout Weghorst,8.1,8,5,3,4,1,5,7,71.4,2,12,4,8,1,9,8,0
2306,Julian Weigl,11.0,22,16,10,10,2,12,22,54.5,10,16,4,12,10,32,23,1
2307,Nelson Weiper,1.2,1,0,1,0,0,1,2,50.0,1,1,0,1,1,2,0,0
2308,Mitchell Weiser,10.4,25,11,10,12,3,12,22,54.5,10,15,2,13,1,26,12,0
2309,Noah Weisshaupt,3.1,0,0,0,0,0,0,3,0.0,3,4,0,4,4,4,4,0
2310,Shon Weissman,0.5,0,0,0,0,0,0,3,0.0,3,3,0,3,0,0,1,0
2311,Danny Welbeck,4.5,7,3,3,4,0,3,4,75.0,1,5,0,5,2,9,6,0
2314,Ben White,10.5,12,10,4,7,1,7,11,63.6,4,16,10,6,9,21,22,1
2315,Mateusz Wieteska,4.5,7,7,4,1,2,1,4,25.0,3,4,2,2,5,12,15,0
2316,Mateusz Wieteska,1.9,4,1,3,1,0,3,5,60.0,2,4,2,2,5,9,8,0
2317,Inaki Williams,12.7,10,7,3,2,5,5,12,41.7,7,18,3,15,4,14,13,0
2318,Neco Williams,1.4,9,4,8,0,1,5,9,55.6,4,3,1,2,7,16,2,0
2319,Nico Williams,8.0,9,3,4,1,4,3,12,25.0,9,9,1,8,0,9,2,0
2320,Willian,8.6,4,1,1,1,2,1,9,11.1,8,7,0,7,4,8,4,0
2321,Joe Willock,1.5,3,2,2,1,0,2,5,40.0,3,2,0,2,0,3,1,0
2322,Callum Wilson,5.4,2,2,0,0,2,0,1,0.0,1,3,0,3,0,2,1,0
2323,Harry Wilson,7.6,9,6,4,3,2,4,8,50.0,4,8,0,8,3,12,0,0
2324,Josh Wilson-Esbrand,4.3,5,4,2,3,0,2,8,25.0,6,5,2,3,6,11,7,0
2325,Patrick Wimmer,3.1,7,3,5,2,0,6,7,85.7,1,8,0,8,2,9,3,0
2326,Jonas Wind,10.7,3,2,1,0,2,3,8,37.5,5,5,2,3,1,4,8,0
2327,Florian Wirtz,9.2,6,3,2,2,2,3,10,30.0,7,7,0,7,1,7,1,0
2328,Yoane Wissa,11.0,10,8,4,5,1,0,7,0.0,7,12,2,10,5,15,7,0
2329,Axel Witsel,10.2,10,5,8,2,0,6,8,75.0,2,15,7,8,5,15,37,0
2330,Maximilian Wittek,4.2,8,7,3,5,0,4,9,44.4,5,5,0,5,3,11,9,0
2331,Maximilian Wober,10.7,24,10,17,7,0,8,16,50.0,8,24,14,10,25,49,52,0
2332,Marius Wolf,5.9,8,5,3,4,1,3,9,33.3,6,2,0,2,3,11,5,0
2333,Nick Woltemade,2.5,6,5,1,4,1,4,5,80.0,1,0,0,0,0,6,6,0
2334,Jeong Woo-yeong,3.8,6,4,2,4,0,3,5,60.0,2,3,0,3,5,11,0,0
2335,Chris Wood,2.8,1,1,0,1,0,0,1,0.0,1,1,0,1,1,2,5,0
2336,Cauley Woodrow,0.9,6,4,3,2,1,5,6,83.3,1,0,0,0,0,6,1,0
2338,Joe Worrall,4.9,7,5,6,1,0,3,6,50.0,3,5,4,1,3,10,27,1
2340,Xeber,3.0,4,4,2,2,0,2,6,33.3,4,1,0,1,1,5,2,0
2341,Granit Xhaka,10.7,14,9,6,8,0,6,15,40.0,9,14,3,11,9,23,13,0
2342,Abduqodir Xusanov,1.5,1,1,0,1,0,1,3,33.3,2,1,0,1,1,2,2,0
2343,Lamine Yamal,7.2,16,10,7,5,4,3,13,23.1,10,7,0,7,5,21,5,0
2346,Ryan Yates,4.1,13,7,8,3,2,3,6,50.0,3,14,4,10,6,19,13,0
2347,Yusuf Yazici,5.9,12,9,5,3,4,3,11,27.3,8,4,0,4,2,14,4,0
2348,Kelvin Yeboah,1.4,3,1,2,1,0,1,3,33.3,2,2,2,0,0,3,1,0
2349,Kenan Yildiz,0.5,1,1,0,1,0,0,1,0.0,1,0,0,0,0,1,0,0
2350,Darlin Yongwa,5.7,14,11,8,5,1,6,8,75.0,2,6,1,5,7,21,17,0
2351,Leny Yoro,9.6,18,13,14,2,2,10,14,71.4,4,6,3,3,13,31,36,1
2352,Ashley Young,10.2,17,11,11,4,2,10,23,43.5,13,9,3,6,9,26,20,2
2354,Illia Zabarnyi,12.0,16,11,7,8,1,6,16,37.5,10,19,13,6,13,29,43,3
2355,Mattia Zaccagni,8.6,13,10,6,7,0,2,7,28.6,5,10,1,9,12,25,4,0
2356,Dan-Axel Zagadou,8.3,11,6,8,3,0,1,3,33.3,2,11,10,1,11,22,41,1
2357,Warren Zaire-Emery,10.0,22,13,5,12,5,13,22,59.1,9,16,5,11,6,28,7,0
2358,Denis Zakaria,9.1,16,10,7,7,2,5,11,45.5,6,20,7,13,20,36,13,0
2359,Arsen Zakharyan,2.0,5,3,2,3,0,3,4,75.0,1,1,0,1,0,5,1,0
2360,Joseba Zaldua,0.7,3,2,2,1,0,2,3,66.7,1,2,2,0,0,3,3,0
2361,Nicola Zalewski,3.2,8,6,3,5,0,3,7,42.9,4,4,2,2,2,10,2,0
2362,Andre-Frank Zambo Anguissa,8.3,17,7,4,9,4,9,24,37.5,15,13,2,11,12,29,5,0
2363,Nicolo Zaniolo,4.7,5,3,2,2,1,3,8,37.5,5,9,0,9,1,6,5,0
2366,Duvan Zapata,7.6,1,1,0,1,0,0,2,0.0,2,5,1,4,2,3,3,0
2367,Duvan Zapata,1.2,0,0,0,0,0,0,1,0.0,1,0,0,0,0,0,1,0
2368,Gabriele Zappa,8.8,12,7,7,4,1,9,15,60.0,6,10,1,9,6,18,27,1
2369,Davide Zappacosta,7.1,4,4,1,1,2,2,8,25.0,6,9,2,7,0,4,8,0
2370,Bryan Zaragoza,10.4,10,5,6,3,1,4,13,30.8,9,2,0,2,1,11,2,0
2371,Anass Zaroury,1.4,0,0,0,0,0,0,4,0.0,4,1,0,1,0,0,1,1
2373,Mehdi Zeffane,4.4,8,7,4,3,1,3,12,25.0,9,2,1,1,6,14,9,0
2374,Jordan Zemura,4.5,14,9,7,5,2,4,9,44.4,5,3,1,2,4,18,4,0
2375,Robin Zentner,11.0,0,0,0,0,0,0,2,0.0,2,0,0,0,0,0,5,0
2376,Alessio Zerbin,0.1,0,0,0,0,0,0,3,0.0,3,0,0,0,0,0,0,0
2377,Cedric Zesiger,7.0,2,0,1,1,0,1,4,25.0,3,12,6,6,6,8,33,0
2380,Edon Zhegrova,8.0,7,4,2,4,1,4,7,57.1,3,7,0,7,1,8,4,0
2381,Piotr Zielinski,10.5,15,10,2,9,4,9,18,50.0,9,9,1,8,7,22,9,0
2383,Christoph Zimmermann,4.3,12,10,9,3,0,8,13,61.5,5,10,8,2,10,22,19,1
2384,Oleksandr Zinchenko,7.4,22,13,8,12,2,17,20,85.0,3,7,1,6,7,29,4,1
2385,Joshua Zirkzee,11.5,11,6,3,6,2,3,10,30.0,7,6,0,6,3,14,20,0
2386,Zito,9.3,3,2,3,0,0,0,3,0.0,3,7,0,7,0,3,0,0
2388,Nadir Zortea,1.4,5,4,3,1,1,1,4,25.0,3,2,0,2,1,6,2,0
2389,Kurt Zouma,11.0,7,6,4,3,0,2,3,66.7,1,14,7,7,14,21,64,0
2390,Igor Zubeldia,11.0,11,8,8,3,0,7,11,63.6,4,13,10,3,8,19,35,1
2392,Martin Zubimendi,11.9,20,9,6,13,1,8,18,44.4,10,9,3,6,17,37,26,0
2393,Martin Odegaard,8.7,18,5,3,12,3,7,18,38.9,11,9,0,9,3,21,1,0
2394,Milan Duric,6.3,1,0,0,0,1,0,2,0.0,2,0,0,0,0,1,7,0
2395,Mateusz Legowski,4.9,8,4,2,5,1,6,14,42.9,8,6,1,5,1,9,8,0
