,Player,90s,Tackles - Tkl,Tackles - TklW,Tackles - Def 3rd,Tackles - Mid 3rd,Tackles - Att 3rd,Challenges - Tkl,Challenges - Att,Challenges - Tkl%,Challenges - Lost,Blocks - Blocks,Blocks - Sh,Blocks - Pass,Int,Tkl+Int,Clr,Err
0,Max Aarons,6.8,16,10,12,4,0,12,17,70.6,5,8,4,4,3,19,13,0
1,Brenden Aaronson,1.8,6,4,1,4,1,4,6,66.7,2,3,0,3,0,6,0,0
3,Yunis Abdelhamid,7.0,13,5,8,5,0,3,10,30.0,7,13,7,6,6,19,27,0
4,Salis Abdul Samed,5.8,5,3,2,1,2,2,4,50.0,2,3,0,3,1,6,4,0
5,Laurent Abergel,7.0,19,8,10,8,1,9,27,33.3,18,10,2,8,18,37,11,1
7,Abner,4.5,6,5,5,1,0,6,11,54.5,5,10,3,7,5,11,17,0
8,Zakaria Aboukhlal,4.2,1,1,0,0,1,1,3,33.3,2,3,0,3,1,2,1,0
9,Abdel Abqar,5.0,3,0,3,0,0,2,5,40.0,3,6,6,0,5,8,28,0
10,Francesco Acerbi,4.0,3,2,2,1,0,1,1,100.0,0,2,2,0,9,12,9,0
11,Marcos Acuna,1.7,4,3,2,2,0,3,4,75.0,1,2,0,2,3,7,2,0
12,Benie Adama Traore,3.5,4,2,1,2,1,0,4,0.0,4,3,1,2,1,5,0,0
13,Akor Adams,6.2,4,1,1,1,2,1,2,50.0,1,1,0,1,2,6,3,0
14,Junior Adamu,0.4,4,0,1,1,2,1,2,50.0,1,0,0,0,0,4,0,0
15,Sargis Adamyan,1.6,3,2,0,2,1,1,2,50.0,1,2,0,2,0,3,2,0
18,Karim Adeyemi,2.2,3,3,2,1,0,0,5,0.0,5,3,0,3,2,5,0,0
19,Simon Adingra,2.6,6,4,2,2,2,5,10,50.0,5,1,0,1,4,10,1,0
20,Amine Adli,0.6,0,0,0,0,0,0,1,0.0,1,0,0,0,0,0,0,0
21,Yacine Adli,1.4,4,3,3,1,0,2,5,40.0,3,3,3,0,2,6,1,0
23,Michel Aebischer,6.1,4,3,1,3,0,3,6,50.0,3,7,2,5,4,8,5,0
24,Emmanuel Agbadou,3.7,9,8,6,3,0,5,7,71.4,2,8,5,3,7,16,20,0
27,Nayef Aguerd,5.7,6,1,4,2,0,5,7,71.4,2,16,13,3,10,16,32,1
28,Ruben Aguilar,2.7,5,3,2,2,1,2,4,50.0,2,4,0,4,5,10,4,0
29,Naouirou Ahamada,0.4,2,2,1,1,0,2,3,66.7,1,0,0,0,1,3,0,0
30,Anel Ahmedhodzic,7.0,15,10,12,1,2,11,16,68.8,5,15,11,4,8,23,25,0
31,Joseph Aidoo,4.5,8,3,6,2,0,4,8,50.0,4,3,1,2,4,12,28,0
32,Ola Aina,4.4,12,9,9,3,0,8,11,72.7,3,2,1,1,3,15,13,0
33,Rayan Ait Nouri,5.2,16,10,9,5,2,9,11,81.8,2,9,5,4,5,21,11,0
34,Tosin Aiyegun,2.2,2,1,0,1,1,1,1,100.0,0,1,1,0,0,2,1,0
35,Kristoffer Ajer,2.4,3,3,2,0,1,2,5,40.0,3,2,1,1,2,5,7,0
36,Ludovic Ajorque,2.5,1,1,0,1,0,1,2,50.0,1,1,0,1,0,1,2,0
37,Manuel Akanji,6.0,12,7,5,6,1,7,13,53.8,6,8,5,3,6,18,12,0
38,Nathan Ake,4.1,7,4,5,2,0,4,6,66.7,2,1,0,1,5,12,5,0
39,Ilias Akhomach,0.9,4,4,3,0,1,1,2,50.0,1,2,1,1,0,4,1,0
40,Sergio Akieme,7.0,7,4,6,0,1,3,5,60.0,2,4,2,2,4,11,12,0
41,Maghnes Akliouche,1.4,2,1,2,0,0,1,4,25.0,3,1,0,1,1,3,0,0
42,Paul Akouokou,0.3,5,3,0,2,3,3,3,100.0,0,3,1,2,1,6,1,0
43,Paul Akouokou,1.4,6,4,1,5,0,1,2,50.0,1,4,1,3,2,8,5,0
45,Kevin Akpoguma,1.0,4,2,2,1,1,2,2,100.0,0,6,2,4,1,5,4,0
46,David Alaba,6.4,5,3,2,3,0,2,3,66.7,1,5,3,2,7,12,14,0
47,Luis Alberto,7.0,13,7,9,3,1,7,19,36.8,12,12,2,10,2,15,2,0
48,Raul Albiol,5.1,7,5,4,3,0,4,6,66.7,2,7,5,2,7,14,24,0
49,Ruben Alcaraz,7.3,15,6,7,7,1,6,16,37.5,10,13,2,11,7,22,9,0
50,Omar Alderete,1.8,2,2,1,1,0,1,3,33.3,2,4,3,1,0,2,4,0
52,Ivan Alejo,5.6,11,5,6,3,2,2,11,18.2,9,4,0,4,1,12,4,0
53,Carles Alena,4.4,5,2,0,4,1,1,5,20.0,4,3,1,2,1,6,3,0
54,Trent Alexander-Arnold,3.8,6,5,5,1,0,3,8,37.5,5,2,0,2,3,9,11,2
55,Mohamed Ali Cho,2.0,4,3,3,1,0,2,6,33.3,4,5,0,5,1,5,0,0
56,Faride Alidou,1.3,2,1,0,2,0,1,2,50.0,1,1,0,1,3,5,1,0
57,Nabil Alioui,5.5,1,1,1,0,0,1,2,50.0,1,3,1,2,3,4,1,0
58,Alisson,7.0,0,0,0,0,0,0,1,0.0,1,0,0,0,0,0,2,0
59,Jim Allevinah,4.9,5,2,2,2,1,2,6,33.3,4,4,1,3,5,10,5,0
60,Domingos Andre Ribeiro Almeida,5.3,11,6,3,6,2,5,10,50.0,5,4,0,4,2,13,2,0
61,Miguel Almiron,5.4,7,4,2,3,2,4,10,40.0,6,8,0,8,5,12,3,0
62,Pontus Almqvist,6.8,11,10,3,6,2,5,13,38.5,8,8,0,8,4,15,5,0
63,Marcos Alonso,1.7,5,3,2,3,0,3,3,100.0,0,2,0,2,4,9,3,0
64,Sergi Altimira,1.0,5,4,4,1,0,4,7,57.1,3,3,0,3,2,7,3,0
65,Edson Alvarez,4.6,11,6,5,5,1,5,11,45.5,6,9,3,6,4,15,25,0
66,Gaston Alvarez,6.0,21,11,11,8,2,9,13,69.2,4,12,4,8,9,30,16,0
67,Julian Alvarez,6.6,6,4,2,1,3,2,7,28.6,5,7,0,7,1,7,1,0
68,Yeray Alvarez,2.0,5,5,4,1,0,1,2,50.0,1,2,2,0,3,8,11,0
69,Skelly Alvero,1.4,1,1,1,0,0,0,3,0.0,3,1,0,1,0,1,0,0
71,Selim Amallah,1.2,3,2,2,1,0,0,2,0.0,2,2,0,2,1,4,3,0
72,Amath,2.2,5,4,3,2,0,0,2,0.0,2,1,0,1,3,8,2,0
74,Zeki Amdouni,5.1,10,5,1,3,6,3,6,50.0,3,6,2,4,1,11,3,0
75,Bruno Amione,0.7,2,0,1,1,0,1,1,100.0,0,0,0,0,4,6,4,0
76,Michael Amir Murillo,1.0,1,1,1,0,0,1,3,33.3,2,0,0,0,2,3,4,0
78,Nadiem Amiri,0.1,2,0,0,2,0,0,2,0.0,2,0,0,0,0,2,0,0
79,Sofyan Amrabat,1.0,6,3,3,3,0,3,5,60.0,2,2,1,1,2,8,1,0
80,Joachim Andersen,7.0,11,7,9,1,1,6,8,75.0,2,9,5,4,6,17,44,0
81,Elliot Anderson,3.5,8,6,3,4,1,3,9,33.3,6,6,3,3,1,9,4,0
82,Felipe Anderson,5.2,10,7,4,4,2,6,15,40.0,9,8,0,8,7,17,2,0
83,Benjamin Andre,7.0,27,15,10,13,4,13,21,61.9,8,7,0,7,7,34,16,0
84,Komnen Andric,1.4,2,1,0,1,1,0,1,0.0,1,2,0,2,0,2,1,0
85,Robert Andrich,1.6,0,0,0,0,0,0,2,0.0,2,4,1,3,3,3,5,0
86,Miguel Angel Rubio,4.2,3,2,1,2,0,3,4,75.0,1,6,5,1,9,12,9,1
87,Fabrizio Angileri,0.8,0,0,0,0,0,0,2,0.0,2,0,0,0,1,1,4,0
88,Jaidon Anthony,1.7,3,1,1,0,2,1,7,14.3,6,3,0,3,1,4,3,0
89,Waldemar Anton,6.0,7,3,3,3,1,4,7,57.1,3,4,3,1,8,15,25,0
90,Michail Antonio,5.8,5,1,3,1,1,3,4,75.0,1,6,3,3,1,6,1,0
91,Antony,3.4,7,2,2,4,1,5,9,55.6,4,6,0,6,5,12,0,0
92,Christopher Antwi-Adjei,3.4,3,1,2,0,1,1,4,25.0,3,3,1,2,0,3,3,1
93,Houssem Aouar,2.0,5,5,2,3,0,0,2,0.0,2,2,0,2,3,8,0,0
94,Stredair Appuah,0.3,0,0,0,0,0,0,1,0.0,1,0,0,0,0,0,0,0
95,Mauro Arambarri,2.9,4,1,2,1,1,1,5,20.0,4,1,0,1,1,5,4,0
96,Julian Araujo,5.5,14,9,10,3,1,10,14,71.4,4,6,4,2,6,20,16,0
97,Ronald Araujo,2.5,4,3,2,1,1,1,1,100.0,0,2,0,2,3,7,3,0
98,Cameron Archer,3.7,2,1,1,0,1,0,1,0.0,1,3,1,2,0,2,0,0
100,Alphonse Areola,7.0,0,0,0,0,0,0,1,0.0,1,0,0,0,0,0,4,0
101,Jesus Areso,3.2,5,4,1,4,0,4,5,80.0,1,6,1,5,5,10,12,0
102,Jose Arnaiz,2.7,1,0,0,1,0,0,8,0.0,8,3,0,3,0,1,0,0
104,Hakon Arnar Haraldsson,3.3,2,2,0,2,0,0,7,0.0,7,0,0,0,1,3,2,0
105,Marko Arnautovic,1.2,1,0,1,0,0,1,1,100.0,0,1,0,1,0,1,1,0
106,Maximilian Arnold,4.3,7,5,1,4,2,4,6,66.7,2,3,0,3,3,10,12,0
108,Sergio Arribas,5.5,4,2,3,1,0,3,8,37.5,5,3,0,3,5,9,1,0
109,Kepa Arrizabalaga,6.0,0,0,0,0,0,0,1,0.0,1,0,0,0,0,0,4,0
110,Arthur,0.4,2,2,1,0,1,2,2,100.0,0,0,0,0,0,2,1,0
111,Takuma Asano,4.5,4,0,0,1,3,1,5,20.0,4,2,0,2,1,5,1,0
112,Marco Asensio,2.6,1,1,0,1,0,1,2,50.0,1,3,0,3,0,1,1,0
113,Kristjan Asllani,0.7,0,0,0,0,0,0,1,0.0,1,1,0,1,3,3,1,0
114,Joel Asoro,2.9,4,3,4,0,0,0,3,0.0,3,2,0,2,1,5,3,0
115,Iago Aspas,6.7,0,0,0,0,0,0,4,0.0,4,5,1,4,0,0,3,0
116,Lorenz Assignon,6.8,12,7,6,4,2,3,7,42.9,4,6,2,4,4,16,20,0
117,Youcef Atal,4.0,9,3,6,2,1,6,8,75.0,2,7,1,6,4,13,1,0
118,Valentin Atangana Edoa,0.9,3,2,1,1,1,2,4,50.0,2,2,0,2,0,3,1,0
119,Arthur Atta,0.9,2,2,0,0,2,0,1,0.0,1,1,0,1,0,2,3,0
121,Pierre-Emerick Aubameyang,6.1,3,1,0,2,1,1,5,20.0,4,3,0,3,2,5,6,0
122,Tommaso Augello,4.8,3,3,2,1,0,3,5,60.0,2,2,0,2,3,6,8,0
123,Yann Aurel Bisseck,0.1,0,0,0,0,0,0,1,0.0,1,0,0,0,0,0,0,0
124,Serge Aurier,5.4,10,7,6,4,0,3,7,42.9,4,6,0,6,3,13,18,0
125,Ezequiel Avila,3.4,1,0,0,0,1,1,3,33.3,2,5,0,5,2,3,3,0
126,Taiwo Awoniyi,5.4,3,2,0,2,1,0,1,0.0,1,3,0,3,0,3,6,0
127,Jordan Ayew,6.3,18,8,7,9,2,1,6,16.7,5,8,0,8,5,23,1,0
130,Sardar Azmoun,0.2,3,3,1,1,1,2,2,100.0,0,0,0,0,1,4,0,0
131,Cesar Azpilicueta,4.5,11,7,4,6,1,4,9,44.4,5,6,1,5,3,14,9,0
132,Paulo Azzi,2.7,5,4,3,2,0,1,4,25.0,3,2,1,1,3,8,4,0
133,Oussama El Azzouzi,1.9,4,2,1,2,1,2,5,40.0,3,2,1,1,3,7,3,0
134,Iddrisu Baba,5.5,18,13,11,7,0,5,14,35.7,9,5,1,4,8,26,5,1
135,Srdan Babic,1.0,2,2,0,2,0,1,1,100.0,0,1,1,0,0,2,2,0
137,Loic Bade,5.9,12,10,9,3,0,6,10,60.0,4,9,6,3,12,24,35,0
138,Milan Badelj,4.5,8,3,5,3,0,5,14,35.7,9,4,0,4,11,19,10,0
139,Matthias Bader,3.9,7,5,4,3,0,5,10,50.0,5,6,2,4,6,13,4,0
140,Alex Baena,6.3,7,5,2,1,4,2,7,28.6,5,5,0,5,2,9,2,0
141,Jaime Baez,4.0,4,1,0,2,2,0,5,0.0,5,4,0,4,4,8,1,0
142,Leon Bailey,2.3,0,0,0,0,0,0,2,0.0,2,1,0,1,2,2,2,0
143,Nedim Bajrami,4.5,3,1,1,1,1,1,4,25.0,3,1,1,0,4,7,1,0
144,Mitchel Bakker,0.3,1,0,1,0,0,0,1,0.0,1,0,0,0,0,1,1,0
145,Ridle Baku,2.9,5,3,4,1,0,3,8,37.5,5,6,0,6,4,9,8,0
146,Dilane Bakwa,2.7,0,0,0,0,0,0,4,0.0,4,1,0,1,1,1,1,0
147,Tommaso Baldanzi,5.6,2,2,0,1,1,2,3,66.7,1,5,0,5,2,4,0,0
148,Alejandro Balde,5.9,11,4,7,2,2,4,5,80.0,1,6,1,5,2,13,11,1
149,George Baldock,2.8,5,3,2,2,1,1,3,33.3,2,4,2,2,2,7,8,0
150,Carlos Baleba,0.2,4,2,2,1,1,0,1,0.0,1,0,0,0,0,4,0,0
151,Carlos Baleba,0.7,6,2,1,4,1,3,4,75.0,1,0,0,0,2,8,0,0
152,Leonardo Balerdi,2.3,2,2,2,0,0,2,3,66.7,1,4,1,3,5,7,14,0
153,Ivan Balliu,8.0,11,5,6,5,0,6,10,60.0,4,7,4,3,9,20,14,0
154,Folarin Balogun,2.1,2,1,0,2,0,1,2,50.0,1,0,0,0,1,3,0,0
156,Jonathan Bamba,7.8,5,4,2,1,2,0,3,0.0,3,8,0,8,4,9,6,0
157,Lameck Banda,3.4,7,7,3,3,1,2,5,40.0,3,4,0,4,1,8,3,0
158,Mamady Bangre,0.5,2,1,2,0,0,2,2,100.0,0,0,0,0,3,5,3,0
159,Mattia Bani,7.0,6,2,4,2,0,0,2,0.0,2,18,10,8,5,11,39,0
160,Leo Baptistao,0.9,2,1,0,1,1,1,5,20.0,4,2,1,1,1,3,1,0
164,Bradley Barcola,3.0,5,2,0,2,3,1,7,14.3,6,4,0,4,2,7,0,0
165,Bradley Barcola,2.1,9,3,5,1,3,1,5,20.0,4,2,0,2,3,12,1,0
166,Melvin Bard,6.7,19,9,6,7,6,7,14,50.0,7,10,0,10,12,31,9,0
167,Nicolo Barella,5.3,13,6,6,6,1,8,17,47.1,9,2,0,2,1,14,1,0
168,Kike Barja,2.0,3,1,1,1,1,2,4,50.0,2,1,1,0,1,4,0,0
169,Ross Barkley,1.6,0,0,0,0,0,0,1,0.0,1,1,0,1,2,2,2,0
170,Aymen Barkok,1.2,3,2,1,1,1,2,3,66.7,1,1,0,1,0,3,1,0
171,Harvey Barnes,2.1,1,0,0,1,0,0,1,0.0,1,0,0,0,1,2,0,0
172,Leandro Barreiro Martins,5.9,10,8,2,7,1,4,9,44.4,5,9,3,6,6,16,6,0
173,Enzo Barrenechea,5.4,12,11,4,7,1,8,16,50.0,8,7,2,5,8,20,14,0
174,Ander Barrenetxea,4.7,6,2,1,4,1,1,8,12.5,7,4,0,4,4,10,1,0
175,Pablo Barrios,3.3,11,6,3,8,0,5,10,50.0,5,5,0,5,11,22,4,1
177,Marc Bartra,2.5,4,3,3,1,0,4,5,80.0,1,3,1,2,3,7,10,0
178,Federico Baschirotto,5.6,3,1,3,0,0,1,1,100.0,0,9,5,4,3,6,21,0
179,Chris Basham,3.2,7,2,4,3,0,2,7,28.6,5,7,3,4,4,11,15,0
182,Alessandro Bastoni,5.3,13,11,11,0,2,6,12,50.0,6,4,3,1,7,20,4,0
183,Simone Bastoni,0.7,3,1,0,2,1,2,3,66.7,1,3,0,3,1,4,0,0
184,Maximilian Bauer,4.2,6,4,4,2,0,1,7,14.3,6,5,4,1,6,12,17,1
186,Christoph Baumgartner,0.9,1,1,1,0,0,0,1,0.0,1,3,0,3,0,1,1,0
188,Ihlas Bebou,4.1,8,5,4,2,2,3,5,60.0,2,3,0,3,4,12,3,0
189,Adrian Beck,1.7,3,2,0,2,1,2,2,100.0,0,1,0,1,1,4,1,0
190,Sheraldo Becker,2.8,1,1,0,0,1,0,1,0.0,1,1,0,1,0,1,2,0
192,Yanis Begraoui,1.1,3,2,1,2,0,2,6,33.3,4,1,0,1,3,6,0,0
193,Kevin Behrens,5.6,5,4,2,2,1,1,1,100.0,0,3,1,2,2,7,8,0
194,Maximilian Beier,3.6,0,0,0,0,0,0,4,0.0,4,2,0,2,0,0,4,0
196,Amari'i Bell,6.2,22,13,14,8,0,10,17,58.8,7,9,2,7,5,27,18,0
197,Stefan Bell,4.1,4,4,3,1,0,2,4,50.0,2,0,0,0,5,9,17,0
198,Raoul Bellanova,5.2,6,5,3,3,0,1,4,25.0,3,3,0,3,4,10,3,0
199,Jean-Ricner Bellegarde,1.3,3,2,1,2,0,1,2,50.0,1,3,1,2,0,3,1,0
200,Jean-Ricner Bellegarde,3.0,5,3,3,2,0,3,6,50.0,3,4,0,4,4,9,0,0
201,Hector Bellerin,4.0,6,3,4,2,0,4,9,44.4,5,3,2,1,6,12,7,0
202,Jude Bellingham,6.7,10,8,5,5,0,2,6,33.3,4,12,2,10,3,13,4,0
203,Jeanoel Belocian,2.0,7,4,5,2,0,5,6,83.3,1,0,0,0,6,13,9,0
204,Andrea Belotti,3.8,6,3,1,3,2,3,4,75.0,1,2,0,2,0,6,2,0
205,Fran Beltran,7.6,10,6,4,4,2,3,17,17.6,14,4,0,4,7,17,8,0
206,Lucas Beltran,2.7,6,4,1,3,2,3,5,60.0,2,7,0,7,0,6,2,0
208,Anis Ben Slimane,0.5,1,0,1,0,0,0,2,0.0,2,1,0,1,1,2,0,0
210,Carlos Benavidez,3.1,16,8,5,9,2,6,10,60.0,4,4,3,1,7,23,4,0
211,Said Benrahma,3.6,4,1,1,3,0,2,10,20.0,8,4,0,4,2,6,2,0
212,Ramy Bensebaini,5.2,15,11,10,4,1,11,16,68.8,5,9,5,4,7,22,15,0
213,Nabil Bentaleb,0.1,1,1,1,0,0,1,2,50.0,1,0,0,0,0,1,0,0
214,Domenico Berardi,4.9,7,3,4,2,1,2,7,28.6,5,5,0,5,5,12,2,0
215,Yuri Berchiche,5.2,7,6,3,3,1,3,7,42.9,4,3,2,1,3,10,11,0
216,Alex Berenguer,3.8,4,3,3,1,0,0,2,0.0,2,3,0,3,1,5,6,0
217,Bartosz Bereszynski,2.2,2,1,2,0,0,2,3,66.7,1,1,0,1,1,3,5,0
218,Johann Berg Gudmundsson,1.9,2,1,0,1,1,1,2,50.0,1,2,0,2,3,5,3,0
219,Sander Berge,4.7,8,4,5,2,1,7,11,63.6,4,8,4,4,2,10,6,0
220,Etrit Berisha,5.0,0,0,0,0,0,0,1,0.0,1,0,0,0,0,0,2,0
223,Bernardo,6.0,22,13,17,4,1,13,18,72.2,5,16,5,11,10,32,24,1
224,Victor Bernth Kristiansen,4.2,3,2,1,2,0,2,7,28.6,5,7,0,7,2,5,8,0
225,Matus Bero,4.0,8,5,4,2,2,4,7,57.1,3,2,0,2,1,9,3,0
227,Jan-Niklas Beste,4.8,9,5,3,3,3,2,8,25.0,6,7,0,7,3,12,4,0
228,Beto,2.8,4,2,0,3,1,0,2,0.0,2,5,0,5,0,4,5,0
230,Sam Beukema,7.0,10,5,7,3,0,7,8,87.5,1,6,2,4,3,13,27,0
231,Jordan Beyer,5.6,19,12,13,5,1,8,14,57.1,6,9,6,3,8,27,26,0
232,Jaka Bijol,7.0,16,9,13,3,0,9,14,64.3,5,7,4,3,8,24,31,1
234,Philip Billing,6.7,16,6,1,11,4,7,18,38.9,11,17,2,15,9,25,13,0
235,Cristiano Biraghi,3.7,3,2,2,1,0,2,10,20.0,8,6,3,3,3,6,8,0
236,Davide Biraschi,1.0,3,3,1,2,0,1,3,33.3,2,0,0,0,2,5,5,0
237,Samuele Birindelli,3.7,6,4,3,3,0,3,5,60.0,2,7,3,4,5,11,6,0
239,Yves Bissouma,6.8,25,17,11,10,4,14,18,77.8,4,12,3,9,13,38,13,0
240,Leonardo Bittencourt,1.1,4,2,2,2,0,1,5,20.0,4,2,0,2,0,4,0,0
242,Antonio Blanco,3.7,13,8,5,8,0,4,13,30.8,9,3,0,3,3,16,4,0
243,Ludovic Blas,5.0,8,3,2,6,0,5,11,45.5,6,8,1,7,2,10,1,0
245,Alexis Blin,2.7,5,2,1,4,0,1,6,16.7,5,3,0,3,3,8,7,0
246,Daley Blind,7.0,8,3,6,1,1,4,10,40.0,6,10,4,6,5,13,23,0
247,Myron Boadu,0.2,1,1,0,0,1,1,1,100.0,0,0,0,0,0,1,0,0
248,Oscar Bobb,0.5,1,0,1,0,0,1,1,100.0,0,0,0,0,0,1,0,0
249,Jeremie Boga,2.3,2,1,1,1,0,2,5,40.0,3,3,1,2,0,2,1,0
250,Jayden Bogle,2.5,2,1,1,1,0,0,4,0.0,4,2,0,2,3,5,5,0
251,Emil Bohinen,2.7,2,1,2,0,0,0,4,0.0,4,6,2,4,7,9,6,1
252,Daniel Boloca,5.4,6,4,1,5,0,2,6,33.3,4,5,2,3,3,9,7,0
253,Willy Boly,5.8,14,10,13,1,0,4,9,44.4,5,14,12,2,7,21,35,0
254,Giacomo Bonaventura,6.0,5,4,1,0,4,0,4,0.0,4,5,0,5,4,9,3,0
255,Federico Bonazzoli,2.8,0,0,0,0,0,0,3,0.0,3,1,0,1,0,0,1,0
260,Angelo Borges,3.7,5,3,0,3,2,2,8,25.0,6,6,0,6,0,5,0,0
261,Neto Borges,5.0,6,3,4,1,1,2,7,28.6,5,4,1,3,8,14,5,0
264,Rafael Borre,1.5,1,1,0,0,1,0,2,0.0,2,0,0,0,1,2,1,0
267,Erik Botheim,3.4,2,0,2,0,0,0,1,0.0,1,3,0,3,0,2,2,0
268,Sven Botman,5.0,6,5,4,2,0,3,4,75.0,1,4,3,1,4,10,16,1
269,Badredine Bouanani,0.6,1,1,0,0,1,1,1,100.0,0,1,0,1,1,2,0,0
270,Hicham Boudaoui,1.8,6,4,2,4,0,1,3,33.3,2,1,0,1,3,9,0,0
273,Benjamin Bourigeaud,6.2,5,3,2,2,1,2,8,25.0,6,4,0,4,2,7,8,0
274,Bilal Boutobba,1.2,4,1,2,1,1,2,4,50.0,2,1,0,1,2,6,0,0
275,Edoardo Bove,3.2,15,8,4,9,2,8,12,66.7,4,6,1,5,4,19,1,1
276,Jarrod Bowen,7.0,11,9,6,3,2,5,10,50.0,5,5,0,5,5,16,6,0
277,Lucas Boye,4.9,8,3,1,5,2,3,5,60.0,2,6,1,5,0,8,9,0
278,Domagoj Bradaric,6.0,9,6,2,4,3,4,7,57.1,3,4,2,2,5,14,7,1
279,Bilal Brahimi,0.1,0,0,0,0,0,0,1,0.0,1,0,0,0,0,0,0,0
281,Juan Brandariz,6.0,7,4,4,3,0,5,8,62.5,3,9,6,3,2,9,17,0
282,Julian Brandt,5.5,2,2,1,1,0,0,4,0.0,4,5,0,5,1,3,2,0
283,Jarrad Branthwaite,5.0,11,6,9,1,1,8,8,100.0,0,4,4,0,10,21,19,0
284,Lilian Brassier,6.8,5,3,4,1,0,2,4,50.0,2,4,2,2,9,14,22,0
287,Tim Breithaupt,1.5,3,2,3,0,0,3,3,100.0,0,1,0,1,1,4,4,0
288,Josip Brekalo,4.1,5,4,4,1,0,1,2,50.0,1,5,0,5,0,5,0,0
289,Gleison Bremer,6.9,9,9,7,1,1,5,8,62.5,3,8,5,3,9,18,23,0
290,Ben Brereton,1.7,2,2,1,0,1,0,1,0.0,1,0,0,0,0,2,0,0
291,Marco Brescianini,2.7,2,1,1,1,0,0,2,0.0,2,2,0,2,1,3,2,0
295,David Brooks,1.7,2,2,1,1,0,2,2,100.0,0,1,0,1,0,2,2,0
296,John Brooks,5.5,7,4,3,3,1,3,9,33.3,6,8,2,6,12,19,42,1
297,Moritz Broschinski,0.8,2,2,0,2,0,0,1,0.0,1,0,0,0,0,2,0,0
298,Jacob Brown,4.1,6,4,2,3,1,2,6,33.3,4,6,0,6,4,10,5,0
299,Josh Brownhill,4.5,8,7,1,4,3,4,6,66.7,2,4,1,3,4,12,7,0
300,Jacob Bruun Larsen,1.4,1,0,0,0,1,1,3,33.3,2,0,0,0,0,1,3,0
301,Ante Budimir,5.3,7,3,1,5,1,0,2,0.0,2,2,2,0,2,9,0,0
302,Hugo Bueno,1.6,3,1,2,0,1,2,3,66.7,1,2,1,1,1,4,5,0
303,Marius Bulter,2.8,5,2,3,1,1,2,6,33.3,4,3,0,3,0,5,2,0
305,Alessandro Buongiorno,5.3,9,4,6,3,0,4,6,66.7,2,4,1,3,11,20,23,0
306,Oliver Burke,0.4,0,0,0,0,0,0,2,0.0,2,0,0,0,0,0,0,0
307,Reece Burke,5.0,8,6,6,2,0,3,8,37.5,5,6,5,1,4,12,16,0
308,Dan Burn,7.0,13,7,8,5,0,2,15,13.3,13,13,5,8,6,19,16,1
312,Marnon Busch,0.3,0,0,0,0,0,0,1,0.0,1,0,0,0,1,1,0,0
313,Aurelio Buta,3.5,5,5,3,1,1,3,6,50.0,3,3,0,3,1,6,9,0
315,Jamie Bynoe-Gittens,0.8,1,0,1,0,0,0,1,0.0,1,0,0,0,1,2,2,0
316,Juan Cabal,0.3,1,0,0,1,0,0,1,0.0,1,0,0,0,0,1,0,0
317,Remy Cabella,5.9,9,7,4,1,4,0,11,0.0,11,9,0,9,2,11,0,0
318,Jovane Cabral,5.1,7,6,3,3,1,2,7,28.6,5,3,0,3,0,7,2,0
319,Liberato Cacace,3.1,4,0,3,0,1,3,6,50.0,3,3,1,2,4,8,5,0
320,Anthony Caci,6.0,8,2,5,3,0,5,10,50.0,5,6,2,4,5,13,4,0
321,Moises Caicedo,4.0,11,6,6,3,2,4,7,57.1,3,5,3,2,2,13,6,1
322,Tom Cairney,1.5,0,0,0,0,0,0,2,0.0,2,4,1,3,0,0,0,0
323,Jens Cajuste,1.2,5,3,4,1,0,5,5,100.0,0,3,0,3,1,6,1,0
324,Davide Calabria,4.4,9,3,5,2,2,8,16,50.0,8,5,1,4,6,15,9,0
325,Riccardo Calafiori,2.4,3,0,2,1,0,1,2,50.0,1,2,2,0,4,7,5,1
326,Luca Caldirola,5.9,6,3,4,1,1,4,7,57.1,3,5,4,1,9,15,10,0
327,Duje Caleta-Car,4.0,5,2,3,2,0,3,4,75.0,1,6,2,4,1,6,16,0
328,Hakan Calhanoglu,6.3,17,10,8,6,3,12,17,70.6,5,7,5,2,5,22,2,0
329,Jose Callejon,4.6,4,2,2,2,0,1,6,16.7,5,2,0,2,1,5,6,0
331,Lamine Camara,5.1,19,11,10,5,4,8,16,50.0,8,6,0,6,4,23,5,0
332,Mahdi Camara,5.0,13,10,2,10,1,4,8,50.0,4,5,0,5,8,21,4,0
333,Mohamed Camara,4.0,10,6,4,4,2,4,10,40.0,6,2,0,2,5,15,0,0
334,Eduardo Camavinga,5.0,23,12,10,12,1,10,14,71.4,4,8,0,8,7,30,7,0
335,Nicolo Cambiaghi,3.9,5,4,1,3,1,2,8,25.0,6,4,0,4,2,7,1,0
336,Andrea Cambiaso,3.6,9,6,6,3,0,7,13,53.8,6,3,0,3,1,10,4,0
340,Emre Can,3.9,9,6,3,5,1,3,7,42.9,4,7,0,7,3,12,5,0
341,Matteo Cancellieri,3.7,6,4,1,2,3,1,6,16.7,5,8,0,8,1,7,1,0
342,Joao Cancelo,4.4,15,10,3,7,5,9,11,81.8,2,5,2,3,3,18,9,0
343,Fali Cande,7.0,12,8,10,2,0,6,10,60.0,4,15,11,4,7,19,39,0
344,Antonio Candreva,5.5,3,2,0,2,1,2,4,50.0,2,1,0,1,1,4,2,0
346,Sergi Canos,1.2,2,0,1,1,0,1,3,33.3,2,1,1,0,0,2,0,0
348,Etienne Capoue,4.0,9,6,5,3,1,5,9,55.6,4,4,1,3,4,13,5,0
349,Gianluca Caprari,2.8,2,1,1,1,0,0,1,0.0,1,0,0,0,2,4,0,0
352,Maxence Caqueret,6.8,16,10,1,10,5,6,26,23.1,20,7,0,7,9,25,4,0
353,Andrea Carboni,3.1,7,3,6,1,0,3,6,50.0,3,3,1,2,1,8,11,1
354,Valentin Carboni,0.1,3,2,1,2,0,1,2,50.0,1,0,0,0,0,3,0,0
355,Isaac Carcelen,7.3,14,8,8,6,0,9,15,60.0,6,9,1,8,3,17,28,1
356,Irvin Cardona,0.4,1,1,0,0,1,1,2,50.0,1,1,0,1,0,1,1,0
358,Sergi Cardona,6.3,24,12,14,5,5,18,30,60.0,12,11,2,9,11,35,20,0
359,Igor Carioca,0.9,4,3,3,1,0,2,4,50.0,2,0,0,0,2,6,1,0
360,Carlos,2.4,1,1,0,1,0,0,2,0.0,2,3,0,3,2,3,7,0
361,Diego Carlos,1.8,6,4,6,0,0,2,2,100.0,0,1,1,0,2,8,8,0
362,Carmona,1.7,3,3,1,2,0,1,3,33.3,2,2,0,2,2,5,1,0
365,Yannick Carrasco,2.5,4,4,3,1,0,2,7,28.6,5,2,0,2,1,5,6,0
366,Rasmus Carstensen,3.9,13,7,4,7,2,8,11,72.7,3,8,0,8,3,16,2,0
367,Dani Carvajal,5.8,17,10,8,7,2,11,14,78.6,3,3,0,3,4,21,17,0
368,Fabio Carvalho,1.2,3,1,0,2,1,1,2,50.0,1,5,0,5,0,3,1,0
370,Nicolo Casale,5.0,5,2,5,0,0,4,10,40.0,6,4,4,0,3,8,23,0
371,Casemiro,6.7,20,12,4,13,3,12,26,46.2,14,21,5,16,4,24,15,0
372,Matty Cash,7.0,19,9,9,9,1,11,21,52.4,10,13,4,9,4,23,13,0
373,Josue Casimir,4.0,6,2,2,4,0,1,2,50.0,1,3,0,3,1,7,5,0
374,Giuseppe Caso,2.6,3,3,2,0,1,1,2,50.0,1,0,0,0,0,3,0,0
375,Cristian Casseres Jr.,4.7,15,9,6,8,1,7,12,58.3,5,14,2,12,6,21,9,1
376,Timothy Castagne,3.2,10,4,5,2,3,8,12,66.7,4,4,2,2,2,12,4,0
377,Koen Casteels,6.0,1,1,1,0,0,1,1,100.0,0,0,0,0,0,1,4,0
378,Valentin Castellanos,1.4,2,1,0,0,2,0,1,0.0,1,2,0,2,1,3,0,0
379,Jean-Charles Castelletto,6.0,3,1,1,2,0,3,6,50.0,3,5,4,1,6,9,23,0
381,Jonny Castro,0.1,0,0,0,0,0,0,1,0.0,1,1,1,0,0,0,0,0
382,Danilo Cataldi,4.2,2,0,1,1,0,0,2,0.0,2,4,2,2,7,9,7,1
383,Catena,6.9,5,3,5,0,0,3,7,42.9,4,6,3,3,5,10,32,1
384,Maximiliano Caufriez,3.0,4,4,4,0,0,3,5,60.0,2,3,1,2,2,6,13,1
385,Ivan Cavaleiro,3.5,3,2,1,0,2,3,7,42.9,4,6,2,4,3,6,2,0
386,Dani Ceballos,0.6,2,1,0,2,0,0,2,0.0,2,2,1,1,0,2,0,0
388,Zeki Celik,0.8,1,1,0,1,0,1,2,50.0,1,0,0,0,1,2,2,0
390,Alex Centelles,1.0,2,1,2,0,0,1,1,100.0,0,1,1,0,1,3,3,0
391,Vaclav Cerny,3.3,3,1,1,2,0,1,8,12.5,7,4,0,4,3,6,2,0
393,Franco Cervi,1.5,4,3,3,1,0,1,3,33.3,2,4,0,4,2,6,2,0
394,Julio Cesar Enciso,0.8,0,0,0,0,0,0,1,0.0,1,0,0,0,0,0,0,0
395,Julian Chabot,5.9,17,11,9,8,0,8,15,53.3,7,15,10,5,14,31,23,0
398,Muhammed Cham,6.8,9,6,2,5,2,6,9,66.7,3,4,0,4,0,9,1,0
399,Brendan Chardonnet,7.0,6,4,3,2,1,5,11,45.5,6,12,6,6,7,13,21,0
401,Walid Cheddira,4.9,1,0,1,0,0,0,1,0.0,1,2,1,1,0,1,4,0
402,Rayan Cherki,5.5,7,3,1,3,3,4,14,28.6,10,5,2,3,1,8,0,0
404,Lucas Chevalier,7.0,1,0,1,0,0,1,2,50.0,1,1,0,1,0,1,2,2
405,Federico Chiesa,6.5,2,1,1,1,0,0,2,0.0,2,3,1,2,3,5,4,0
406,Ben Chilwell,3.7,5,4,0,4,1,1,3,33.3,2,1,0,1,3,8,4,0
407,Pedro Chirivella,7.0,10,5,2,8,0,5,21,23.8,16,5,0,5,5,15,10,0
408,Tahith Chong,3.8,7,3,4,1,2,3,5,60.0,2,2,0,2,2,9,0,0
409,Joris Chotard,6.8,29,20,14,10,5,17,31,54.8,14,16,5,11,10,39,13,0
410,Andreas Christensen,5.3,2,2,0,2,0,1,5,20.0,4,2,1,1,6,8,15,0
412,Ryan Christie,5.8,9,5,3,2,4,5,12,41.7,7,10,1,9,6,15,6,0
413,Carney Chukwuemeka,1.4,1,1,1,0,0,1,2,50.0,1,0,0,0,0,1,0,0
414,Samuel Chukwueze,1.9,6,1,2,3,1,3,4,75.0,1,0,0,0,0,6,0,0
416,Pathe Ciss,4.4,14,5,5,9,0,6,9,66.7,3,4,1,3,6,20,16,0
417,Patrick Ciurria,6.8,9,6,3,4,2,3,9,33.3,6,6,4,2,5,14,8,0
418,Jonathan Clauss,6.9,16,8,7,7,2,10,16,62.5,6,10,2,8,10,26,15,0
419,Silvi Clua,0.0,2,0,2,0,0,2,2,100.0,0,1,0,1,0,2,0,0
420,Marcus Coco,2.7,6,4,6,0,0,3,7,42.9,4,5,0,5,7,13,5,0
421,Saul Coco,2.9,5,2,4,1,0,2,5,40.0,3,5,5,0,1,6,14,0
422,Maxime Colin,2.1,2,2,1,0,1,1,3,33.3,2,3,2,1,3,5,4,0
423,Nathan Collins,6.1,8,4,6,2,0,2,5,40.0,3,4,0,4,10,18,27,1
424,Lorenzo Colombo,3.9,6,6,2,4,0,3,4,75.0,1,2,1,1,0,6,3,0
426,Levi Colwill,6.9,11,8,3,8,0,3,4,75.0,1,11,4,7,5,16,16,0
427,Kingsley Coman,3.9,4,2,1,2,1,3,5,60.0,2,7,1,6,0,4,2,0
428,Eray Comert,4.0,9,4,8,1,0,6,8,75.0,2,7,4,3,6,15,25,0
429,Santi Comesana,2.4,9,5,0,7,2,6,10,60.0,4,3,0,3,5,14,3,1
431,Lewis Cook,4.5,8,5,4,4,0,5,8,62.5,3,2,2,0,12,20,3,0
432,Copete,3.5,10,6,9,1,0,7,9,77.8,2,3,3,0,5,15,13,1
433,Diego Coppola,2.5,8,5,6,2,0,5,9,55.6,4,4,2,2,3,11,20,0
434,Tommaso Corazza,1.5,6,2,6,0,0,3,7,42.9,4,2,0,2,4,10,1,0
435,Jeppe Corfitzen,0.1,1,0,0,1,0,1,1,100.0,0,0,0,0,0,1,0,0
436,Jack Cork,0.2,1,0,0,1,0,1,3,33.3,2,0,0,0,0,1,0,0
437,Maxwel Cornet,0.0,1,0,1,0,0,0,1,0.0,1,0,0,0,0,1,0,0
439,Angel Correa,1.9,4,3,2,1,1,1,3,33.3,2,2,0,2,1,5,0,0
440,Joaquin Correa,2.4,2,2,1,0,1,0,2,0.0,2,0,0,0,0,2,1,0
442,Thierry Correia,5.9,17,10,9,7,1,11,19,57.9,8,7,0,7,10,27,10,0
444,Danny da Costa,2.3,0,0,0,0,0,0,1,0.0,1,3,0,3,7,7,4,0
445,David Pereira da Costa,0.5,1,0,0,1,0,1,3,33.3,2,0,0,0,0,1,0,0
446,Jaume Costa,4.0,9,5,4,3,2,6,7,85.7,1,3,0,3,6,15,6,0
447,Logan Costa,6.4,12,9,10,2,0,4,8,50.0,4,14,8,6,3,15,30,0
448,Samu Costa,6.1,22,13,7,15,0,10,19,52.6,9,12,7,5,8,30,16,1
449,Vladimir Coufal,7.0,20,14,17,1,2,12,21,57.1,9,10,3,7,9,29,22,0
450,Lassana Coulibaly,2.7,4,2,2,1,1,2,6,33.3,4,3,1,2,4,8,5,0
452,Philippe Coutinho,0.3,0,0,0,0,0,0,1,0.0,1,0,0,0,0,0,0,0
453,Yan Couto,4.6,14,9,7,6,1,7,12,58.3,5,2,0,2,2,16,11,0
456,Bryan Cristante,7.0,10,6,7,3,0,5,7,71.4,2,4,2,2,8,18,9,0
457,Juan Cruz Armada,6.0,8,3,3,4,1,5,6,83.3,1,3,2,1,4,12,13,0
459,Juan Cruz,0.8,0,0,0,0,0,0,1,0.0,1,0,0,0,0,0,0,0
460,Juan Cuadrado,0.7,1,1,0,1,0,1,1,100.0,0,1,0,1,0,1,1,0
462,Jorge Cuenca,4.1,4,3,3,1,0,1,1,100.0,0,11,7,4,3,7,25,0
463,Josh Cullen,7.0,12,7,5,6,1,7,13,53.8,6,10,6,4,6,18,9,0
464,Matheus Cunha,6.2,10,5,4,5,1,3,6,50.0,3,7,1,6,2,12,4,0
465,Marvin Cuni,1.9,3,1,0,1,2,2,2,100.0,0,2,0,2,0,3,0,0
466,Eric Curbelo,1.0,2,1,1,1,0,1,2,50.0,1,3,1,2,2,4,5,1
469,Danilo D'Ambrosio,1.7,8,5,4,2,2,4,7,57.1,3,3,1,2,5,13,3,0
471,Mahmoud Dahoud,2.7,6,2,2,3,1,2,7,28.6,5,2,1,1,0,6,4,0
472,Ameen Al-Dakhil,7.0,6,2,0,5,1,1,8,12.5,7,4,2,2,7,13,23,2
473,Thijs Dallinga,5.5,4,1,0,2,2,2,3,66.7,1,4,1,3,2,6,8,0
474,Diogo Dalot,5.3,14,6,10,1,3,10,13,76.9,3,3,1,2,5,19,17,0
475,Mikkel Damsgaard,0.6,1,0,1,0,0,0,2,0.0,2,2,1,1,0,1,1,0
476,Flavius Daniliuc,1.5,5,4,4,1,0,2,5,40.0,3,2,1,1,1,6,2,0
477,Danilo,3.1,4,1,2,2,0,3,7,42.9,4,2,0,2,6,10,3,0
478,Danilo,7.0,12,7,7,5,0,4,9,44.4,5,6,4,2,16,28,26,0
479,Arnaut Danjuma,4.0,2,1,2,0,0,1,2,50.0,1,2,0,2,2,4,0,0
480,Kevin Danso,7.0,5,3,2,3,0,4,5,80.0,1,7,5,2,3,8,24,0
481,Dante,7.0,11,5,8,3,0,6,8,75.0,2,8,2,6,3,14,23,0
483,Sergi Darder,6.2,15,10,2,9,4,3,12,25.0,9,4,1,3,6,21,3,0
485,Matteo Darmian,6.0,13,6,6,6,1,3,8,37.5,5,8,3,5,5,18,12,0
486,Lukas Daschner,1.3,0,0,0,0,0,0,1,0.0,1,1,0,1,0,0,1,0
488,David Datro Fofana,3.6,6,5,2,2,2,4,8,50.0,4,1,0,1,0,6,1,0
489,Jonathan David,6.9,5,5,1,3,1,1,6,16.7,5,3,0,3,2,7,0,0
490,Alphonso Davies,5.7,8,4,6,2,0,5,10,50.0,5,6,0,6,8,16,8,0
491,Ben Davies,0.4,2,2,2,0,0,2,3,66.7,1,1,1,0,0,2,1,0
492,Tom Davies,0.7,4,2,2,2,0,1,3,33.3,2,0,0,0,2,6,2,1
494,Pawel Dawidowicz,6.5,14,9,6,8,0,4,8,50.0,4,4,2,2,8,22,28,0
495,Craig Dawson,6.8,9,5,9,0,0,8,11,72.7,3,15,11,4,3,12,29,0
497,Charles De Ketelaere,4.7,8,4,1,1,6,1,3,33.3,2,5,0,5,1,9,2,0
498,Rodrigo De Paul,2.8,7,6,1,4,2,1,3,33.3,2,1,0,1,0,7,2,0
499,Lorenzo De Silvestri,2.5,0,0,0,0,0,0,1,0.0,1,4,3,1,3,3,9,0
500,Thibault De Smet,4.0,14,7,12,2,0,11,13,84.6,2,4,1,3,7,21,23,0
501,Koni De Winter,3.0,6,5,4,2,0,4,7,57.1,3,1,0,1,1,7,7,0
502,Gregoire Defrel,1.1,1,0,0,0,1,0,1,0.0,1,0,0,0,1,2,3,0
503,Alessandro Deiola,2.5,4,2,3,1,0,4,11,36.4,7,1,1,0,0,4,0,0
504,Romain Del Castillo,6.8,6,4,2,3,1,0,11,0.0,11,5,0,5,1,7,1,0
505,Thomas Delaine,6.7,11,6,9,1,1,9,15,60.0,6,3,0,3,9,20,15,0
506,Sacha Delaye,0.2,1,0,0,0,1,0,2,0.0,2,1,0,1,0,1,0,0
508,Olivier Deman,2.4,6,3,4,1,1,1,3,33.3,2,5,2,3,1,7,4,0
510,Ousmane Dembele,4.6,6,5,1,3,2,1,4,25.0,3,2,0,2,2,8,0,0
511,Jessy Deminguet,4.8,8,4,4,4,0,4,12,33.3,8,5,0,5,4,12,2,0
512,Ermedin Demirovic,5.8,4,3,2,1,1,1,8,12.5,7,3,0,3,3,7,6,0
513,Sepp van den Berg,4.6,10,5,6,4,0,2,5,40.0,3,9,3,6,7,17,12,1
516,Mikkel Desler,5.7,3,3,3,0,0,1,3,33.3,2,10,5,5,5,8,16,0
521,Michele Di Gregorio,6.0,1,0,1,0,0,1,1,100.0,0,0,0,0,0,1,5,0
522,Giovanni Di Lorenzo,7.0,15,11,8,7,0,10,20,50.0,10,5,1,4,4,19,6,0
523,Alessandro Di Pardo,1.9,3,1,2,0,1,0,1,0.0,1,3,2,1,2,5,2,0
525,Moussa Diaby,6.2,2,1,0,1,1,2,5,40.0,3,2,0,2,1,3,1,0
526,Mouctar Diakhaby,7.3,13,9,6,7,0,8,10,80.0,2,10,3,7,4,17,32,0
527,Mamadou Diakhon,0.4,1,1,1,0,0,1,2,50.0,1,0,0,0,1,2,0,0
528,Bafode Diakite,5.0,14,10,5,9,0,10,12,83.3,2,4,2,2,6,20,8,0
530,Oumar Diakite,4.2,6,3,3,2,1,3,8,37.5,5,4,0,4,1,7,2,0
531,Assane Diao,1.7,5,3,2,2,1,2,3,66.7,1,6,2,4,0,5,1,0
532,Mouhamadou Diarra,5.1,4,4,1,3,0,0,8,0.0,8,7,1,6,3,7,1,0
533,Moussa Diarra,4.7,9,3,5,4,0,4,7,57.1,3,10,7,3,6,15,16,0
534,Ruben Dias,6.0,8,4,5,2,1,3,5,60.0,2,5,3,2,7,15,14,0
535,Krepin Diatta,0.9,3,1,1,2,0,2,6,33.3,4,0,0,0,1,4,1,0
537,Brahim Diaz,1.1,1,1,0,1,0,0,1,0.0,1,1,0,1,0,1,0,0
538,Luis Diaz,5.0,6,4,0,1,5,0,8,0.0,8,3,0,3,1,7,0,0
539,Victor Diaz,1.8,5,3,2,3,0,1,3,33.3,2,1,0,1,1,6,8,0
541,Bamba Dieng,1.4,2,2,0,2,0,1,1,100.0,0,0,0,0,0,2,3,0
542,Lucas Digne,6.9,15,7,11,4,0,10,14,71.4,4,5,0,5,13,28,16,0
543,Federico Dimarco,4.6,10,7,4,5,1,7,11,63.6,4,4,1,3,2,12,5,0
546,Junior Dina Ebimbe,4.5,4,3,0,3,1,2,5,40.0,3,4,1,3,1,5,6,0
547,Eren Dinkci,5.3,6,4,6,0,0,4,7,57.1,3,4,0,4,2,8,4,0
548,Sinaly Diomande,7.0,6,2,3,1,2,6,10,60.0,4,10,8,2,11,17,19,0
549,Issa Diop,7.0,8,3,5,2,1,3,4,75.0,1,7,4,3,5,13,34,1
550,Sofiane Diop,4.4,7,5,3,3,1,3,8,37.5,5,2,0,2,2,9,1,0
551,Andy Diouf,4.9,13,10,5,6,2,8,11,72.7,3,5,0,5,2,15,2,0
553,Axel Disasi,7.0,5,1,2,2,1,2,5,40.0,3,7,6,1,4,9,20,1
554,Djene,6.9,7,2,2,4,1,2,5,40.0,3,10,3,7,8,15,17,0
555,Berat Djimsiti,5.8,5,2,2,3,0,0,3,0.0,3,15,9,6,8,13,12,0
556,Marko Dmitrovic,3.0,0,0,0,0,0,0,1,0.0,1,0,0,0,0,0,2,0
558,Ritsu Doan,3.9,9,6,7,1,1,2,4,50.0,2,8,1,7,2,11,1,0
559,Lewis Dobbin,1.3,2,2,1,0,1,2,5,40.0,3,3,0,3,1,3,0,0
560,Dodo,3.0,3,2,1,2,0,1,4,25.0,3,2,0,2,3,6,6,0
561,Danilho Doekhi,6.0,7,5,5,2,0,3,7,42.9,4,8,2,6,9,16,19,0
562,Matt Doherty,1.0,0,0,0,0,0,0,1,0.0,1,3,1,2,1,1,8,0
563,Josh Doig,3.3,2,1,2,0,0,1,5,20.0,4,4,0,4,0,2,9,0
564,Jeremy Doku,3.4,7,5,1,4,2,2,4,50.0,2,3,0,3,3,10,1,0
565,Jeremy Doku,1.2,2,2,1,0,1,1,1,100.0,0,0,0,0,0,2,0,0
566,Carlos Dominguez,3.0,3,3,0,2,1,2,4,50.0,2,1,1,0,5,8,12,0
568,Nicolas Dominguez,1.9,11,7,5,6,0,5,6,83.3,1,2,0,2,1,12,4,0
569,Nicolas Dominguez,1.1,1,0,1,0,0,0,2,0.0,2,3,0,3,0,1,2,0
572,Patrick Dorgu,3.2,11,7,8,3,0,5,6,83.3,1,5,1,4,2,13,5,0
573,Niklas Dorsch,3.5,5,3,4,1,0,2,8,25.0,6,4,4,0,3,8,5,0
574,Gabriel Dos Santos,4.3,6,3,5,1,0,4,4,100.0,0,8,8,0,5,11,8,0
575,Alberto Dossena,7.0,11,8,8,3,0,8,10,80.0,2,15,9,6,10,21,35,1
576,Carlos Dotor,1.3,1,1,0,1,0,0,2,0.0,2,2,0,2,0,1,0,0
577,Abdoulaye Doucoure,6.5,12,8,4,5,3,5,11,45.5,6,10,0,10,3,15,0,0
578,Cheick Doucoure,7.0,21,11,10,7,4,11,17,64.7,6,10,2,8,16,37,9,0
579,Ckene Doucoure,2.3,4,2,0,2,2,1,1,100.0,0,2,0,2,1,5,2,0
580,Desire Doue,2.7,4,2,0,1,3,2,6,33.3,4,4,0,4,3,7,2,0
581,Guela Doue,0.2,0,0,0,0,0,0,1,0.0,1,1,0,1,0,0,2,0
582,Alfie Doughty,4.3,6,4,3,1,2,2,7,28.6,5,8,0,8,5,11,6,0
583,Douglas,5.7,22,15,8,11,3,6,11,54.5,5,9,4,5,10,32,11,0
584,Ismael Doukoure,6.9,8,6,1,7,0,7,8,87.5,1,9,4,5,8,16,6,2
585,Kamory Doumbia,0.3,1,1,0,1,0,1,1,100.0,0,1,0,1,0,1,0,0
586,Anastasios Douvikas,1.6,3,2,0,2,1,0,1,0.0,1,1,0,1,1,4,3,0
587,Artem Dovbyk,4.0,2,1,1,0,1,0,1,0.0,1,4,1,3,0,2,4,0
588,Nikola Dovedan,1.4,5,3,0,5,0,2,6,33.3,4,4,0,4,0,5,1,0
591,Radu Dragusin,7.0,5,3,3,2,0,1,2,50.0,1,7,3,4,8,13,45,2
592,Dion Drena Beljo,2.3,0,0,0,0,0,0,1,0.0,1,1,0,1,0,0,1,0
593,Domingos Duarte,5.7,6,3,5,0,1,4,6,66.7,2,2,2,0,3,9,21,0
594,Ruben Duarte,6.0,11,8,9,1,1,3,8,37.5,5,4,0,4,6,17,19,0
595,Marvin Ducksch,4.6,1,1,1,0,0,1,3,33.3,2,0,0,0,0,1,4,0
596,Ondrej Duda,5.9,8,4,2,5,1,2,4,50.0,2,5,2,3,6,14,5,0
598,Denzel Dumfries,5.1,6,3,3,3,0,2,7,28.6,5,5,2,3,0,6,4,0
599,Alfred Duncan,4.2,10,6,3,3,4,5,10,50.0,5,7,2,5,1,11,2,0
600,Lewis Dunk,7.0,6,3,4,2,0,3,11,27.3,8,8,7,1,6,12,13,0
601,Jhon Duran,0.8,2,2,1,1,0,0,3,0.0,3,1,0,1,0,2,1,0
602,Hugo Duro,7.2,4,3,0,3,1,2,10,20.0,8,6,2,4,0,4,5,0
603,Jean-Kevin Duverne,2.2,7,5,3,4,0,1,4,25.0,3,1,0,1,3,10,3,0
604,Paulo Dybala,4.4,8,4,1,3,4,0,1,0.0,1,2,0,2,1,9,1,0
605,Aron Donnum,1.9,0,0,0,0,0,0,1,0.0,1,3,0,3,2,2,4,0
606,Festy Ebosele,4.6,13,6,8,4,1,7,12,58.3,5,6,0,6,2,15,5,0
607,Enzo Ebosse,0.1,1,1,1,0,0,0,1,0.0,1,0,0,0,1,2,0,0
608,Tyronne Ebuehi,4.8,7,5,4,3,0,3,5,60.0,2,4,2,2,2,9,10,0
610,Ederson,6.2,24,12,11,11,2,13,15,86.7,2,8,0,8,12,36,6,0
611,Odsonne Edouard,5.7,8,3,2,1,5,1,4,25.0,3,3,0,3,2,10,6,0
612,John Egan,5.4,6,4,4,2,0,4,11,36.4,7,10,4,6,13,19,39,1
613,Maximilian Eggestein,5.8,10,5,5,4,1,2,5,40.0,3,12,8,4,7,17,9,0
614,Lilian Egloff,1.0,4,1,3,1,0,2,3,66.7,1,2,1,1,0,4,0,0
617,Caleb Ekuban,0.9,3,2,1,1,1,2,2,100.0,0,1,0,1,0,3,0,0
618,Anthony Elanga,3.0,2,0,2,0,0,1,3,33.3,2,3,0,3,1,3,3,0
619,Simon Elisor,2.9,4,0,2,1,1,1,2,50.0,1,1,0,1,0,4,3,0
620,Harvey Elliott,1.4,1,0,0,1,0,0,1,0.0,1,1,0,1,1,2,3,0
621,Elif Elmas,1.0,2,1,0,2,0,1,1,100.0,0,1,0,1,0,2,1,0
624,Nico Elvedi,2.3,1,0,1,0,0,1,1,100.0,0,2,1,1,2,3,12,0
625,Adri Embarba,5.0,10,7,6,1,3,8,12,66.7,4,6,0,6,1,11,0,0
626,Emanuel Emegha,4.7,0,0,0,0,0,0,2,0.0,2,2,1,1,0,0,3,0
627,Emerson,1.1,1,1,1,0,0,0,2,0.0,2,1,0,1,1,2,5,0
628,Youssef En-Nesyri,4.4,0,0,0,0,0,0,2,0.0,2,2,0,2,0,0,1,0
629,Wataru Endo,1.2,3,2,2,1,0,2,6,33.3,4,3,0,3,1,4,3,0
630,Arne Engels,4.0,7,3,0,6,1,3,7,42.9,4,6,0,6,4,11,2,0
631,Christian Eriksen,3.7,8,6,2,5,1,4,11,36.4,7,8,3,5,2,10,1,0
632,Martin Erlic,6.9,13,6,12,1,0,8,10,80.0,2,10,6,4,8,21,27,0
633,Gonzalo Escalante,5.6,16,9,6,4,6,10,19,52.6,9,3,2,1,8,24,13,1
634,Alfonso Espino,7.6,22,16,13,9,0,13,25,52.0,12,3,1,2,7,29,14,0
635,Bernardo Espinosa,0.0,1,1,1,0,0,1,1,100.0,0,0,0,0,0,1,2,0
636,Maxime Esteve,0.9,4,3,4,0,0,3,3,100.0,0,2,1,1,2,6,3,0
637,Oscar Estupinan,1.6,4,3,0,2,2,1,2,50.0,1,0,0,0,0,4,0,0
638,Pervis Estupinan,5.5,7,3,5,2,0,4,9,44.4,5,7,1,6,8,15,7,0
639,Jonny Evans,1.1,1,0,1,0,0,1,2,50.0,1,0,0,0,1,2,10,0
640,Eberechi Eze,7.0,12,4,0,5,7,7,13,53.8,6,4,1,3,2,14,1,0
641,Abdessamad Ezzalzouli,0.8,1,1,0,0,1,0,1,0.0,1,1,0,1,0,1,0,0
642,Abdessamad Ezzalzouli,1.8,3,2,1,1,1,1,1,100.0,0,2,0,2,1,4,0,0
644,Nicolo Fagioli,3.8,4,2,1,2,1,2,5,40.0,3,3,0,3,3,7,0,0
645,Romain Faivre,6.8,2,2,1,0,1,0,3,0.0,3,4,1,3,2,4,1,0
648,Fali,7.4,12,10,8,4,0,7,11,63.6,4,9,5,4,8,20,32,0
650,Davide Faraoni,3.4,8,8,4,3,1,3,4,75.0,1,4,2,2,4,12,14,0
651,Ansu Fati,1.3,2,1,1,1,0,0,4,0.0,4,3,0,3,0,2,0,0
652,Ansu Fati,0.6,0,0,0,0,0,0,1,0.0,1,0,0,0,0,0,0,0
653,Khalil Fayad,1.3,4,3,3,1,0,0,3,0.0,3,1,0,1,2,6,0,0
654,Federico Fazio,1.3,1,1,1,0,0,0,1,0.0,1,1,0,1,2,3,3,0
655,Jacopo Fazzini,3.1,8,4,4,3,1,5,12,41.7,7,5,0,5,4,12,2,0
656,Luiz Felipe,4.0,7,3,5,2,0,4,5,80.0,1,10,4,6,4,11,16,0
657,Joao Felix,3.3,8,7,4,2,2,3,5,60.0,2,4,0,4,3,11,1,0
658,Ohis Felix Uduokhai,5.5,9,4,6,3,0,4,5,80.0,1,7,7,0,10,19,25,0
660,Evan Ferguson,3.4,0,0,0,0,0,0,2,0.0,2,5,1,4,0,0,1,0
661,Lewis Ferguson,7.0,12,7,3,8,1,5,8,62.5,3,2,0,2,1,13,4,0
662,Bruno Fernandes,7.0,16,8,8,4,4,12,25,48.0,13,7,1,6,5,21,10,0
663,Edimilson Fernandes,5.9,11,7,8,3,0,6,11,54.5,5,0,0,0,12,23,15,0
664,Aitor Fernandez,3.1,0,0,0,0,0,0,1,0.0,1,0,0,0,0,0,2,1
665,Alex Fernandez,1.3,1,1,1,0,0,1,1,100.0,0,1,0,1,1,2,2,0
667,Carlos Fernandez,2.8,6,4,1,3,2,0,1,0.0,1,2,0,2,0,6,4,0
668,Enzo Fernandez,6.6,10,6,3,4,3,6,18,33.3,12,14,3,11,2,12,7,0
669,Raul Fernandez,3.0,0,0,0,0,0,0,1,0.0,1,0,0,0,0,0,1,2
671,Fernando,2.7,6,5,1,3,2,3,6,50.0,3,2,0,2,3,9,3,0
672,Andre Ferreira,5.0,0,0,0,0,0,0,1,0.0,1,0,0,0,0,0,5,0
673,Joao Ferreira,2.6,8,5,4,3,1,6,7,85.7,1,3,0,3,3,11,2,0
674,Jordan Ferri,6.0,10,5,6,4,0,7,29,24.1,22,6,0,6,1,11,6,0
676,Nacho Ferri,0.1,2,2,0,2,0,1,1,100.0,0,0,0,0,0,2,0,0
677,Max Finkgrafe,0.6,2,2,1,1,0,2,4,50.0,2,0,0,0,0,2,1,0
678,Mark Flekken,7.0,0,0,0,0,0,0,1,0.0,1,0,0,0,0,0,3,0
679,Alessandro Florenzi,2.3,4,3,1,2,1,2,3,66.7,1,4,2,2,4,8,4,0
680,Phil Foden,5.7,7,5,4,1,2,4,6,66.7,2,2,0,2,2,9,3,0
681,Wes Foderingham,7.0,1,1,1,0,0,1,2,50.0,1,0,0,0,0,1,2,0
682,Youssouf Fofana,6.7,15,11,2,10,3,7,11,63.6,4,8,2,6,7,22,4,0
683,Jonas Fohrenbach,5.0,5,2,3,2,0,2,8,25.0,6,3,2,1,3,8,12,0
684,Thomas Foket,6.8,5,1,4,1,0,3,14,21.4,11,11,4,7,8,13,14,0
685,Michael Folorunsho,6.5,10,8,7,1,2,6,16,37.5,10,11,0,11,3,13,10,0
686,Pablo Fornals,1.6,4,3,1,1,2,2,7,28.6,5,2,0,2,2,6,2,0
687,Emil Forsberg,1.8,2,2,0,2,0,2,7,28.6,5,5,0,5,0,2,3,0
688,Philipp Forster,0.7,2,2,1,0,1,2,4,50.0,2,0,0,0,4,6,0,0
689,Lyle Foster,4.7,4,1,1,2,1,1,4,25.0,3,5,1,4,1,5,10,0
691,Juan Foyth,7.8,20,10,13,7,0,8,18,44.4,10,11,3,8,7,27,24,0
692,Bartol Franjic,2.5,1,1,1,0,0,1,5,20.0,4,4,0,4,6,7,8,0
693,Przemyslaw Frankowski,3.5,8,5,1,3,4,3,4,75.0,1,7,0,7,0,8,4,0
695,Jean Frederic N'Guessan,0.1,1,0,0,1,0,0,1,0.0,1,0,0,0,0,1,0,0
696,Morten Frendrup,7.0,27,15,8,17,2,12,14,85.7,2,14,5,9,10,37,10,0
697,Remo Freuler,2.5,5,5,2,3,0,3,5,60.0,2,5,1,4,2,7,5,1
698,Marco Friedl,3.5,10,5,5,5,0,9,12,75.0,3,9,3,6,6,16,13,0
699,Marvin Friedrich,3.0,6,2,4,1,1,4,4,100.0,0,6,4,2,3,9,16,0
700,Jeremie Frimpong,5.1,6,4,5,0,1,1,5,20.0,4,11,0,11,1,7,2,0
702,Jorge de Frutos,2.3,0,0,0,0,0,0,3,0.0,3,1,0,1,0,0,1,0
703,Chris Fuhrich,5.6,2,1,1,1,0,1,3,33.3,2,8,0,8,2,4,2,0
704,Angelo Fulgini,4.7,6,2,1,4,1,3,8,37.5,5,8,0,8,1,7,0,0
705,Niclas Fullkrug,2.0,1,1,0,1,0,1,1,100.0,0,2,1,1,0,1,1,0
707,Matteo Gabbia,3.8,7,4,3,4,0,4,5,80.0,1,4,1,3,3,10,24,1
709,Roberto Gagliardini,6.5,20,12,9,8,3,11,16,68.8,5,7,1,6,7,27,7,0
710,Cody Gakpo,3.6,5,2,1,4,0,2,6,33.3,4,9,0,9,2,7,4,0
711,Javi Galan,0.7,3,2,2,1,0,3,3,100.0,0,1,0,1,1,4,3,0
712,Inigo Ruiz de Galarreta,5.7,7,5,4,3,0,3,10,30.0,7,4,1,3,2,9,4,0
713,Conor Gallagher,6.5,21,11,9,10,2,6,11,54.5,5,7,2,5,13,34,6,0
714,Antonino Gallo,3.8,7,4,4,3,0,5,8,62.5,3,4,0,4,2,9,9,0
715,Cristian Gamboa,1.1,1,0,0,1,0,0,3,0.0,3,1,1,0,0,1,0,0
716,Kevin Gameiro,2.0,0,0,0,0,0,0,4,0.0,4,1,0,1,0,0,0,0
717,Idrissa Gana Gueye,6.0,16,10,3,8,5,5,9,55.6,4,6,1,5,5,21,4,0
719,Aleix Garcia,8.0,13,8,7,6,0,10,18,55.6,8,14,4,10,12,25,13,0
720,Alvaro Garcia,7.8,12,8,6,5,1,2,10,20.0,8,10,0,10,9,21,5,0
721,Dani Garcia,1.6,2,1,0,1,1,1,4,25.0,3,3,0,3,2,4,2,0
722,David Garcia,7.0,12,6,8,4,0,7,9,77.8,2,8,3,5,4,16,38,0
724,Eric Garcia,3.7,4,3,2,2,0,3,4,75.0,1,5,3,2,1,5,8,0
725,Fran Garcia,5.0,7,4,4,3,0,4,12,33.3,8,5,0,5,7,14,12,1
726,Francisco Jesus Crespo Garcia,2.5,7,4,2,5,0,3,11,27.3,8,3,0,3,2,9,2,0
728,Raul Garcia,0.7,1,1,1,0,0,1,4,25.0,3,2,0,2,1,2,0,0
729,Ruben Garcia,3.4,6,5,1,3,2,3,7,42.9,4,8,2,6,1,7,5,0
731,Alejandro Garnacho,1.9,2,2,1,0,1,1,4,25.0,3,2,0,2,1,3,1,0
732,James Garner,5.9,11,8,5,5,1,5,9,55.6,4,9,2,7,2,13,2,0
733,Luca Garritano,1.2,3,1,2,1,0,0,3,0.0,3,4,0,4,0,3,0,0
734,Johan Gastien,6.1,8,4,2,5,1,5,14,35.7,9,6,1,5,7,15,4,2
735,Federico Gatti,4.2,5,3,3,1,1,2,2,100.0,0,3,3,0,1,6,15,0
736,Federico Gattoni,0.1,1,0,1,0,0,1,1,100.0,0,0,0,0,0,1,1,0
737,Gavi,6.5,20,9,10,7,3,8,22,36.4,14,14,3,11,7,27,9,0
739,Gelabert,2.5,4,3,2,2,0,2,5,40.0,3,2,0,2,2,6,4,0
740,Francesco Gelli,3.9,4,2,2,1,1,2,2,100.0,0,4,2,2,4,8,2,0
741,Valentin Gendrey,6.0,8,5,5,3,0,5,8,62.5,3,12,2,10,9,17,15,0
742,Denis Genreau,3.8,8,6,4,4,0,6,10,60.0,4,7,1,6,3,11,5,0
743,Yannick Gerhardt,3.8,4,3,2,1,1,1,6,16.7,5,4,1,3,1,5,4,0
744,Anwar El Ghazi,0.4,0,0,0,0,0,0,1,0.0,1,0,0,0,0,0,0,0
746,Morgan Gibbs-White,6.3,7,5,1,2,4,4,8,50.0,4,4,2,2,6,13,3,0
747,Samuel Gigot,5.0,10,8,4,5,1,3,3,100.0,0,8,6,2,8,18,31,0
748,Billy Gilmour,4.8,7,6,5,1,1,3,15,20.0,12,5,2,3,0,7,3,0
750,Matthias Ginter,6.0,7,3,5,2,0,3,7,42.9,4,10,7,3,5,12,25,0
751,Olivier Giroud,4.6,3,2,1,2,0,1,1,100.0,0,3,0,3,1,4,2,0
752,Klaus Gjasula,3.0,12,7,5,7,0,0,3,0.0,3,3,2,1,4,16,11,0
754,Serge Gnabry,1.8,2,1,0,2,0,2,7,28.6,5,2,0,2,0,2,2,0
756,Edoardo Goldaniga,0.5,3,3,2,1,0,1,3,33.3,2,0,0,0,1,4,2,0
757,Aleksandr Golovin,5.8,7,5,1,5,1,2,9,22.2,7,5,0,5,1,8,2,0
758,Angel Gomes,5.8,6,4,1,5,0,3,8,37.5,5,4,1,3,4,10,6,0
759,Joao Gomes,6.2,19,15,5,11,3,7,21,33.3,14,8,1,7,4,23,5,0
760,Toti Gomes,1.8,4,3,4,0,0,1,2,50.0,1,2,2,0,2,6,3,0
761,Joe Gomez,4.6,9,4,5,2,2,6,12,50.0,6,4,1,3,7,16,15,1
762,Maxi Gomez,2.6,1,1,1,0,0,1,1,100.0,0,1,1,0,0,1,0,0
763,Moi Gomez,3.2,2,2,1,1,0,0,2,0.0,2,1,0,1,2,4,1,0
764,Papu Gomez,0.2,0,0,0,0,0,0,1,0.0,1,0,0,0,0,0,0,0
767,Maxime Gonalons,6.1,16,9,5,10,1,9,21,42.9,12,6,0,6,9,25,1,0
768,Edgar Gonzalez,5.9,11,6,4,5,2,6,9,66.7,3,12,6,6,7,18,32,0
769,Giovanni Gonzalez,4.6,12,9,4,8,0,7,9,77.8,2,0,0,0,1,13,6,0
771,Joan Gonzalez,2.1,2,1,0,2,0,1,3,33.3,2,3,0,3,1,3,1,0
772,Nicolas Gonzalez,4.8,8,5,5,3,0,2,9,22.2,7,6,1,5,2,10,1,0
773,Urko Gonzalez,1.1,3,0,0,2,1,1,1,100.0,0,0,0,0,0,3,3,0
774,Anthony Gordon,6.0,15,8,5,8,2,8,19,42.1,11,6,0,6,1,16,2,0
775,Leon Goretzka,4.4,7,4,3,1,3,5,9,55.6,4,5,0,5,8,15,5,0
776,Andoni Gorosabel,7.4,8,4,4,3,1,4,14,28.6,10,5,1,4,4,12,10,0
777,Robin Gosens,4.8,11,8,3,6,2,6,8,75.0,2,14,1,13,10,21,7,0
778,Mario Gotze,4.7,5,2,2,2,1,3,6,50.0,3,7,0,7,1,6,2,0
780,Amine Gouiri,5.6,5,4,1,1,3,3,4,75.0,1,4,0,4,3,8,3,0
781,Jeffrey Gouweleeuw,2.5,1,1,1,0,0,1,1,100.0,0,7,4,3,6,7,12,0
782,Pablo Gozalbez,1.1,1,0,0,0,1,1,6,16.7,5,0,0,0,1,2,2,0
783,Jonathan Gradit,6.5,11,6,5,5,1,6,11,54.5,5,4,1,3,8,19,12,0
784,Samuel Grandsir,2.1,3,2,1,1,1,1,4,25.0,3,0,0,0,2,5,2,1
785,Alberto Grassi,3.5,5,3,2,3,0,2,4,50.0,2,5,2,3,7,12,4,0
786,Ryan Gravenberch,0.3,2,1,1,1,0,1,3,33.3,2,0,0,0,1,3,2,0
788,Jack Grealish,2.2,3,1,1,2,0,2,3,66.7,1,3,1,2,1,4,1,0
789,Mason Greenwood,1.9,0,0,0,0,0,0,1,0.0,1,0,0,0,1,1,0,0
790,Michael Gregoritsch,2.0,1,1,1,0,0,0,3,0.0,3,4,1,3,0,1,1,0
791,Antoine Griezmann,6.4,11,5,4,5,2,4,7,57.1,3,5,2,3,1,12,4,0
792,Vincenzo Grifo,5.1,7,4,3,3,1,4,6,66.7,2,3,0,3,2,9,4,0
793,Florian Grillitsch,4.6,9,6,6,2,1,4,12,33.3,8,5,0,5,8,17,5,0
794,Alex Grimaldo,5.9,17,6,10,2,5,13,18,72.2,5,7,2,5,4,21,7,0
795,Christian Gross,3.9,9,5,5,4,0,3,13,23.1,10,7,2,5,5,14,5,0
796,Pascal Gross,4.9,7,2,2,3,2,4,11,36.4,7,11,1,10,5,12,3,0
797,Brajan Gruda,2.4,1,1,0,1,0,0,2,0.0,2,2,0,2,0,1,0,0
799,Andres Guardado,2.0,7,5,2,5,0,3,5,60.0,2,0,0,0,2,9,2,0
801,Nemanja Gudelj,5.0,4,3,3,1,0,2,3,66.7,1,3,3,0,4,8,16,0
802,Gabriel Gudmundsson,1.2,2,1,0,2,0,2,4,50.0,2,0,0,0,1,3,2,0
803,Marc Guehi,6.0,8,5,8,0,0,5,8,62.5,3,8,8,0,5,13,26,0
804,Matteo Guendouzi,2.0,4,2,1,2,1,1,4,25.0,3,0,0,0,1,5,0,1
807,Javier Guerra,6.4,8,4,5,3,0,3,10,30.0,7,13,1,12,5,13,9,0
809,Axel Guessand,0.5,1,1,0,1,0,1,1,100.0,0,1,0,1,0,1,0,0
811,Ander Guevara,7.8,15,8,8,6,1,6,15,40.0,9,7,2,5,2,17,7,1
812,Morgan Guilavogui,2.1,7,4,1,6,0,1,5,20.0,4,3,1,2,3,10,2,0
813,Frederic Guilbert,4.3,10,2,3,6,1,6,11,54.5,5,6,1,5,16,26,11,0
814,Hugo Guillamon,0.6,3,1,0,2,1,3,3,100.0,0,0,0,0,0,3,1,0
815,Bruno Guimaraes,6.8,16,9,11,3,2,7,18,38.9,11,11,3,8,4,20,2,0
818,Gerard Gumbau,7.1,7,5,2,4,1,3,8,37.5,5,5,1,4,2,9,8,1
820,Ilkay Gundogan,7.1,5,3,3,2,0,2,3,66.7,1,5,0,5,2,7,4,0
822,Jon Guridi,5.8,6,4,2,3,1,1,8,12.5,7,8,2,6,3,9,2,0
823,Gorka Guruzeta,5.7,9,7,1,8,0,2,3,66.7,1,5,0,5,6,15,7,0
824,Malo Gusto,4.6,13,6,10,3,0,6,10,60.0,4,7,1,6,3,16,6,0
825,Miguel Gutierrez,7.0,6,3,2,2,2,3,7,42.9,4,3,1,2,2,8,19,0
826,Albert Gudmundsson,6.9,8,4,5,2,1,4,10,40.0,6,4,0,4,6,14,1,0
827,Josko Gvardiol,4.1,6,4,2,4,0,4,6,66.7,2,3,2,1,2,8,7,0
828,Emmanuel Gyasi,1.8,2,0,1,1,0,0,1,0.0,1,2,0,2,1,3,1,0
829,Norbert Gyomber,6.5,13,8,10,3,0,8,9,88.9,1,16,13,3,13,26,27,0
832,Nicolas Haas,1.0,5,3,1,2,2,3,3,100.0,0,1,0,1,1,6,1,0
833,Janik Haberer,2.0,5,4,0,3,2,4,7,57.1,3,3,1,2,1,6,0,0
836,Munir El Haddadi,6.5,5,3,1,3,1,3,7,42.9,4,5,0,5,2,7,5,0
838,Ianis Hagi,2.4,6,5,0,5,1,2,3,66.7,1,2,0,2,1,7,1,0
839,Massadio Haidara,1.2,2,1,1,1,0,0,1,0.0,1,1,0,1,4,6,4,1
841,Achraf Hakimi,6.9,9,5,3,3,3,6,12,50.0,6,9,1,8,8,17,7,1
842,Lewis Hall,0.1,0,0,0,0,0,0,1,0.0,1,0,0,0,0,0,0,0
843,Sebastien Haller,3.3,1,0,0,1,0,1,1,100.0,0,3,1,2,0,1,6,0
844,Gustavo Hamer,5.5,8,4,4,3,1,3,15,20.0,12,8,0,8,3,11,7,0
845,Andreas Hanche-Olsen,0.7,3,0,2,1,0,1,1,100.0,0,0,0,0,0,3,2,0
846,Ridgeciano Haps,0.9,1,1,1,0,0,0,1,0.0,1,1,0,1,4,5,1,1
848,Amine Harit,2.1,5,3,2,3,0,3,5,60.0,2,3,1,2,1,6,0,0
849,Luke Harris,0.8,1,1,1,0,0,0,1,0.0,1,0,0,0,0,1,0,0
850,Jack Harrison,0.5,2,0,0,0,2,2,2,100.0,0,1,0,1,1,3,1,0
851,Abdou Harroui,2.8,6,5,1,5,0,2,5,40.0,3,4,0,4,2,8,0,0
852,Makoto Hasebe,0.3,1,1,1,0,0,1,1,100.0,0,0,0,0,0,1,1,0
854,Pantelis Hatzidiakos,3.4,10,4,7,3,0,6,9,66.7,3,7,3,4,3,13,5,0
855,Kai Havertz,5.0,13,5,1,9,3,9,11,81.8,2,7,1,6,3,16,4,0
858,Jan Paul van Hecke,3.0,4,2,4,0,0,2,6,33.3,4,6,6,0,3,7,12,0
859,Hwang Hee-chan,3.7,4,1,3,1,0,2,6,33.3,4,2,0,2,2,6,1,0
860,Silvan Hefti,1.1,6,1,2,3,1,4,7,57.1,3,2,0,2,0,6,1,0
863,Benjamin Henrichs,5.9,15,9,7,6,2,4,17,23.5,13,12,1,11,9,24,3,0
865,Luiz Henrique,1.6,3,3,1,2,0,2,4,50.0,2,3,0,3,1,4,2,0
866,Matheus Henrique,6.9,13,9,6,7,0,8,16,50.0,8,4,1,3,6,19,7,2
867,Rico Henry,4.5,7,5,3,3,1,6,7,85.7,1,8,3,5,5,12,5,1
869,Christophe Herelle,3.5,3,2,3,0,0,2,4,50.0,2,0,0,0,2,5,9,0
870,Mario Hermoso,6.7,11,5,7,4,0,3,7,42.9,4,9,2,7,8,19,29,0
871,Javi Hernandez,7.7,5,5,4,0,1,4,10,40.0,6,9,3,6,3,8,22,0
872,Aridane Hernandez,6.8,7,5,3,3,1,4,7,57.1,3,3,2,1,2,9,30,1
873,Lucas Hernandez,5.4,10,5,4,3,3,6,8,75.0,2,1,0,1,4,14,6,0
874,Luis Hernandez,6.0,4,3,2,2,0,2,6,33.3,4,2,1,1,5,9,21,0
875,Theo Hernandez,5.9,3,2,3,0,0,1,3,33.3,2,5,3,2,6,9,5,0
877,Ander Herrera,2.4,12,10,4,8,0,5,10,50.0,5,6,1,5,6,18,4,0
878,Cristian Herrera,1.0,1,1,0,1,0,1,2,50.0,1,1,0,1,0,1,2,0
880,Yangel Herrera,6.1,12,6,2,7,3,3,13,23.1,10,8,2,6,5,17,11,0
881,Son Heung-min,6.1,2,2,1,1,0,1,4,25.0,3,0,0,0,2,4,3,0
882,Aaron Hickey,6.0,14,9,8,2,4,7,7,100.0,0,4,1,3,2,16,8,0
884,Isak Hien,3.9,9,5,4,5,0,4,6,66.7,2,2,1,1,3,12,10,0
887,Jack Hinshelwood,0.9,0,0,0,0,0,0,3,0.0,3,1,0,1,3,3,0,0
889,Nicolas Hofler,2.9,4,3,2,2,0,1,3,33.3,2,4,2,2,5,9,8,0
890,Jonas Hofmann,5.8,8,6,1,5,2,4,8,50.0,4,4,0,4,3,11,1,0
891,Philipp Hofmann,4.2,3,1,0,2,1,1,1,100.0,0,0,0,0,1,4,1,0
892,Lucas Holer,5.7,14,9,7,4,3,2,4,50.0,2,4,1,3,2,16,6,0
893,Fabian Holland,5.6,14,8,8,5,1,9,16,56.3,7,8,3,5,9,23,8,0
894,Benedict Hollerbach,0.8,2,2,1,0,1,2,3,66.7,1,4,0,4,0,2,0,0
895,Emil Holm,1.0,3,2,0,2,1,1,4,25.0,3,2,0,2,1,4,2,0
896,Martin Hongla,5.4,12,5,4,7,1,3,4,75.0,1,2,2,0,3,15,8,0
897,Franck Honorat,4.7,4,3,1,3,0,2,3,66.7,1,5,0,5,2,6,1,0
898,Mathias Honsak,2.7,1,1,0,0,1,0,2,0.0,2,5,0,5,2,3,2,0
899,Sydney van Hooijdonk,0.3,2,0,0,2,0,1,1,100.0,0,0,0,0,0,2,2,0
900,Fraser Hornby,1.5,0,0,0,0,0,0,1,0.0,1,2,1,1,0,0,2,0
902,Timo Hubers,6.0,13,9,10,2,1,11,19,57.9,8,9,3,6,17,30,30,0
903,Callum Hudson-Odoi,1.8,1,1,0,0,1,0,1,0.0,1,2,0,2,0,1,2,0
904,Will Hughes,3.0,10,6,3,4,3,4,8,50.0,4,10,4,6,4,14,10,0
905,Mats Hummels,4.5,11,7,8,2,1,7,12,58.3,5,4,2,2,8,19,17,0
906,Denis Huseinbasic,2.5,3,2,2,0,1,2,3,66.7,1,4,0,4,3,6,2,0
907,Elseid Hysaj,3.1,7,4,4,2,1,4,7,57.1,3,8,2,6,2,9,15,0
908,Pierre Hojbjerg,0.9,1,0,1,0,0,1,1,100.0,0,3,1,2,0,1,3,0
910,Rasmus Hojlund,3.0,1,0,0,0,1,0,1,0.0,1,0,0,0,0,1,5,0
911,Iago,2.1,4,1,3,1,0,2,5,40.0,3,3,0,3,1,5,5,0
912,Pablo Ibanez,3.0,2,0,0,1,1,0,4,0.0,4,4,1,3,1,3,2,0
914,Iglesias,4.0,5,4,2,1,2,1,2,50.0,1,1,1,0,4,9,16,0
915,Borja Iglesias,1.9,0,0,0,0,0,0,1,0.0,1,0,0,0,2,2,1,0
916,Jonathan Ikone,0.6,2,2,1,0,1,1,1,100.0,0,0,0,0,0,2,1,0
918,Ivan Ilic,3.6,6,4,1,4,1,3,5,60.0,2,1,0,1,2,8,3,0
919,Samuel Iling-Junior,1.0,5,4,4,1,0,3,5,60.0,2,4,1,3,1,6,1,0
920,Imanol,1.9,2,2,0,2,0,1,3,33.3,2,3,0,3,4,6,5,0
921,Ciro Immobile,5.7,3,3,1,1,1,1,6,16.7,5,0,0,0,2,5,0,0
924,Bonke Innocent,0.1,1,1,0,1,0,1,1,100.0,0,0,0,0,0,1,0,0
925,Alexander Isak,4.3,1,0,0,1,0,1,3,33.3,2,1,0,1,0,1,1,0
927,Isco,6.8,7,5,3,4,0,4,8,50.0,4,6,0,6,1,8,0,0
928,Thomas Isherwood,0.8,2,0,1,1,0,1,1,100.0,0,2,2,0,2,4,5,0
929,Ismaily,5.9,10,8,4,3,3,4,8,50.0,4,5,3,2,5,15,12,0
931,Ko Itakura,5.8,8,5,5,3,0,4,7,57.1,3,14,7,7,11,19,21,0
932,Hiroki Ito,5.8,2,2,1,1,0,1,2,50.0,1,5,0,5,8,10,16,0
933,Junya Ito,7.0,13,6,6,4,3,5,15,33.3,10,6,0,6,7,20,3,0
934,Alex Iwobi,1.6,2,0,1,0,1,2,3,66.7,1,2,0,2,1,3,0,0
936,Alex Iwobi,0.9,3,2,2,1,0,1,2,50.0,1,0,0,0,0,3,0,0
937,Armando Izzo,4.5,11,7,6,5,0,4,10,40.0,6,5,3,2,5,16,7,1
938,Nicolas Jackson,5.7,5,5,0,2,3,0,1,0.0,1,5,1,4,1,6,4,0
939,Lee Jae-sung,4.9,4,3,0,3,1,4,11,36.4,7,5,0,5,5,9,3,0
940,Paul Jaeckel,0.3,1,0,0,1,0,1,2,50.0,1,0,0,0,3,4,1,0
941,Filip Jagiello,0.4,0,0,0,0,0,0,1,0.0,1,1,1,0,1,1,0,0
942,Kristijan Jakic,1.7,1,1,0,1,0,0,2,0.0,2,1,0,1,0,1,1,0
943,Ismail Jakobs,1.0,1,1,1,0,0,1,2,50.0,1,2,0,2,2,3,2,0
944,Ablie Jallow,0.8,0,0,0,0,0,0,1,0.0,1,0,0,0,0,0,0,0
946,Vitaly Janelt,6.2,9,6,3,4,2,6,15,40.0,9,10,1,9,3,12,7,0
947,Jakub Jankto,1.7,4,3,3,1,0,2,5,40.0,3,0,0,0,2,6,9,0
948,Tony Jantschke,0.2,1,1,1,0,0,1,1,100.0,0,2,2,0,0,1,2,0
949,Adnan Januzaj,0.3,0,0,0,0,0,0,1,0.0,1,0,0,0,0,0,0,0
950,Luis Javier Suarez,7.7,5,4,2,3,0,1,4,25.0,3,9,0,9,0,5,8,0
951,Danley Jean-Jacques,6.1,7,4,3,3,1,2,9,22.2,7,11,2,9,7,14,6,0
952,Jefferson,1.3,3,0,0,2,1,1,2,50.0,1,0,0,0,0,3,0,0
953,Fredrik Jensen,0.6,2,0,0,2,0,1,3,33.3,2,1,1,0,0,2,1,0
954,Mathias Jensen,6.0,16,11,8,7,1,9,23,39.1,14,8,2,6,6,22,7,1
955,Moritz Jenz,2.0,5,4,2,2,1,1,1,100.0,0,3,2,1,5,10,13,0
956,Gabriel Jesus,2.3,5,3,2,1,2,0,1,0.0,1,4,0,4,2,7,1,0
957,Juan Jesus,4.0,10,5,8,1,1,6,7,85.7,1,3,2,1,4,14,9,0
958,Raul Jimenez,5.6,5,5,1,3,1,2,8,25.0,6,5,2,3,0,5,6,0
959,Joao Pedro,3.6,8,5,3,3,2,2,5,40.0,3,2,0,2,3,11,8,0
960,Joelinton,3.2,8,7,4,3,1,2,5,40.0,3,3,1,2,3,11,4,0
962,Ryan John Giles,3.0,3,3,1,1,1,1,4,25.0,3,1,0,1,1,4,8,0
963,Brennan Johnson,0.8,0,0,0,0,0,0,1,0.0,1,0,0,0,1,1,0,0
964,Brennan Johnson,2.6,4,1,1,1,2,2,4,50.0,2,4,1,3,0,4,0,0
966,Curtis Jones,3.1,8,4,4,2,2,3,7,42.9,4,4,0,4,2,10,3,0
967,Frenkie de Jong,5.4,5,4,3,2,0,2,5,40.0,3,2,2,0,2,7,7,0
968,Joan Jordan,2.8,5,4,2,3,0,5,11,45.5,6,2,2,0,3,8,2,0
969,Jorginho,0.8,3,1,3,0,0,2,5,40.0,3,1,1,0,1,4,0,1
970,Willian Jose,4.0,4,2,0,2,2,0,1,0.0,1,2,1,1,0,4,4,0
972,Diogo Jota,3.2,6,5,0,5,1,4,10,40.0,6,3,1,2,1,7,2,0
973,Antoine Joujou,0.9,2,1,1,1,0,1,2,50.0,1,0,0,0,0,2,1,0
975,Juanpe,0.8,1,1,1,0,0,1,1,100.0,0,2,2,0,0,1,12,0
976,Mads Juel Andersen,3.5,2,2,1,1,0,2,2,100.0,0,7,5,2,6,8,22,0
977,Christopher Jullien,2.6,3,3,2,1,0,2,4,50.0,2,2,0,2,2,5,13,0
978,Anthony Jung,3.5,3,1,2,0,1,1,2,50.0,1,4,1,3,1,4,9,0
979,Eli Junior Kroupi,2.9,1,1,1,0,0,0,6,0.0,6,0,0,0,3,4,1,0
980,Hamed Junior Traore,0.5,1,0,1,0,0,1,3,33.3,2,3,0,3,0,1,0,0
981,Vinicius Junior,3.2,2,1,1,0,1,0,2,0.0,2,0,0,0,0,2,1,0
982,Josip Juranovic,3.0,3,1,2,1,0,0,2,0.0,2,1,0,1,0,3,5,0
983,Julian Justvan,0.3,1,0,1,0,0,1,2,50.0,1,0,0,0,0,1,0,0
984,Filip Jorgensen,8.0,1,0,1,0,0,1,2,50.0,1,0,0,0,0,1,3,1
986,Mohamed Kaba,3.6,6,4,3,2,1,2,5,40.0,3,7,0,7,2,8,3,0
988,Sory Kaba,4.3,0,0,0,0,0,0,3,0.0,3,2,0,2,0,0,5,0
989,Ozan Kabak,4.7,10,8,6,3,1,5,7,71.4,2,9,4,5,6,16,28,0
990,Christian Kabasele,3.4,3,3,1,2,0,1,4,25.0,3,7,3,4,4,7,8,0
991,Issa Kabore,5.3,15,7,9,4,2,6,9,66.7,3,4,2,2,6,21,12,1
992,Abdoul Kader Bamba,2.3,6,4,2,3,1,4,4,100.0,0,3,0,3,2,8,2,0
993,Pavel Kaderabek,4.0,1,1,1,0,0,0,1,0.0,1,5,2,3,5,6,10,0
994,Tino Kadewere,1.4,1,1,0,1,0,1,2,50.0,1,0,0,0,2,3,3,0
995,Kaiky,2.7,4,3,3,0,1,2,5,40.0,3,1,1,0,2,6,10,0
996,Florian Kainz,5.1,12,9,4,4,4,8,12,66.7,4,2,0,2,1,13,2,0
998,Arnaud Kalimuendo,3.7,2,1,1,1,0,1,2,50.0,1,0,0,0,1,3,1,0
999,Gedeon Kalulu,6.1,14,10,9,5,0,7,14,50.0,7,6,2,4,3,17,12,0
1001,Daichi Kamada,3.1,8,4,6,1,1,4,10,40.0,6,4,1,3,2,10,2,0
1002,Waren Kamanzi,0.6,3,2,1,1,1,1,2,50.0,1,1,0,1,1,4,0,0
1003,Boubacar Kamara,6.6,19,14,8,9,2,12,19,63.2,7,4,1,3,6,25,3,0
1004,Hassane Kamara,5.2,9,7,4,3,2,3,4,75.0,1,3,0,3,8,17,12,0
1005,Jakub Kaminski,0.7,1,1,1,0,0,0,1,0.0,1,1,0,1,0,1,1,0
1007,Kevin Kampl,5.0,7,3,1,4,2,4,6,66.7,2,7,2,5,6,13,3,0
1008,Harry Kane,5.8,2,1,1,0,1,1,3,33.3,2,0,0,0,2,4,6,0
1009,Lee Kang-in,1.5,2,2,1,0,1,1,2,50.0,1,1,0,1,0,2,0,0
1011,Atakan Karazor,5.5,17,12,7,7,3,11,13,84.6,2,4,3,1,8,25,10,0
1012,Emir Karic,3.7,11,7,5,3,3,5,7,71.4,2,8,0,8,2,13,8,0
1014,Jesper Karlsson,3.5,3,3,2,1,0,2,8,25.0,6,4,0,4,3,6,1,0
1016,Rick Karsdorp,1.5,3,2,2,0,1,2,4,50.0,2,0,0,0,1,4,1,0
1017,Grigoris Kastanos,5.7,8,7,4,1,3,5,8,62.5,3,3,1,2,7,15,3,0
1018,Silas Katompa,3.9,2,1,1,1,0,1,3,33.3,2,3,0,3,0,2,1,0
1020,Michael Kayode,3.3,8,5,6,1,1,4,5,80.0,1,6,3,3,2,10,11,0
1022,Michael Keane,2.0,3,2,2,0,1,0,1,0.0,1,0,0,0,3,6,7,1
1023,Kevin Keben Biakolo,0.6,1,1,1,0,0,1,2,50.0,1,1,0,1,0,1,5,0
1024,Yassine Kechta,4.0,17,6,7,9,1,9,21,42.9,12,6,2,4,9,26,0,0
1028,Yannik Keitel,1.4,7,5,3,3,1,3,4,75.0,1,3,0,3,4,11,4,1
1030,Lloyd Kelly,3.1,4,3,0,2,2,2,5,40.0,3,4,3,1,3,7,9,0
1031,Aljoscha Kemlein,0.3,0,0,0,0,0,0,3,0.0,3,1,0,1,0,0,0,0
1032,Tobias Kempe,2.3,4,4,2,2,0,2,3,66.7,1,0,0,0,1,5,0,0
1033,Milos Kerkez,6.7,21,9,13,7,1,12,18,66.7,6,8,1,7,7,28,21,1
1034,Reda Khadra,0.9,1,0,0,0,1,1,2,50.0,1,0,0,0,2,3,2,0
1035,Wahbi Khazri,4.4,8,6,4,4,0,7,13,53.8,6,2,0,2,0,8,3,0
1036,Kike,5.5,1,1,0,1,0,1,4,25.0,3,8,3,5,0,1,3,0
1038,Max Kilman,7.0,7,3,5,1,1,1,4,25.0,3,12,6,6,8,15,33,0
1040,Joshua Kimmich,5.5,13,9,2,8,3,8,12,66.7,4,6,1,5,4,17,3,0
1041,Jakub Kiwior,1.0,2,2,1,1,0,2,2,100.0,0,3,1,2,0,2,2,0
1042,Simon Kjaer,3.2,9,4,3,4,2,6,6,100.0,0,4,1,3,3,12,12,0
1044,Christoph Klarer,5.5,13,9,11,2,0,6,10,60.0,4,8,4,4,4,17,12,0
1045,Tim Kleindienst,5.9,2,1,1,0,1,2,6,33.3,4,5,3,2,2,4,7,0
1046,Lukas Klostermann,0.4,0,0,0,0,0,0,1,0.0,1,0,0,0,0,0,0,0
1047,Justin Kluivert,3.7,4,1,1,3,0,2,7,28.6,5,3,0,3,4,8,1,0
1048,Ansgar Knauff,1.3,2,0,1,1,0,0,5,0.0,5,5,1,4,1,3,2,0
1049,Robin Knoche,3.9,5,1,5,0,0,4,6,66.7,2,4,3,1,4,9,11,0
1051,Robin Koch,6.0,7,6,6,1,0,6,8,75.0,2,6,5,1,5,12,31,0
1053,Dominik Kohr,5.3,15,10,8,6,1,7,12,58.3,5,8,0,8,14,29,13,0
1054,Koke,2.2,6,6,3,3,0,4,7,57.1,3,2,1,1,2,8,4,0
1055,Sead Kolasinac,6.3,8,6,5,3,0,7,8,87.5,1,3,0,3,4,12,7,0
1056,Luca Koleosho,5.2,2,1,1,1,0,0,4,0.0,4,6,0,6,0,2,0,0
1057,Randal Kolo Muani,2.3,2,2,1,1,0,1,2,50.0,1,0,0,0,1,3,4,0
1059,Cheick Konate,2.3,7,6,5,2,0,5,6,83.3,1,4,1,3,3,10,4,0
1060,Ibrahima Konate,2.3,7,4,4,3,0,2,4,50.0,2,3,2,1,1,8,10,0
1061,Geoffrey Kondogbia,1.9,7,3,6,0,1,2,2,100.0,0,5,1,4,2,9,8,0
1062,Ibrahima Kone,2.2,1,0,1,0,0,1,1,100.0,0,1,0,1,0,1,4,0
1063,Ibrahima Kone,0.4,0,0,0,0,0,0,1,0.0,1,0,0,0,0,0,0,0
1064,Kouadio Kone,0.9,2,2,0,2,0,0,1,0.0,1,0,0,0,1,3,0,0
1066,Ezri Konsa,7.0,14,9,6,6,2,6,7,85.7,1,11,8,3,5,19,24,1
1067,Teun Koopmeiners,6.8,8,5,4,3,1,4,14,28.6,10,4,1,3,1,9,7,0
1068,Odilon Kossonou,5.9,8,7,3,4,1,3,5,60.0,2,13,1,12,13,21,10,0
1069,Filip Kostic,2.4,6,5,3,1,2,4,8,50.0,4,7,2,5,0,6,2,0
1070,Christian Kouame,1.9,3,1,2,1,0,1,2,50.0,1,5,0,5,0,3,1,0
1071,Rominigue Kouame,1.0,1,0,1,0,0,0,2,0.0,2,1,0,1,1,2,0,0
1072,Koffi Kouao,5.7,7,5,4,2,1,3,7,42.9,4,4,2,2,10,17,20,0
1074,Jules Kounde,7.1,6,5,4,1,1,4,4,100.0,0,6,4,2,4,10,28,0
1075,Boubakar Kouyate,7.0,15,9,10,4,1,7,17,41.2,10,7,3,4,8,23,38,0
1076,Cheikhou Kouyate,0.6,3,2,2,1,0,1,2,50.0,1,1,1,0,0,3,7,0
1077,Mateo Kovacic,4.3,8,7,4,3,1,3,4,75.0,1,5,0,5,1,9,2,0
1079,Dawid Kownacki,1.6,0,0,0,0,0,0,1,0.0,1,1,1,0,0,0,1,0
1080,Alex Kral,5.0,7,6,1,4,2,3,7,42.9,4,4,1,3,1,8,10,0
1081,Andrej Kramaric,5.8,1,0,0,0,1,0,1,0.0,1,1,0,1,0,1,2,0
1082,Christoph Kramer,0.3,1,1,1,0,0,0,2,0.0,2,1,1,0,1,2,1,0
1083,Frans Kratzig,0.3,0,0,0,0,0,0,1,0.0,1,0,0,0,0,0,0,0
1084,Tom Krauss,1.7,4,3,1,2,1,2,3,66.7,1,4,1,3,4,8,2,0
1085,Thomas Kristensen,2.9,3,2,2,1,0,1,2,50.0,1,2,2,0,5,8,13,0
1086,Toni Kroos,4.8,7,3,3,3,1,5,10,50.0,5,5,1,4,4,11,2,1
1087,Nikola Krstovic,4.8,4,1,2,2,0,3,4,75.0,1,3,1,2,0,4,7,0
1088,Rade Krunic,4.7,5,4,2,2,1,2,4,50.0,2,2,0,2,7,12,11,0
1089,Lukas Kubler,5.8,14,7,9,4,1,7,11,63.6,4,7,3,4,9,23,11,0
1090,Takefusa Kubo,6.4,6,4,1,4,1,3,6,50.0,3,9,1,8,6,12,2,0
1092,Dejan Kulusevski,6.9,11,5,4,3,4,2,16,12.5,14,3,0,3,6,17,1,0
1093,Sael Kumbedi,5.6,19,12,12,6,1,6,16,37.5,10,6,0,6,7,26,9,1
1094,Berkan Kutlu,1.3,4,2,4,0,0,3,5,60.0,2,1,0,1,2,6,3,0
1095,Daler Kuzyaev,6.8,8,3,3,4,1,4,13,30.8,9,4,1,3,3,11,3,0
1096,Khvicha Kvaratskhelia,4.4,6,4,1,2,3,2,7,28.6,5,2,0,2,5,11,4,0
1097,Giorgi Kvernadze,0.4,1,0,0,0,1,1,1,100.0,0,1,0,1,1,2,0,0
1098,Grejohn Kyei,3.4,3,1,0,1,2,1,1,100.0,0,0,0,0,0,3,0,0
1099,Giorgos Kyriakopoulos,3.5,3,2,2,1,0,0,2,0.0,2,2,0,2,4,7,3,0
1100,Luca de la Torre,5.5,8,3,3,3,2,4,7,57.1,3,7,2,5,2,10,5,0
1101,Gaetan Laborde,6.0,3,3,2,0,1,3,9,33.3,6,5,0,5,2,5,0,1
1102,Alexandre Lacazette,3.7,2,1,0,1,1,0,1,0.0,1,4,1,3,1,3,0,0
1103,Maxence Lacroix,6.0,8,5,8,0,0,6,8,75.0,2,9,4,5,8,16,31,0
1105,Aissa Laidouni,3.4,7,3,1,5,1,1,3,33.3,2,9,1,8,3,10,1,0
1106,Konrad Laimer,3.8,12,8,5,4,3,4,8,50.0,4,11,1,10,3,15,5,1
1107,Kenny Lala,7.0,21,12,8,7,6,4,16,25.0,12,3,1,2,7,28,16,0
1108,Adam Lallana,1.3,3,0,1,2,0,0,3,0.0,3,0,0,0,1,4,0,0
1109,Mathis Lambourde,0.1,0,0,0,0,0,0,1,0.0,1,1,0,1,0,0,1,0
1110,Erik Lamela,3.7,13,8,1,7,5,6,10,60.0,4,9,0,9,0,13,4,0
1111,Mohamed Lamine Bayo,1.5,2,1,0,1,1,0,2,0.0,2,2,0,2,0,2,0,0
1112,Tariq Lamptey,1.5,3,3,1,2,0,0,3,0.0,3,0,0,0,2,5,0,0
1114,Julien Laporte,7.0,7,5,6,1,0,6,15,40.0,9,11,8,3,6,13,38,0
1116,Yasser Larouci,2.2,4,1,2,1,1,2,3,66.7,1,4,1,3,5,9,9,0
1118,Hugo Larsson,3.8,6,3,5,1,0,0,3,0.0,3,6,2,4,5,11,1,0
1120,Juanmi Latasa,5.7,0,0,0,0,0,0,4,0.0,4,2,0,2,2,2,10,0
1121,Toni Lato,3.6,9,6,4,5,0,2,3,66.7,1,5,1,4,4,13,4,0
1122,Armand Lauriente,6.1,4,2,1,3,0,3,10,30.0,7,6,0,6,4,8,2,0
1123,Lazaro,0.7,0,0,0,0,0,0,2,0.0,2,0,0,0,0,0,0,0
1124,Valentino Lazaro,4.3,4,2,0,3,1,3,5,60.0,2,3,0,3,3,7,9,0
1125,Darko Lazovic,2.7,3,1,1,0,2,2,4,50.0,2,2,1,1,0,3,3,0
1126,Manuel Lazzari,2.7,3,2,0,2,1,3,5,60.0,2,3,1,2,2,5,7,0
1127,Theo Le Bris,3.3,13,7,10,2,1,6,14,42.9,8,4,0,4,1,14,6,0
1128,Julien Le Cardinal,0.0,1,1,0,0,1,0,1,0.0,1,0,0,0,0,1,0,0
1129,Julien Le Cardinal,0.6,6,2,4,2,0,4,9,44.4,5,2,1,1,0,6,0,0
1130,Jeremy Le Douaron,6.4,7,6,4,0,3,5,8,62.5,3,3,1,2,2,9,4,0
1131,Enzo Le Fee,3.8,10,8,5,3,2,10,13,76.9,3,3,0,3,2,12,5,0
1132,Vincent Le Goff,5.4,5,0,4,0,1,4,7,57.1,3,7,2,5,3,8,8,0
1133,Robin Le Normand,6.7,7,6,4,3,0,3,8,37.5,5,3,2,1,8,15,18,1
1137,Jeremias Ledesma,8.0,0,0,0,0,0,0,1,0.0,1,0,0,0,0,0,3,1
1138,Pierre Lees-Melou,7.0,27,18,13,13,1,8,34,23.5,26,19,4,15,10,37,20,0
1139,Diogo Leite,5.7,9,6,4,2,3,7,11,63.6,4,4,1,3,9,18,34,0
1140,Maxim Leitsch,0.8,1,1,1,0,0,1,2,50.0,1,0,0,0,0,1,1,0
1141,Florian Lejeune,8.0,7,4,4,2,1,4,5,80.0,1,9,5,4,4,11,32,0
1142,Inigo Lekue,3.2,7,2,5,1,1,6,9,66.7,3,2,0,2,1,8,12,0
1144,Thomas Lemar,1.8,3,1,2,1,0,1,2,50.0,1,0,0,0,0,3,0,0
1145,Mario Lemina,6.9,18,12,11,7,0,3,12,25.0,9,5,1,4,14,32,19,0
1146,Alvaro Lemos,2.2,4,1,1,3,0,0,1,0.0,1,3,1,2,2,6,4,0
1149,Christopher Lenz,0.1,1,1,0,1,0,1,1,100.0,0,0,0,0,0,1,1,0
1150,Johann Lepenant,2.5,4,3,2,2,0,1,7,14.3,6,5,0,5,3,7,0,0
1151,Jefferson Lerma,4.0,9,6,2,7,0,2,7,28.6,5,4,1,3,7,16,11,0
1152,Leo Leroy,1.3,6,1,2,4,0,1,3,33.3,2,1,0,1,0,6,4,0
1153,Robert Lewandowski,7.4,1,0,0,1,0,1,2,50.0,1,4,1,3,2,3,1,0
1154,Jamie Leweling,1.3,2,1,0,1,1,1,2,50.0,1,1,0,1,0,2,1,0
1156,Keane Lewis-Potter,2.5,2,0,1,1,0,1,2,50.0,1,0,0,0,1,3,2,0
1157,Philipp Lienhart,6.0,9,4,6,3,0,4,9,44.4,5,3,1,2,5,14,17,0
1158,Matthijs de Ligt,0.9,1,1,0,1,0,1,1,100.0,0,0,0,0,2,3,5,0
1159,Victor Lindelof,4.9,4,2,1,3,0,2,6,33.3,4,4,3,1,1,5,7,1
1160,Jesper Lindstrom,1.1,4,1,2,1,1,3,5,60.0,2,1,0,1,1,5,0,0
1162,Karol Linetty,2.1,2,1,1,1,0,0,2,0.0,2,2,1,1,4,6,1,0
1163,Pol Lirola,0.0,1,0,1,0,0,1,1,100.0,0,0,0,0,0,1,0,0
1164,Valentino Livramento,0.3,2,1,2,0,0,1,1,100.0,0,0,0,0,0,2,0,0
1165,Dejan Ljubicic,5.8,14,9,7,5,2,8,16,50.0,8,6,1,5,9,23,0,0
1166,Javier Llabres,0.9,1,0,1,0,0,1,1,100.0,0,0,0,0,1,2,1,0
1167,Diego Llorente,4.8,9,5,4,5,0,3,4,75.0,1,4,1,3,6,15,7,0
1168,Marcos Llorente,5.2,5,4,2,2,1,2,7,28.6,5,7,0,7,3,8,6,0
1170,Gautier Lloris,7.0,11,7,11,0,0,6,14,42.9,8,16,11,5,10,21,33,1
1171,Abou Lo,0.8,1,0,1,0,0,1,2,50.0,1,1,1,0,0,1,2,0
1172,Giovani Lo Celso,0.2,0,0,0,0,0,0,1,0.0,1,0,0,0,0,0,0,0
1173,Stanislav Lobotka,6.5,13,8,3,8,2,5,19,26.3,14,4,1,3,2,15,2,0
1174,Manuel Locatelli,6.8,13,4,1,11,1,7,15,46.7,8,6,3,3,4,17,10,0
1175,Bradley Locko,7.0,25,15,13,10,2,14,20,70.0,6,8,0,8,10,35,13,0
1176,Tom Lockyer,5.6,9,7,6,2,1,7,11,63.6,4,8,5,3,6,15,25,0
1177,Renan Lodi,6.0,9,7,4,4,1,5,9,55.6,4,2,0,2,9,18,14,0
1178,Ruben Loftus-Cheek,4.8,2,1,1,1,0,1,4,25.0,3,6,4,2,3,5,3,0
1179,Andy Logbo,2.2,0,0,0,0,0,0,3,0.0,3,7,3,4,0,0,1,0
1180,Enzo Loiodice,6.7,17,10,3,9,5,6,17,35.3,11,4,0,4,5,22,6,1
1181,Sean Longstaff,4.0,9,5,1,5,3,6,10,60.0,4,7,3,4,2,11,3,0
1182,Ademola Lookman,3.9,1,1,0,0,1,1,4,25.0,3,3,0,3,1,2,0,0
1183,Noah Loosli,0.7,3,3,2,1,0,3,3,100.0,0,0,0,0,0,3,7,0
1185,David Lopez,7.7,15,10,7,8,0,7,10,70.0,3,11,8,3,11,26,24,0
1186,Diego Lopez,5.7,10,6,3,4,3,3,14,21.4,11,7,0,7,2,12,0,0
1187,Fermin Lopez,1.0,1,1,0,1,0,1,6,16.7,5,1,0,1,1,2,2,0
1188,Javi Lopez,2.2,2,2,0,1,1,1,1,100.0,0,3,0,3,1,3,6,0
1189,Maxime Lopez,0.8,2,2,0,1,1,1,2,50.0,1,0,0,0,0,2,1,0
1190,Maxime Lopez,1.6,2,1,1,1,0,1,2,50.0,1,1,1,0,2,4,0,0
1192,Unai Lopez,4.2,8,3,4,0,4,5,15,33.3,10,6,0,6,1,9,3,0
1193,Dion Lopy,4.6,11,7,7,3,1,3,12,25.0,9,1,0,1,2,13,3,0
1194,Anthony Losilla,5.1,14,8,2,10,2,6,10,60.0,4,8,0,8,6,20,7,0
1196,Jordan Lotomba,3.0,7,6,6,1,0,6,9,66.7,3,4,1,3,2,9,6,0
1197,Matteo Lovato,6.9,17,8,12,4,1,11,17,64.7,6,10,5,5,9,26,24,0
1198,Sandi Lovric,5.8,6,2,2,2,2,3,4,75.0,1,5,0,5,2,8,5,0
1199,Max Lowe,1.4,8,5,6,2,0,1,3,33.3,2,2,2,0,1,9,4,0
1200,Anthony Lozano,0.9,0,0,0,0,0,0,1,0.0,1,0,0,0,0,0,1,0
1201,Lucas,1.4,1,0,1,0,0,1,1,100.0,0,4,0,4,0,1,0,0
1202,Lorenzo Lucca,5.7,2,2,1,0,1,2,6,33.3,4,3,0,3,0,2,4,0
1203,Jhon Lucumi,4.7,15,7,9,6,0,9,11,81.8,2,7,2,5,1,16,18,0
1204,Jose Luis Gaya,6.3,24,11,15,7,2,14,17,82.4,3,5,1,4,3,27,13,0
1205,Jose Luis Morales,2.5,1,0,0,1,0,1,4,25.0,3,3,0,3,1,2,1,0
1207,Douglas Luiz,6.4,16,11,3,10,3,5,13,38.5,8,9,3,6,4,20,6,0
1208,Romelu Lukaku,4.1,0,0,0,0,0,0,1,0.0,1,2,0,2,0,0,2,0
1209,Castello Lukeba,3.4,2,1,0,2,0,1,1,100.0,0,9,4,5,2,4,11,0
1210,Dodi Lukebakio,2.9,0,0,0,0,0,0,3,0.0,3,2,0,2,1,1,1,0
1211,Sasa Lukic,2.9,5,3,1,3,1,3,7,42.9,4,1,0,1,3,8,4,0
1213,Sebastiano Luperto,7.0,10,5,7,3,0,7,10,70.0,3,9,6,3,5,15,12,1
1214,Charalambos Lykogiannis,2.3,0,0,0,0,0,0,2,0.0,2,3,2,1,2,2,8,0
1215,Senne Lynen,2.4,6,4,1,4,1,2,6,33.3,4,10,1,9,4,10,4,0
1216,Ian Maatsen,0.9,2,1,0,1,1,0,1,0.0,1,2,0,2,0,2,1,0
1217,Alexis Mac Allister,5.8,19,9,8,9,2,11,21,52.4,10,15,4,11,6,25,2,0
1218,Deiver Machado,5.1,7,5,2,4,1,5,7,71.4,2,7,1,6,4,11,4,0
1219,Darwin Machis,4.1,8,6,0,5,3,4,8,50.0,4,1,0,1,2,10,1,0
1220,James Maddison,6.6,8,3,0,7,1,4,9,44.4,5,2,0,2,3,11,2,1
1223,Pablo Maffeo,6.4,14,9,7,5,2,10,17,58.8,7,5,1,4,4,18,7,0
1224,Soungoutou Magassa,6.9,20,10,7,13,0,8,12,66.7,4,10,2,8,9,29,17,0
1225,Giulio Maggiore,2.8,3,2,2,1,0,3,6,50.0,3,1,0,1,3,6,8,0
1226,Matej Maglica,3.3,13,8,9,4,0,9,12,75.0,3,7,3,4,8,21,10,1
1227,Giangiacomo Magnani,7.0,9,4,5,4,0,5,7,71.4,2,8,5,3,9,18,27,0
1228,Hugo Magnetti,5.2,14,10,3,10,1,5,13,38.5,8,4,0,4,4,18,4,0
1229,Yohann Magnin,2.9,4,1,1,3,0,1,2,50.0,1,4,1,3,3,7,1,0
1230,Frank Magri,3.3,1,0,0,1,0,0,2,0.0,2,1,1,0,0,1,4,0
1232,Arne Maier,0.3,1,1,0,1,0,1,1,100.0,0,0,0,0,0,1,0,0
1233,Habib Maiga,0.9,2,2,1,0,1,1,2,50.0,1,1,0,1,3,5,1,0
1235,Linton Maina,3.5,3,3,2,0,1,1,5,20.0,4,4,1,3,2,5,0,0
1236,Patrick Mainka,6.0,9,5,7,2,0,5,10,50.0,5,13,5,8,8,17,32,0
1237,Ainsley Maitland-Niles,2.5,5,2,0,4,1,4,8,50.0,4,4,0,4,4,9,4,0
1239,Lovro Majer,5.1,4,4,2,2,0,2,7,28.6,5,6,1,5,3,7,2,0
1240,Jean-Victor Makengo,2.1,0,0,0,0,0,0,1,0.0,1,8,1,7,3,3,2,0
1241,Antoine Makoumbou,6.9,11,6,4,4,3,1,4,25.0,3,6,3,3,6,17,7,0
1242,Nemanja Maksimovic,7.9,12,6,4,5,3,5,11,45.5,6,8,5,3,16,28,15,0
1243,Youssef Maleh,5.0,18,13,3,11,4,6,13,46.2,7,12,2,10,6,24,4,0
1244,Donyell Malen,5.1,2,2,0,0,2,0,2,0.0,2,4,0,4,1,3,0,0
1245,Ruslan Malinovskyi,2.3,1,1,1,0,0,0,4,0.0,4,1,1,0,0,1,1,0
1246,Lennard Maloney,5.9,11,7,6,2,3,7,15,46.7,8,7,1,6,9,20,26,0
1249,Giorgi Mamardashvili,8.0,2,2,2,0,0,2,2,100.0,0,0,0,0,0,2,5,0
1250,Hianga Mananga Mbock,0.1,1,0,0,0,1,1,2,50.0,1,0,0,0,1,2,0,0
1251,Gianluca Mancini,6.4,10,6,7,2,1,3,5,60.0,2,6,5,1,10,20,10,0
1253,Aissa Mandi,3.1,3,2,2,1,0,1,1,100.0,0,2,1,1,3,6,7,0
1254,Rolando Mandragora,3.9,3,2,1,2,0,1,3,33.3,2,4,1,3,2,5,3,0
1255,Orel Mangala,5.3,10,3,6,3,1,8,11,72.7,3,4,2,2,10,20,2,0
1258,Faitout Maouassa,0.3,1,1,1,0,0,1,1,100.0,0,0,0,0,0,1,0,0
1259,Solly March,4.2,11,8,4,5,2,4,7,57.1,3,4,0,4,7,18,5,0
1260,Riccardo Marchizza,7.0,3,3,1,2,0,1,8,12.5,7,7,1,6,4,7,15,0
1261,Gian Marco Ferrari,0.4,1,0,1,0,0,1,2,50.0,1,1,1,0,0,1,2,0
1262,Oscar de Marcos,5.4,9,6,5,3,1,7,14,50.0,7,4,1,3,1,10,7,0
1263,Jose Mari,0.2,2,1,0,2,0,1,2,50.0,1,0,0,0,0,2,0,0
1264,Pablo Mari,5.5,13,7,11,2,0,7,9,77.8,2,6,3,3,6,19,16,1
1265,Jose Maria Gimenez,2.6,1,1,1,0,0,1,1,100.0,0,3,3,0,0,1,18,0
1268,Rafa Marin,5.1,4,3,2,2,0,0,3,0.0,3,4,3,1,6,10,18,0
1269,Razvan Marin,4.5,9,4,1,5,3,7,11,63.6,4,4,0,4,0,9,10,0
1271,Guillermo Maripan,4.0,3,1,2,1,0,2,4,50.0,2,4,1,3,6,9,19,0
1272,Mika Marmol,5.5,11,7,6,5,0,6,7,85.7,1,6,4,2,6,17,15,0
1274,Omar Marmoush,3.9,3,1,2,1,0,2,3,66.7,1,1,0,1,2,5,2,0
1275,Marquinhos,1.0,2,2,2,0,0,1,2,50.0,1,4,2,2,3,5,0,0
1276,Marquinhos,5.1,4,3,2,2,0,2,4,50.0,2,10,7,3,5,9,11,0
1277,Agustin Martegani,3.5,3,2,1,0,2,2,6,33.3,4,1,0,1,2,5,1,0
1278,Eric Martel,2.8,3,2,1,2,0,1,5,20.0,4,9,2,7,6,9,12,0
1279,Roger Marti,6.0,5,4,1,4,0,1,3,33.3,2,7,0,7,3,8,0,0
1281,Aaron Martin,2.1,2,1,1,1,0,1,3,33.3,2,0,0,0,3,5,2,0
1282,Ivan Martin,5.3,13,7,5,5,3,7,14,50.0,7,5,0,5,2,15,5,0
1283,Jonas Martin,1.9,7,5,5,2,0,5,8,62.5,3,2,0,2,0,7,3,0
1284,Gabriel Martinelli,4.0,2,2,0,2,0,0,2,0.0,2,3,0,3,2,4,0,0
1285,Arnau Martinez,4.1,10,6,7,2,1,5,8,62.5,3,4,0,4,3,13,14,0
1289,Lautaro Martinez,6.1,7,4,3,4,0,3,5,60.0,2,7,0,7,6,13,3,0
1290,Lisandro Martinez,4.2,7,6,6,1,0,4,11,36.4,7,4,2,2,2,9,11,0
1291,Lucas Martinez Quarta,5.0,18,11,11,7,0,7,10,70.0,3,6,2,4,7,25,15,0
1292,Adam Marusic,6.7,13,10,9,4,0,9,17,52.9,8,6,4,2,8,21,8,1
1293,Marvin,1.4,5,1,3,2,0,1,1,100.0,0,2,0,2,2,7,0,0
1294,Omar Mascarell,2.5,3,1,2,1,0,3,6,50.0,3,1,0,1,3,6,5,0
1295,Erhan Masovic,6.0,25,16,14,9,2,15,26,57.7,11,9,4,5,1,26,12,0
1296,Roberto Massimo,0.7,1,0,1,0,0,1,2,50.0,1,0,0,0,0,1,1,0
1297,Clinton Mata,4.2,5,4,3,1,1,2,3,66.7,1,5,4,1,5,10,3,0
1298,Jaime Mata,3.5,3,2,2,0,1,3,6,50.0,3,2,0,2,3,6,4,0
1300,Pape Matar Sarr,5.2,11,8,3,6,2,6,10,60.0,4,6,3,3,2,13,7,0
1301,Eliot Matazo,1.1,3,1,0,3,0,2,4,50.0,2,1,1,0,3,6,0,0
1302,Jean-Philippe Mateta,2.4,3,2,1,2,0,1,1,100.0,0,1,0,1,0,3,2,0
1303,Nemanja Matic,5.2,10,7,2,7,1,5,5,100.0,0,10,4,6,13,23,11,0
1304,Joel Matip,4.8,4,3,3,1,0,3,5,60.0,2,5,2,3,7,11,25,0
1306,Chrislain Matsima,1.0,1,0,0,1,0,0,1,0.0,1,2,0,2,3,4,1,0
1307,Alan Matturro,0.9,1,1,1,0,0,1,1,100.0,0,3,1,2,1,2,3,0
1308,Azor Matusiwa,6.7,21,13,12,8,1,14,17,82.4,3,11,2,9,12,33,19,1
1310,Neal Maupay,1.2,0,0,0,0,0,0,1,0.0,1,2,0,2,0,0,1,0
1311,Aiman Maurer,0.3,1,1,1,0,0,1,1,100.0,0,0,0,0,0,1,0,0
1314,Philipp Max,2.5,4,3,1,2,1,3,4,75.0,1,3,0,3,0,4,3,0
1315,Eric Maxim Choupo-Moting,1.1,2,2,1,1,0,0,1,0.0,1,0,0,0,1,3,0,0
1317,Borja Mayoral,6.3,1,1,0,0,1,0,3,0.0,3,2,0,2,2,3,3,0
1318,Youssef Maziz,1.4,0,0,0,0,0,0,2,0.0,2,1,0,1,1,1,2,0
1319,Noussair Mazraoui,3.6,4,3,1,2,1,1,2,50.0,1,4,0,4,5,9,3,0
1320,Luca Mazzitelli,6.7,11,7,3,5,3,7,14,50.0,7,7,1,6,3,14,15,0
1321,Pasquale Mazzocchi,4.4,9,6,8,1,0,5,12,41.7,7,5,2,3,1,10,4,0
1322,Kevin Mbabu,3.0,7,5,4,2,1,4,5,80.0,1,2,1,1,1,8,1,0
1324,Kylian Mbappe,4.8,0,0,0,0,0,0,2,0.0,2,1,0,1,1,1,0,0
1326,Malick Mbaye,1.6,5,1,0,1,4,1,2,50.0,1,1,0,1,0,5,2,0
1327,Mamadou Mbaye,0.6,0,0,0,0,0,0,2,0.0,2,1,0,1,1,1,6,0
1328,Chancel Mbemba,7.0,12,8,10,1,1,6,7,85.7,1,7,5,2,8,20,38,0
1329,Nolan Mbemba,0.1,0,0,0,0,0,0,1,0.0,1,0,0,0,0,0,0,0
1330,Bryan Mbeumo,7.0,8,4,4,2,2,2,10,20.0,8,5,0,5,1,9,5,0
1331,Jordi Mboula,1.3,2,2,0,2,0,2,3,66.7,1,0,0,0,0,2,0,0
1332,James Mcatee,2.4,2,2,1,1,0,1,3,33.3,2,3,0,3,0,2,0,0
1334,Oliver McBurnie,3.2,3,1,0,3,0,1,1,100.0,0,8,1,7,1,4,6,0
1335,John McGinn,6.3,9,3,2,6,1,4,13,30.8,9,4,0,4,2,11,1,0
1336,Scott McKenna,4.6,4,0,3,1,0,2,3,66.7,1,6,4,2,5,9,27,0
1337,Weston McKennie,4.8,11,10,7,4,0,4,8,50.0,4,6,2,4,8,19,11,0
1338,Dwight McNeil,3.1,3,1,1,0,2,2,6,33.3,4,10,1,9,3,6,3,0
1339,Scott McTominay,2.0,3,3,3,0,0,1,2,50.0,1,3,1,2,3,6,2,0
1340,Facundo Medina,6.0,21,12,7,13,1,15,15,100.0,0,12,4,8,7,28,7,0
1341,Ben Mee,1.7,5,5,1,4,0,3,4,75.0,1,2,1,1,1,6,4,0
1342,Marvin Mehlem,5.1,11,7,4,4,3,4,10,40.0,6,10,1,9,14,25,6,0
1343,Bamo Meite,0.5,0,0,0,0,0,0,1,0.0,1,1,0,1,0,0,0,0
1344,Bamo Meite,1.6,2,1,2,0,0,0,1,0.0,1,3,2,1,3,5,9,0
1345,Hannibal Mejbri,1.3,3,3,1,2,0,1,3,33.3,2,1,1,0,0,3,0,0
1346,Oscar Melendo,5.0,6,2,2,4,0,1,6,16.7,5,3,0,3,2,8,1,1
1347,Gonzalo Melero,4.9,5,3,3,2,0,2,6,33.3,4,5,1,4,1,6,1,0
1348,Birger Meling,0.2,1,1,1,0,0,1,1,100.0,0,1,0,1,0,1,0,0
1349,Arthur Melo,4.9,10,9,4,5,1,6,9,66.7,3,12,1,11,3,13,3,0
1350,Memphis,1.5,2,1,0,1,1,1,1,100.0,0,0,0,0,0,2,0,0
1353,Brais Mendez,7.0,12,8,6,4,2,5,14,35.7,9,5,1,4,1,13,2,0
1354,Diego Mendez,0.1,1,1,1,0,0,1,1,100.0,0,0,0,0,1,2,0,0
1357,Formose Mendy,1.5,2,1,2,0,0,2,3,66.7,1,3,2,1,1,3,5,0
1359,Teden Mengi,1.4,4,1,1,3,0,1,3,33.3,2,1,1,0,5,9,3,0
1361,Jorge Mere,1.8,2,2,2,0,0,0,1,0.0,1,0,0,0,1,3,7,0
1363,Mikel Merino,5.2,7,5,4,2,1,4,10,40.0,6,3,0,3,3,10,10,2
1364,Quentin Merlin,6.8,13,10,6,7,0,9,13,69.2,4,6,1,5,5,18,9,0
1367,Omenuke Mfulu,0.8,4,3,3,1,0,0,1,0.0,1,1,1,0,2,6,5,0
1368,Sven Michel,2.2,1,0,0,0,1,0,2,0.0,2,0,0,0,0,1,1,0
1370,Georges Mikautadze,2.9,1,1,0,1,0,0,1,0.0,1,1,0,1,1,2,0,0
1371,Nikola Milenkovic,6.3,9,5,5,4,0,3,10,30.0,7,6,3,3,2,11,19,1
1372,Arkadiusz Milik,1.6,2,2,1,1,0,1,1,100.0,0,1,0,1,2,4,0,0
1375,Enzo Millot,4.0,9,5,2,5,2,4,7,57.1,3,5,0,5,4,13,4,0
1376,James Milner,2.5,6,5,3,3,0,2,3,66.7,1,3,0,3,3,9,7,0
1380,Kim Min-jae,5.6,6,4,4,2,0,3,6,50.0,3,9,3,6,7,13,19,0
1381,Takumi Minamino,5.7,11,8,3,5,3,5,12,41.7,7,6,0,6,2,13,2,0
1382,Lucas Mincarelli,0.1,1,1,0,1,0,1,1,100.0,0,0,0,0,0,1,0,0
1384,Oscar Mingueza,8.0,19,11,16,2,1,17,30,56.7,13,8,1,7,5,24,13,0
1385,Ignasi Miquel,7.5,16,11,13,3,0,8,12,66.7,4,3,3,0,4,20,27,0
1386,Rafa Mir,1.9,2,2,1,1,0,1,1,100.0,0,0,0,0,0,2,0,0
1387,Ignacio Miramon,0.4,1,0,0,1,0,0,1,0.0,1,1,0,1,0,1,0,0
1388,Aleksei Miranchuk,0.3,2,2,1,1,0,1,1,100.0,0,0,0,0,0,2,0,0
1389,Juan Miranda,3.5,3,2,2,1,0,2,3,66.7,1,5,1,4,3,6,14,0
1391,Fabio Miretti,2.6,3,3,1,2,0,2,5,40.0,3,2,0,2,1,4,2,0
1392,Filippo Missori,0.5,1,1,0,1,0,1,2,50.0,1,1,0,1,2,3,0,0
1393,Tyrick Mitchell,7.0,10,5,6,2,2,3,6,50.0,3,10,4,6,4,14,26,0
1394,Kaoru Mitoma,6.4,5,2,0,3,2,1,9,11.1,8,4,0,4,2,7,3,0
1396,Stefan Mitrovic,5.8,6,2,5,1,0,2,6,33.3,4,2,1,1,4,10,19,0
1397,Maximilian Mittelstadt,1.0,10,4,6,4,0,4,7,57.1,3,0,0,0,2,12,3,0
1398,Henrikh Mkhitaryan,6.1,16,8,3,11,2,5,11,45.5,6,3,0,3,6,22,5,0
1399,Luka Modric,2.3,0,0,0,0,0,0,1,0.0,1,1,1,0,4,4,1,0
1400,Terem Moffi,5.6,0,0,0,0,0,0,3,0.0,3,0,0,0,0,0,3,0
1401,Mostafa Mohamed,6.0,6,4,2,4,0,1,6,16.7,5,8,1,7,2,8,4,0
1402,Kudus Mohammed,0.7,5,5,1,3,1,3,3,100.0,0,3,0,3,1,6,1,0
1404,Dion Moise Sahi,1.1,1,1,0,1,0,0,2,0.0,2,1,0,1,1,2,0,0
1405,Johan Mojica,3.9,5,4,1,3,1,3,4,75.0,1,5,0,5,8,13,4,0
1406,Nahuel Molina,3.9,3,2,2,1,0,2,8,25.0,6,3,0,3,3,6,5,0
1407,Florent Mollet,4.3,6,2,2,1,3,3,10,30.0,7,5,0,5,1,7,4,0
1408,Jon Moncayola,3.7,4,1,4,0,0,2,7,28.6,5,3,2,1,6,10,4,0
1409,Ilario Monterisi,4.5,5,4,3,2,0,4,5,80.0,1,6,6,0,2,7,19,0
1410,Cesar Montes,2.7,3,3,1,2,0,2,2,100.0,0,6,2,4,0,3,7,0
1411,Gonzalo Montiel,1.4,4,2,2,1,1,4,6,66.7,2,2,0,2,1,5,3,0
1415,Diego Moreira,0.7,0,0,0,0,0,0,1,0.0,1,0,0,0,1,1,2,0
1416,Alberto Moreno,1.9,3,3,2,0,1,1,2,50.0,1,0,0,0,1,4,5,0
1417,Gerard Moreno,5.0,4,1,2,1,1,2,7,28.6,5,5,2,3,3,7,3,0
1418,Manu Morlanes,3.4,10,7,5,4,1,3,8,37.5,5,2,0,2,3,13,4,0
1419,Nikola Moro,2.6,5,3,3,2,0,2,3,66.7,1,6,1,5,2,7,2,0
1420,Carlton Morris,6.7,3,3,1,1,1,2,5,40.0,3,4,0,4,0,3,10,0
1421,Cristhian Mosquera,4.2,11,7,3,6,2,3,4,75.0,1,2,1,1,5,16,16,1
1423,Lebo Mothiba,2.5,3,2,1,2,0,2,3,66.7,1,2,0,2,0,3,4,0
1424,Youssoufa Moukoko,0.6,1,0,1,0,0,1,2,50.0,1,1,1,0,0,1,0,0
1425,Steve Mounie,2.7,3,2,0,1,2,2,2,100.0,0,4,2,2,0,3,2,0
1426,Mason Mount,2.5,8,5,0,3,5,1,5,20.0,4,3,1,2,2,10,0,0
1427,Samuel Moutoussamy,2.3,5,3,3,1,1,2,4,50.0,2,3,1,2,2,7,3,0
1428,Mykhailo Mudryk,2.6,7,4,2,3,2,2,7,28.6,5,2,0,2,0,7,1,0
1430,Francois Mughe,1.8,0,0,0,0,0,0,3,0.0,3,2,0,2,0,0,1,0
1431,Joel Mugisha,0.9,2,1,1,0,1,1,2,50.0,1,0,0,0,1,3,1,0
1435,Thomas Muller,1.9,6,5,0,3,3,5,9,55.6,4,4,0,4,0,6,2,0
1437,Marshall Munetsi,6.1,16,9,5,10,1,10,18,55.6,8,6,3,3,1,17,6,0
1438,Iker Muniain,3.0,3,0,1,2,0,1,1,100.0,0,3,0,3,0,3,0,0
1439,Rodrigo Muniz,0.2,0,0,0,0,0,0,2,0.0,2,0,0,0,0,0,0,0
1440,Aihen Munoz,5.4,14,8,10,3,1,7,12,58.3,5,6,3,3,4,18,15,0
1441,Iker Munoz,4.7,9,8,3,6,0,5,11,45.5,6,2,1,1,3,12,13,0
1442,Javier Munoz,4.2,3,0,1,2,0,2,8,25.0,6,7,2,5,2,5,3,0
1444,Murillo,1.0,1,0,1,0,0,1,1,100.0,0,2,1,1,1,2,11,0
1445,Vedat Muriqi,7.8,2,2,1,0,1,0,6,0.0,6,1,0,1,0,2,10,0
1447,Yunus Musah,2.4,6,3,2,2,2,0,1,0.0,1,3,1,2,2,8,1,0
1448,Jamal Musiala,2.2,3,3,0,3,0,2,3,66.7,1,4,1,3,1,4,1,0
1449,Juan Musso,5.0,1,0,1,0,0,1,1,100.0,0,0,0,0,0,1,4,0
1452,Phillipp Mwene,2.6,4,2,2,1,1,2,4,50.0,2,4,0,4,4,8,4,0
1453,Vitaliy Mykolenko,3.0,15,10,9,5,1,6,11,54.5,5,7,1,6,2,17,10,0
1454,Joakim Maehle,5.7,13,7,7,3,3,7,16,43.8,9,10,0,10,10,23,16,0
1456,Obite N'Dicka,4.0,9,4,4,5,0,2,4,50.0,2,4,1,3,1,10,10,0
1457,Kevin N'Doram,6.7,4,2,1,2,1,3,7,42.9,4,6,3,3,11,15,21,0
1458,Joseph N'Duquidi,1.1,1,1,1,0,0,1,2,50.0,1,2,2,0,1,2,2,0
1459,Nathan N'Goumou,3.3,11,8,6,4,1,4,10,40.0,6,7,0,7,1,12,7,0
1460,Stanley N'Soki,0.3,1,0,0,1,0,1,2,50.0,1,0,0,0,0,1,5,0
1461,Nacho,3.2,6,4,1,5,0,3,6,50.0,3,6,5,1,4,10,4,0
1463,Marvelous Nakamba,7.0,31,19,20,10,1,19,28,67.9,9,11,3,8,7,38,2,0
1464,Keito Nakamura,4.6,14,6,6,4,4,10,18,55.6,8,10,2,8,1,15,2,0
1465,Nahitan Nandez,5.4,4,3,2,1,1,2,12,16.7,10,3,1,2,4,8,2,0
1466,Matija Nastasic,4.0,1,0,1,0,0,1,2,50.0,1,7,3,4,4,5,21,0
1467,Natan,3.0,5,4,3,2,0,2,3,66.7,1,2,2,0,1,6,9,0
1468,Roberto Navarro,1.4,5,1,0,4,1,1,2,50.0,1,1,0,1,2,7,1,0
1469,Jesus Navas,4.7,12,10,7,4,1,9,14,64.3,5,1,0,1,7,19,7,0
1471,Youssouf Ndayishimiye,7.0,6,3,3,3,0,2,5,40.0,3,10,6,4,3,9,22,1
1472,Iliman Ndiaye,4.0,0,0,0,0,0,0,3,0.0,3,3,1,2,1,1,1,0
1473,Rassoul Ndiaye,3.0,14,9,6,7,1,6,13,46.2,7,1,1,0,3,17,5,0
1474,Cher Ndour,0.1,1,1,0,1,0,1,2,50.0,1,0,0,0,0,1,0,0
1475,Dan Ndoye,5.6,12,5,9,3,0,7,19,36.8,12,7,1,6,1,13,4,0
1476,Loic Nego,2.6,7,6,3,3,1,2,6,33.3,4,2,0,2,2,9,2,0
1478,Reiss Nelson,0.4,2,1,1,0,1,2,3,66.7,1,0,0,0,0,2,1,0
1480,Pedro Neto,7.0,3,2,1,1,1,3,9,33.3,6,3,1,2,3,6,2,0
1482,Luca Netz,3.4,2,0,1,1,0,0,3,0.0,3,8,3,5,3,5,9,0
1483,Florian Neuhaus,4.2,5,5,2,3,0,3,10,30.0,7,2,1,1,5,10,4,0
1484,Carlos Neva,7.6,10,5,7,2,1,7,13,53.8,6,5,2,3,1,11,19,1
1486,Cyril Ngonge,6.0,6,6,2,1,3,3,6,50.0,3,1,0,1,1,7,0,0
1487,Moussa Niakhate,2.0,6,4,6,0,0,2,3,66.7,1,1,1,0,1,7,3,0
1488,Shamar Nicholson,2.3,1,0,0,1,0,0,1,0.0,1,1,0,1,0,1,1,0
1489,Rasmus Nicolaisen,7.0,13,8,11,2,0,7,9,77.8,2,12,7,5,8,21,49,0
1490,Moritz Nicolas,4.0,0,0,0,0,0,0,1,0.0,1,0,0,0,0,0,2,0
1491,Saul Niguez,4.8,19,8,10,7,2,11,15,73.3,4,10,3,7,2,21,14,0
1492,Rasmus Nissen,4.4,11,6,6,4,1,9,13,69.2,4,8,0,8,1,12,6,0
1494,Eddie Nketiah,5.5,3,3,0,2,1,1,4,25.0,3,3,0,3,3,6,1,0
1495,Niels Nkounkou,1.8,6,5,4,2,0,3,5,60.0,2,5,0,5,2,8,1,0
1496,Felix Nmecha,3.7,10,7,2,5,3,8,10,80.0,2,3,0,3,4,14,5,0
1497,Arnaud Nordin,3.1,2,0,1,1,0,1,3,33.3,2,3,0,3,1,3,2,0
1498,Oliver Norwood,4.8,14,10,7,5,2,6,13,46.2,7,7,3,4,3,17,11,0
1499,Randy Ntekja,3.0,4,1,1,2,1,2,4,50.0,2,3,1,2,0,4,3,0
1500,Ernest Nuamah,2.7,3,1,2,0,1,1,6,16.7,5,1,0,1,1,4,1,0
1502,Matheus Nunes,2.0,3,1,3,0,0,2,6,33.3,4,0,0,0,6,9,1,0
1503,Matheus Nunes,1.8,2,1,0,2,0,1,4,25.0,3,2,1,1,0,2,4,0
1504,Darwin Nunez,2.5,3,3,0,1,2,1,4,25.0,3,4,1,3,0,3,1,0
1505,Unai Nunez,8.0,8,4,2,6,0,3,10,30.0,7,9,6,3,16,24,43,0
1506,Fabian Nurnberger,3.7,8,7,7,1,0,6,9,66.7,3,1,1,0,3,11,7,0
1508,Gerzino Nyamsi,7.0,10,8,7,3,0,6,8,75.0,2,9,5,4,7,17,26,0
1510,M'Bala Nzola,4.6,4,3,0,0,4,2,3,66.7,1,2,0,2,0,4,11,0
1511,Christian Norgaard,6.4,20,14,9,10,1,11,24,45.8,13,10,2,8,8,28,6,0
1513,Dara O'Shea,3.0,3,2,2,1,0,2,3,66.7,1,8,8,0,7,10,7,1
1514,Adam Obert,3.3,8,4,3,4,1,3,6,50.0,3,5,2,3,5,13,16,0
1516,Lucas Ocampos,5.4,14,10,4,4,6,3,7,42.9,4,4,0,4,4,18,3,0
1520,Chiedozie Ogbene,3.7,4,3,1,3,0,2,4,50.0,2,2,1,1,1,5,2,0
1521,Angelo Ogbonna,1.2,1,0,1,0,0,1,1,100.0,0,5,3,2,1,2,7,0
1522,Florent Ogier,1.9,1,0,1,0,0,1,3,33.3,2,2,1,1,3,4,2,2
1524,Caleb Okoli,3.5,6,3,2,4,0,4,8,50.0,4,5,5,0,2,8,12,1
1525,Joseph Okumu,3.3,8,6,6,2,0,3,7,42.9,4,3,1,2,6,14,17,0
1527,Olasagasti,0.1,1,1,0,1,0,1,2,50.0,1,0,0,0,0,1,0,0
1528,Finn Ole Becker,0.7,1,1,0,1,0,1,3,33.3,2,6,1,5,0,1,2,0
1530,Mathias Olivera,4.4,14,10,9,4,1,6,15,40.0,9,6,0,6,4,18,8,0
1531,Dani Olmo,2.9,2,0,1,1,0,1,2,50.0,1,1,0,1,3,5,1,0
1534,Warmed Omari,6.0,4,2,2,0,2,2,7,28.6,5,11,7,4,9,13,18,1
1535,Becir Omeragic,4.4,1,1,1,0,0,1,8,12.5,7,8,6,2,5,6,13,0
1538,Samuel Omorodion,0.9,1,1,0,1,0,1,1,100.0,0,0,0,0,0,1,0,0
1539,Amadou Onana,6.8,18,12,7,7,4,10,16,62.5,6,7,0,7,4,22,6,0
1541,Karim Onisiwo,4.3,3,3,0,2,1,1,3,33.3,2,5,1,4,1,4,0,0
1543,Frank Onyeka,1.2,6,5,2,3,1,2,4,50.0,2,3,0,3,0,6,1,0
1544,Lois Openda,4.9,0,0,0,0,0,0,2,0.0,2,1,0,1,2,2,2,0
1545,Christopher Operi,6.0,17,10,8,9,0,11,18,61.1,7,9,0,9,10,27,7,0
1546,Leon Opitz,0.2,2,2,1,1,0,2,3,66.7,1,0,0,0,0,2,0,0
1547,Willi Orban,3.0,7,4,2,5,0,4,5,80.0,1,4,1,3,2,9,14,0
1548,Ivan Ordets,6.0,4,2,0,3,1,1,2,50.0,1,13,7,6,13,17,27,0
1550,Gaetano Oristanio,2.6,2,1,1,1,0,0,2,0.0,2,0,0,0,1,3,0,0
1551,Aimar Oroz,7.3,7,5,1,4,2,2,7,28.6,5,8,0,8,3,10,1,0
1552,Riccardo Orsolini,3.5,1,1,1,0,0,0,8,0.0,8,5,1,4,1,2,5,0
1553,Ben Osborn,2.1,4,1,0,2,2,3,5,60.0,2,6,0,6,0,4,8,0
1554,Victor Osimhen,6.0,4,2,0,1,3,1,2,50.0,1,0,0,0,0,4,5,0
1556,Patrick Osterhage,0.6,1,1,0,1,0,0,2,0.0,2,0,0,0,3,4,1,0
1558,Dango Ouattara,1.4,5,3,4,0,1,2,3,66.7,1,0,0,0,1,6,2,0
1562,Azzedine Ounahi,2.3,4,1,1,2,1,1,5,20.0,4,0,0,0,3,7,0,0
1563,Adam Ounas,0.2,0,0,0,0,0,0,1,0.0,1,0,0,0,0,0,0,0
1564,Mikel Oyarzabal,5.1,4,4,1,3,0,2,7,28.6,5,5,0,5,0,4,5,0
1565,Anthony Oyono,7.0,20,14,14,6,0,13,21,61.9,8,10,2,8,6,26,21,0
1566,Salih Ozcan,2.1,5,3,4,1,0,2,4,50.0,2,3,0,3,2,7,1,0
1567,Bertug Ozgur Yildirim,2.0,1,1,0,1,0,0,1,0.0,1,1,0,1,0,1,2,0
1568,Cenk Ozkacar,5.7,11,6,9,2,0,7,11,63.6,4,6,2,4,5,16,21,1
1569,Jon Pacheco,1.2,0,0,0,0,0,0,1,0.0,1,2,1,1,2,2,4,0
1570,Willian Pacho,6.0,14,8,7,7,0,8,8,100.0,0,12,3,9,11,25,20,0
1571,Goncalo Paciencia,0.6,3,1,1,0,2,2,2,100.0,0,0,0,0,0,3,1,0
1573,Riccardo Pagano,0.3,2,2,1,1,0,0,1,0.0,1,1,0,1,0,2,0,0
1574,Pablo Pagis,1.3,7,4,4,2,1,6,9,66.7,3,2,0,2,1,8,1,0
1575,Exequiel Palacios,4.8,15,9,3,11,1,7,13,53.8,6,4,0,4,12,27,4,1
1576,Isaac Palazon Camacho,6.2,7,2,1,3,3,3,7,42.9,4,3,0,3,5,12,11,0
1577,Joao Palhinha,4.3,20,7,15,3,2,14,26,53.8,12,6,0,6,7,27,7,0
1578,Nicolas Pallois,3.1,3,0,3,0,0,1,2,50.0,1,5,5,0,4,7,23,0
1580,Cole Palmer,1.7,2,1,2,0,0,1,3,33.3,2,1,0,1,2,4,0,0
1581,Emerson Palmieri,7.0,19,10,11,4,4,8,12,66.7,4,9,2,7,11,30,24,0
1584,Leart Paqarada,5.8,12,5,6,5,1,5,14,35.7,9,10,3,7,3,15,11,0
1586,Lucas Paqueta,6.9,23,18,16,6,1,9,19,47.4,10,6,0,6,8,31,8,0
1587,Aitor Paredes,6.2,3,1,3,0,0,2,2,100.0,0,7,5,2,8,11,22,0
1588,Kevin Paredes,0.4,3,1,3,0,0,1,1,100.0,0,1,0,1,0,3,0,0
1589,Leandro Paredes,5.2,13,7,6,6,1,9,17,52.9,8,4,0,4,6,19,5,0
1590,Daniel Parejo,6.9,9,7,4,5,0,3,3,100.0,0,4,1,3,2,11,5,0
1591,Fabiano Parisi,4.0,9,1,3,2,4,4,8,50.0,4,6,1,5,7,16,2,0
1592,Thomas Partey,2.6,6,5,5,1,0,4,6,66.7,2,2,1,1,4,10,2,0
1594,Felix Passlack,4.8,10,7,4,5,1,7,13,53.8,6,6,1,5,5,15,10,0
1595,Patric,2.0,1,0,1,0,0,1,1,100.0,0,2,1,1,1,2,3,0
1596,Rui Patricio,7.0,0,0,0,0,0,0,1,0.0,1,0,0,0,0,0,1,1
1597,Nathan Patterson,4.2,14,11,9,5,0,7,13,53.8,6,7,1,6,4,18,7,0
1598,Gabriel Paulista,4.2,3,1,3,0,0,2,5,40.0,3,5,1,4,6,9,21,0
1599,Benjamin Pavard,2.0,4,4,3,1,0,1,2,50.0,1,6,3,3,3,7,5,0
1602,Martin Payero,2.2,0,0,0,0,0,0,6,0.0,6,1,0,1,1,1,4,0
1603,Mads Pedersen,3.9,7,5,3,3,1,2,5,40.0,3,4,1,3,4,11,15,0
1604,Marcus Pedersen,1.9,6,5,6,0,0,4,4,100.0,0,3,1,2,2,8,4,0
1605,Alfonso Pedraza,4.5,12,5,11,1,0,4,7,57.1,3,7,3,4,5,17,9,0
1606,Pedri,1.9,4,3,0,4,0,1,1,100.0,0,0,0,0,0,4,1,0
1607,Pedro,0.9,5,5,2,2,1,1,1,100.0,0,2,0,2,0,5,0,0
1608,Adria Pedrosa,4.5,10,4,6,3,1,4,6,66.7,2,4,1,3,3,13,12,0
1612,Pietro Pellegri,1.5,2,1,1,1,0,0,3,0.0,3,0,0,0,0,2,0,0
1613,Lorenzo Pellegrini,3.5,10,5,3,6,1,6,9,66.7,3,2,0,2,2,12,3,0
1614,Luca Pellegrini,1.5,3,3,2,1,0,2,4,50.0,2,1,1,0,1,4,1,0
1615,Facundo Pellistri,1.0,2,2,1,1,0,0,2,0.0,2,2,0,2,1,3,3,0
1616,Andy Pelmard,7.0,12,7,9,3,0,10,11,90.9,1,11,4,7,4,16,14,0
1617,Ruben Pena,5.1,16,12,7,7,2,7,18,38.9,11,8,2,6,8,24,13,0
1618,Pepin,1.0,2,0,1,1,0,0,1,0.0,1,3,2,1,0,2,2,0
1619,Alberto Perea,0.0,0,0,0,0,0,0,2,0.0,2,0,0,0,0,0,0,0
1620,Andreas Pereira,5.3,3,0,0,1,2,1,8,12.5,7,1,0,1,1,4,5,0
1621,Danilo Pereira,3.5,5,3,4,0,1,1,2,50.0,1,4,4,0,3,8,12,0
1622,Mathias Pereira Lage,1.2,1,0,0,1,0,1,2,50.0,1,2,1,1,0,1,2,0
1623,Pedro Pereira,0.6,2,1,1,1,0,1,2,50.0,1,4,1,3,1,3,3,0
1624,Roberto Pereyra,1.1,1,0,0,1,0,1,2,50.0,1,1,0,1,1,2,0,0
1625,Ayoze Perez,7.2,18,11,2,14,2,4,13,30.8,9,12,1,11,11,29,4,0
1626,Carles Perez,1.1,2,1,1,1,0,2,4,50.0,2,2,0,2,1,3,0,0
1627,Francisco Perez,5.9,6,2,1,4,1,2,8,25.0,6,5,0,5,2,8,1,0
1628,Kike Perez,2.6,6,3,2,3,1,3,5,60.0,2,4,0,4,2,8,2,0
1629,Nehuen Perez,7.0,15,10,9,5,1,9,13,69.2,4,10,4,6,6,21,20,0
1632,Ivan Perisic,1.1,3,2,1,1,1,3,5,60.0,2,1,0,1,2,5,1,0
1634,Lucas Perrin,5.0,7,5,4,3,0,3,8,37.5,5,10,4,6,3,10,10,0
1635,Maximo Perrone,1.6,6,5,3,1,2,3,4,75.0,1,0,0,0,2,8,1,0
1636,Matteo Pessina,6.6,12,6,4,7,1,7,14,50.0,7,6,2,4,6,18,8,0
1640,Njegos Petrovic,0.5,3,1,3,0,0,1,1,100.0,0,1,0,1,0,3,0,0
1641,Jens Petter Hauge,0.6,1,1,0,0,1,1,1,100.0,0,0,0,0,0,1,0,0
1642,German Pezzella,7.0,14,10,10,4,0,9,11,81.8,2,9,6,3,7,21,39,0
1643,Giuseppe Pezzella,3.7,11,8,7,3,1,9,13,69.2,4,12,4,8,0,11,9,0
1644,Luca Pfeiffer,4.2,2,1,0,1,1,1,3,33.3,2,2,1,1,1,3,4,0
1645,Patric Pfeiffer,2.8,7,3,4,2,1,4,4,100.0,0,4,2,2,4,11,11,0
1646,Maximilian Philipp,1.2,5,4,4,1,0,1,4,25.0,3,3,0,3,0,5,0,0
1649,Roberto Piccoli,0.4,1,1,0,0,1,1,1,100.0,0,0,0,0,0,1,0,0
1651,Florian Pick,1.3,3,3,2,0,1,2,2,100.0,0,1,0,1,1,4,0,0
1653,Amos Pieper,6.0,13,10,8,5,0,7,12,58.3,5,12,7,5,8,21,34,1
1654,Marvin Pieringer,3.8,3,2,0,2,1,2,6,33.3,4,8,1,7,2,5,2,0
1655,Ronael Pierre-Gabriel,5.0,12,6,9,2,1,4,5,80.0,1,11,4,7,7,19,19,0
1656,Andrea Pinamonti,5.9,0,0,0,0,0,0,4,0.0,4,4,1,3,0,0,4,0
1657,Ethan Pinnock,7.0,10,4,5,5,0,2,7,28.6,5,11,5,6,12,22,40,1
1658,Yeremi Pino,4.3,17,12,7,7,3,5,10,50.0,5,8,0,8,4,21,2,0
1659,Lorenzo Pirola,4.4,5,3,2,3,0,3,7,42.9,4,1,1,0,2,7,12,0
1660,Alassane Plea,4.3,6,4,3,2,1,2,7,28.6,5,2,0,2,0,6,2,0
1661,Tommaso Pobega,1.2,4,3,4,0,0,2,4,50.0,2,4,1,3,1,5,1,0
1662,Paul Pogba,0.6,1,1,0,1,0,1,1,100.0,0,0,0,0,1,2,1,0
1664,Matteo Politano,4.1,6,3,2,2,2,5,10,50.0,5,1,0,1,4,10,2,0
1665,Julien Ponceau,5.2,4,2,3,1,0,0,3,0.0,3,5,0,5,8,12,7,0
1666,Marin Pongracic,7.0,9,6,4,5,0,7,8,87.5,1,10,7,3,8,17,27,0
1668,Pedro Porro,6.0,19,11,11,4,4,12,22,54.5,10,17,4,13,5,24,17,0
1669,Portu,1.1,5,3,4,0,1,5,6,83.3,1,0,0,0,0,5,0,0
1670,Portu,1.5,3,3,0,2,1,1,3,33.3,2,2,0,2,0,3,0,0
1671,Stefan Posch,3.4,14,7,7,5,2,9,13,69.2,4,4,2,2,3,17,7,0
1672,Yussuf Poulsen,4.0,2,1,0,1,1,2,5,40.0,3,3,0,3,2,4,3,0
1673,Alejandro Pozo Pozo,2.0,3,2,1,1,1,1,2,50.0,1,1,0,1,0,3,4,0
1674,Benat Prados,0.7,2,0,2,0,0,1,3,33.3,2,1,1,0,1,3,5,0
1675,Matteo Prati,1.4,2,0,1,1,0,1,1,100.0,0,1,0,1,1,3,1,0
1677,Sanjin Prcic,1.0,0,0,0,0,0,0,1,0.0,1,2,1,1,3,3,1,0
1678,Grischa Promel,5.1,6,4,2,2,2,2,9,22.2,7,6,1,5,1,7,8,0
1679,Ivan Provedel,7.0,0,0,0,0,0,0,1,0.0,1,0,0,0,0,0,6,0
1680,Pubill,3.0,14,7,9,4,1,8,13,61.5,5,4,3,1,4,18,9,0
1682,Antonio Puertas,3.5,6,4,2,4,0,2,7,28.6,5,2,0,2,2,8,1,0
1683,Arnau Puigmal,1.9,1,1,1,0,0,1,2,50.0,1,1,0,1,2,3,1,0
1684,Christian Pulisic,5.8,6,5,3,2,1,3,3,100.0,0,2,0,2,3,9,1,0
1685,George Puscas,0.2,0,0,0,0,0,0,2,0.0,2,0,0,0,0,0,0,0
1686,Jarrell Quansah,1.3,4,3,3,1,0,2,3,66.7,1,0,0,0,2,6,6,0
1688,Adrien Rabiot,7.0,16,8,5,9,2,12,19,63.2,7,10,2,8,8,24,8,0
1691,Nemanja Radonjic,3.8,1,1,0,0,1,1,2,50.0,1,3,0,3,0,1,0,0
1693,Hamza Rafia,4.4,11,7,1,9,1,1,6,16.7,5,14,1,13,5,16,4,0
1694,Antonio Raillo,1.0,2,1,0,2,0,1,1,100.0,0,1,1,0,3,5,2,0
1697,Ivan Rakitic,5.5,9,6,3,3,3,5,8,62.5,3,4,3,1,5,14,5,0
1698,Ylber Ramadani,6.8,12,7,5,6,1,6,17,35.3,11,8,4,4,10,22,6,0
1699,Largie Ramazani,4.7,7,6,3,3,1,5,19,26.3,14,4,2,2,11,18,0,0
1700,Benito Ramirez,0.6,2,1,0,2,0,1,1,100.0,0,1,1,0,0,2,0,0
1701,Sandro Ramirez,3.9,4,4,1,3,0,1,2,50.0,1,3,0,3,0,4,4,0
1702,Chris Ramos,6.7,8,3,3,5,0,3,10,30.0,7,6,3,3,3,11,14,0
1703,Goncalo Ramos,3.8,2,0,0,2,0,1,5,20.0,4,1,0,1,0,2,4,0
1704,Sergio Ramos,2.0,1,1,0,1,0,1,1,100.0,0,2,2,0,4,5,9,0
1706,Aaron Ramsey,2.0,4,4,3,0,1,2,4,50.0,2,5,0,5,0,4,3,0
1707,Jacob Ramsey,0.6,4,2,3,1,0,1,3,33.3,2,2,0,2,1,5,0,0
1709,Filippo Ranocchia,1.4,4,4,2,2,0,2,4,50.0,2,5,1,4,0,4,4,0
1711,Raphinha,2.4,1,0,1,0,0,1,2,50.0,1,0,0,0,1,2,0,0
1713,Elba Rashani,1.5,0,0,0,0,0,0,3,0.0,3,5,0,5,0,0,1,0
1714,Marcus Rashford,6.7,2,2,1,0,1,1,4,25.0,3,4,1,3,0,2,2,0
1716,Giacomo Raspadori,3.7,11,5,4,5,2,3,6,50.0,3,5,0,5,1,12,1,0
1717,Raul,2.8,2,1,0,0,2,1,2,50.0,1,1,1,0,1,3,3,0
1718,David Raum,5.8,14,7,9,5,0,8,17,47.1,9,11,1,10,4,18,17,1
1720,Tim Ream,5.7,8,5,7,1,0,2,6,33.3,4,2,0,2,5,13,21,2
1721,Abderrahman Rebbach,1.6,1,1,0,0,1,1,4,25.0,3,1,0,1,0,1,1,0
1722,Nathan Redmond,0.6,2,1,0,0,2,1,2,50.0,1,0,0,0,0,2,1,0
1723,Harrison Reed,5.4,8,5,1,6,1,3,10,30.0,7,6,3,3,2,10,4,0
1724,Sergio Reguilon,1.8,3,0,1,0,2,2,6,33.3,4,2,0,2,1,4,4,0
1725,Bobby Reid,4.0,6,4,3,3,0,1,2,50.0,1,8,1,7,0,6,4,0
1726,Tijjani Reijnders,6.5,5,1,2,3,0,2,8,25.0,6,7,1,6,2,7,5,0
1727,Rocco Reitz,3.8,7,4,1,5,1,4,6,66.7,2,7,3,4,0,7,9,0
1730,Mateo Retegui,6.3,5,4,3,1,1,1,4,25.0,3,3,0,3,0,5,3,0
1731,Marco Reus,2.8,5,3,1,4,0,0,2,0.0,2,2,0,2,1,6,1,0
1732,Elvis Rexhbecaj,5.6,11,8,3,7,1,7,11,63.6,4,8,1,7,3,14,3,0
1733,Chadi Riad,2.5,5,0,1,4,0,4,7,57.1,3,2,0,2,3,8,12,0
1734,Alexsandro Ribeiro,4.4,4,3,3,1,0,1,4,25.0,3,3,2,1,3,7,19,0
1735,Samuele Ricci,5.7,7,2,5,2,0,3,5,60.0,2,4,1,3,6,13,5,0
1736,Declan Rice,6.4,15,10,6,9,0,6,12,50.0,6,11,3,8,10,25,8,0
1738,Amir Richardson,2.5,2,2,0,2,0,0,2,0.0,2,8,4,4,5,7,10,0
1739,Richarlison,3.9,2,0,1,0,1,1,3,33.3,2,8,2,6,2,4,2,0
1740,Marco Richter,1.3,2,0,1,0,1,1,1,100.0,0,1,0,1,0,2,0,0
1742,Diego Rico,3.9,9,4,6,2,1,6,11,54.5,5,0,0,0,4,13,6,0
1743,Clemens Riedel,2.1,5,3,5,0,0,3,7,42.9,4,2,0,2,3,8,5,0
1746,Manuel Riemann,6.0,1,0,1,0,0,1,1,100.0,0,0,0,0,0,1,3,0
1747,Luis Rioja,7.0,11,10,4,7,0,6,11,54.5,5,3,0,3,1,12,6,0
1748,Remy Riou,3.0,0,0,0,0,0,0,1,0.0,1,0,0,0,0,0,1,1
1749,Rodrigo Riquelme,1.6,3,1,1,2,0,1,2,50.0,1,2,0,2,0,3,0,0
1750,Mihailo Ristic,3.0,2,1,1,1,0,2,2,100.0,0,5,1,4,1,3,8,0
1752,Sergi Roberto,1.8,1,1,1,0,0,1,2,50.0,1,1,1,0,1,2,0,0
1753,Lucas Robertone,4.5,9,4,4,4,1,6,7,85.7,1,5,3,2,13,22,5,0
1754,Connor Roberts,7.0,8,2,4,3,1,5,11,45.5,6,7,5,2,3,11,18,2
1755,Andrew Robertson,7.0,11,7,8,2,1,7,12,58.3,5,5,3,2,7,18,20,0
1756,Antonee Robinson,6.0,15,9,8,5,2,8,16,50.0,8,5,0,5,11,26,16,0
1757,Jack Robinson,6.9,9,7,6,3,0,6,11,54.5,5,12,8,4,8,17,32,1
1758,Marc Roca,6.3,13,9,2,8,3,9,13,69.2,4,7,0,7,8,21,2,1
1759,Sebastian Rode,0.3,3,2,0,2,1,2,3,66.7,1,0,0,0,1,4,0,0
1760,Rodri,5.3,13,8,4,8,1,4,8,50.0,4,4,0,4,3,16,7,2
1761,Rodri,4.0,6,2,3,2,1,4,10,40.0,6,3,0,3,2,8,1,0
1762,Oscar Rodriguez Arnaiz,1.3,2,1,0,2,0,0,1,0.0,1,0,0,0,0,2,0,0
1763,Dani Rodriguez,7.2,16,8,7,6,3,9,14,64.3,5,9,2,7,3,19,3,0
1764,Guido Rodriguez,6.4,11,5,5,5,1,8,18,44.4,10,5,1,4,7,18,12,0
1766,Kirian Rodriguez,6.7,10,5,5,4,1,5,15,33.3,10,7,1,6,7,17,3,0
1769,Ricardo Rodriguez,6.8,8,5,3,5,0,4,10,40.0,6,9,3,6,7,15,13,0
1770,Rodrygo,6.9,4,4,1,2,1,1,3,33.3,2,2,0,2,3,7,1,0
1771,Mads Roerslev,1.6,5,3,5,0,0,2,6,33.3,4,1,0,1,1,6,5,0
1772,Rogerio,3.0,2,2,2,0,0,1,2,50.0,1,6,1,5,2,4,6,0
1773,Merlin Rohl,1.9,2,2,1,1,0,1,6,16.7,5,4,1,3,1,3,4,0
1774,Alessio Romagnoli,7.0,4,3,2,2,0,3,3,100.0,0,8,6,2,8,12,21,0
1775,Simone Romagnoli,6.2,6,2,4,2,0,2,2,100.0,0,11,10,1,5,11,38,0
1776,Carlos Romero,0.7,3,1,2,0,1,2,3,66.7,1,1,0,1,0,3,1,0
1777,Cristian Romero,6.1,17,11,11,5,1,8,10,80.0,2,11,5,6,9,26,23,0
1779,Oriol Romeu,5.3,13,9,6,6,1,5,8,62.5,3,5,2,3,5,18,10,0
1780,Valentin Rongier,6.5,11,5,3,7,1,7,17,41.2,10,15,4,11,11,22,13,0
1781,Frank Ronstadt,0.2,0,0,0,0,0,0,1,0.0,1,1,0,1,1,1,1,0
1782,Marten de Roon,7.0,22,8,9,12,1,13,28,46.4,15,5,0,5,10,32,12,0
1783,Pablo Rosario,2.0,9,6,5,4,0,4,5,80.0,1,2,1,1,2,11,2,0
1784,Joe Rothwell,2.5,5,1,3,1,1,2,7,28.6,5,3,1,2,2,7,1,0
1785,Anthony Rouault,1.0,1,1,1,0,0,1,1,100.0,0,2,2,0,0,1,6,0
1787,Nicolo Rovella,2.4,6,5,5,1,0,4,8,50.0,4,3,0,3,7,13,4,0
1788,Amir Rrahmani,3.0,3,3,1,2,0,3,3,100.0,0,3,0,3,4,7,4,0
1789,Ruan,4.6,5,2,1,3,1,0,2,0.0,2,5,3,2,11,16,18,0
1790,Pelly Ruddock Mpanzu,3.9,3,0,0,3,0,1,2,50.0,1,2,1,1,3,6,2,1
1791,Antonio Rudiger,7.5,5,4,3,0,2,4,5,80.0,1,6,6,0,3,8,26,0
1794,Matteo Ruggeri,6.4,4,2,2,1,1,2,2,100.0,0,14,1,13,5,9,9,0
1795,Mario Rui,2.6,10,5,5,1,4,5,5,100.0,0,2,0,2,4,14,4,0
1796,Aitor Ruibal,2.7,8,3,3,4,1,6,12,50.0,6,1,0,1,3,11,3,0
1797,Fabian Ruiz Pena,2.4,7,3,3,2,2,5,8,62.5,3,1,0,1,1,8,1,0
1798,Sergio Ruiz,5.3,16,5,6,7,3,6,16,37.5,10,4,1,3,4,20,7,0
1799,Julian Ryerson,3.9,8,7,5,3,0,6,9,66.7,3,9,2,7,2,10,4,1
1802,Youssouf Sabaly,3.0,6,3,5,0,1,2,3,66.7,1,3,1,2,3,9,10,0
1803,Emmanuel Sabbi,0.9,4,0,2,2,0,3,5,60.0,2,2,0,2,0,4,1,0
1804,Stefano Sabelli,4.2,8,2,6,2,0,2,7,28.6,5,3,0,3,5,13,9,0
1805,Marcel Sabitzer,3.7,9,7,5,4,0,5,8,62.5,3,7,4,3,1,10,4,0
1806,Falaye Sacko,6.7,16,11,6,8,2,11,16,68.8,5,9,1,8,15,31,16,0
1809,Wesley Said,1.2,0,0,0,0,0,0,1,0.0,1,1,0,1,0,0,0,0
1810,Bukayo Saka,6.8,19,11,8,4,7,8,18,44.4,10,13,0,13,2,21,5,1
1811,Mamadou Sakho,0.1,1,1,1,0,0,1,1,100.0,0,0,0,0,0,1,1,0
1812,Ibrahim Salah,1.8,4,3,0,2,2,2,2,100.0,0,2,0,2,2,6,1,0
1813,Mohamed Salah,6.6,7,5,0,2,5,4,9,44.4,5,2,0,2,1,8,0,0
1815,Kike Salas,1.9,5,4,3,1,1,3,5,60.0,2,1,1,0,4,9,10,0
1816,William Saliba,7.0,4,1,4,0,0,3,3,100.0,0,10,6,4,7,11,16,0
1817,Roland Sallai,5.1,4,2,2,0,2,2,7,28.6,5,7,1,6,3,7,11,0
1818,Yoann Salmier,7.0,11,6,5,4,2,6,7,85.7,1,9,6,3,14,25,24,0
1820,Salvi,0.3,0,0,0,0,0,0,4,0.0,4,0,0,0,1,1,0,0
1821,Lazar Samardzic,5.0,2,1,2,0,0,1,6,16.7,5,2,1,1,2,4,0,0
1823,Mama Samba Balde,1.9,1,1,0,0,1,1,3,33.3,2,0,0,0,0,1,0,0
1825,Albert Sambi Lokonga,1.4,1,0,0,1,0,1,1,100.0,0,0,0,0,0,1,0,0
1826,Junior Sambia,0.1,1,1,1,0,0,1,2,50.0,1,0,0,0,0,1,2,0
1827,Samuel,2.8,13,8,9,1,3,9,10,90.0,1,4,0,4,2,15,9,0
1828,Fede San Emeterio,1.5,3,2,2,1,0,1,4,25.0,3,3,2,1,1,4,1,0
1830,Oihan Sancet,4.2,3,2,0,1,2,2,6,33.3,4,1,0,1,1,4,0,0
1831,Renato Sanches,0.8,2,1,1,1,0,2,2,100.0,0,1,0,1,0,2,0,0
1832,Ricard Sanchez,6.5,6,2,2,2,2,1,3,33.3,2,7,0,7,5,11,14,0
1834,Antonio Sanchez,1.5,6,2,3,2,1,3,6,50.0,3,1,1,0,0,6,0,0
1836,Juanlu Sanchez,2.3,14,11,11,3,0,11,16,68.8,5,6,3,3,2,16,7,0
1837,Manu Sanchez,3.5,8,4,2,5,1,2,7,28.6,5,1,0,1,6,14,15,0
1839,Jadon Sancho,0.9,1,0,1,0,0,1,3,33.3,2,1,0,1,1,2,0,0
1840,Alex Sandro,2.0,2,1,0,2,0,1,1,100.0,0,2,1,1,5,7,5,0
1842,Leroy Sane,5.8,4,2,2,0,2,2,5,40.0,3,1,0,1,0,4,2,0
1844,Arouna Sangante,6.0,8,4,6,2,0,2,5,40.0,3,8,7,1,12,20,20,0
1846,Ibrahim Sangare,2.5,7,6,4,2,1,3,6,50.0,3,5,3,2,4,11,3,0
1847,Morgan Sanson,6.1,8,7,2,3,3,4,12,33.3,8,5,1,4,7,15,2,0
1848,Nicola Sansone,0.4,2,2,1,1,0,2,2,100.0,0,0,0,0,0,2,0,0
1849,Baptiste Santamaria,3.1,4,2,2,1,1,2,6,33.3,4,3,1,2,3,7,4,0
1850,Tiago santos,5.1,7,7,2,3,2,4,9,44.4,5,3,0,3,3,10,4,0
1851,Riccardo Saponara,0.9,1,0,1,0,0,0,1,0.0,1,2,0,2,0,1,0,0
1852,Pablo Sarabia,1.9,2,2,1,1,0,2,5,40.0,3,2,1,1,0,2,1,0
1855,Ismaila Sarr,3.5,1,1,0,0,1,0,5,0.0,5,7,2,5,4,5,2,0
1856,Martin Satriano,4.3,3,3,0,3,0,1,3,33.3,2,4,2,2,2,5,10,0
1857,Teji Savanier,6.6,2,1,0,1,1,1,8,12.5,7,6,0,6,6,8,3,0
1858,Stefan Savic,4.5,3,1,2,1,0,2,8,25.0,6,12,7,5,11,14,9,0
1859,Savio,7.0,8,6,3,4,1,3,5,60.0,2,7,0,7,2,10,3,0
1860,Saba Sazonov,1.0,3,3,2,1,0,1,1,100.0,0,1,1,0,1,4,5,0
1861,Joe Scally,4.5,11,7,3,6,2,5,7,71.4,2,9,5,4,1,12,16,0
1862,Giorgio Scalvini,5.9,19,10,13,6,0,6,9,66.7,3,16,6,10,14,33,20,0
1864,Kevin Schade,2.9,2,1,1,1,0,0,3,0.0,3,0,0,0,1,3,3,0
1865,Fabian Schar,7.0,9,6,6,3,0,2,4,50.0,2,8,7,1,5,14,19,0
1866,Stefan Schimmer,0.1,0,0,0,0,0,0,2,0.0,2,1,0,1,1,1,2,0
1867,Xaver Schlager,5.9,24,14,10,13,1,8,20,40.0,12,7,1,6,4,28,6,0
1869,Nico Schlotterbeck,5.0,8,6,6,2,0,3,7,42.9,4,5,1,4,6,14,20,1
1870,Jeffrey Schlupp,6.0,12,5,6,5,1,5,7,71.4,2,5,1,4,1,13,11,0
1872,Romano Schmid,5.0,9,4,2,6,1,5,9,55.6,4,6,0,6,0,9,7,0
1873,Kenneth Schmidt,0.7,2,2,2,0,0,2,4,50.0,2,1,0,1,0,2,1,0
1874,Niklas Schmidt,4.1,13,10,6,7,0,6,11,54.5,5,6,5,1,4,17,8,0
1875,Benno Schmitz,4.5,9,4,7,2,0,6,12,50.0,6,6,1,5,2,11,8,0
1876,Fabian Schnellhardt,0.5,1,0,0,1,0,1,2,50.0,1,0,0,0,1,2,4,0
1877,Jan Schoppner,0.1,1,0,1,0,0,1,1,100.0,0,0,0,0,1,2,3,0
1879,Perr Schuurs,7.0,14,10,8,5,1,2,8,25.0,6,9,1,8,8,22,17,0
1881,Demba Seck,2.9,3,1,1,2,0,2,3,66.7,1,1,0,1,1,4,0,0
1882,Aleksandar Sedlar,6.5,8,5,6,2,0,7,11,63.6,4,3,3,0,8,16,23,0
1883,Alidu Seidu,7.0,18,14,7,11,0,13,19,68.4,6,8,4,4,10,28,16,0
1884,Nicolas Seiwald,1.1,9,5,6,2,1,4,5,80.0,1,4,1,3,1,10,0,0
1885,Davie Selke,3.9,2,1,1,1,0,0,1,0.0,1,1,1,0,0,2,5,0
1887,Nelson Semedo,6.9,22,12,17,3,2,11,16,68.8,5,12,4,8,11,33,22,0
1889,Antoine Semenyo,2.9,3,1,1,1,1,1,1,100.0,0,1,0,1,0,3,1,0
1890,Marvin Senaya,3.0,14,9,10,4,0,6,11,54.5,5,4,2,2,7,21,3,0
1891,Marcos Senesi,3.9,10,5,4,5,1,1,13,7.7,12,10,5,5,3,13,22,1
1893,Suat Serdar,1.2,4,3,1,2,1,0,2,0.0,2,0,0,0,2,6,3,0
1894,Benjamin Sesko,1.6,4,1,1,3,0,1,1,100.0,0,4,1,3,0,4,2,0
1895,Kevin Sessa,0.7,0,0,0,0,0,0,1,0.0,1,3,0,3,0,0,0,0
1898,Stephan El Shaarawy,3.3,4,3,3,1,0,0,1,0.0,1,2,1,1,0,4,3,0
1899,Luke Shaw,2.0,3,2,2,1,0,2,3,66.7,1,7,3,4,2,5,10,0
1900,Eldor Shomurodov,2.9,2,1,0,1,1,2,4,50.0,2,0,0,0,1,3,0,0
1901,Steven Shpendi,2.3,0,0,0,0,0,0,1,0.0,1,2,1,1,1,1,0,0
1902,Vincent Sierro,5.1,3,2,1,2,0,3,14,21.4,11,4,1,3,4,7,3,0
1903,Tim Siersleben,6.0,19,7,14,5,0,6,13,46.2,7,10,7,3,14,33,20,1
1904,Kiliann Sildillia,3.5,9,5,7,2,0,6,7,85.7,1,4,2,2,2,11,9,0
1905,Andre Silva,0.3,0,0,0,0,0,0,1,0.0,1,0,0,0,0,0,0,0
1906,Bernardo Silva,3.2,3,1,2,0,1,3,6,50.0,3,1,0,1,0,3,0,1
1907,Caio Henrique Oliveira Silva,5.9,12,6,3,6,3,6,9,66.7,3,7,1,6,3,15,8,0
1908,Fabio Silva,2.8,6,4,2,4,0,1,2,50.0,1,1,0,1,2,8,0,0
1909,Rui Silva,4.5,0,0,0,0,0,0,1,0.0,1,0,0,0,1,1,3,0
1910,Thiago Silva,7.0,7,2,7,0,0,5,9,55.6,4,8,6,2,6,13,38,0
1911,Marco Silvestri,7.0,0,0,0,0,0,0,3,0.0,3,1,0,1,0,0,3,2
1912,Mohamed Simakan,5.7,17,12,12,5,0,10,15,66.7,5,4,1,3,7,24,20,0
1913,Giovanni Simeone,1.1,1,0,0,0,1,0,4,0.0,4,2,0,2,0,1,0,0
1914,Moses Simon,6.3,2,1,0,2,0,1,1,100.0,0,2,0,2,3,5,3,0
1915,Unai Simon,8.0,0,0,0,0,0,0,1,0.0,1,0,0,0,0,0,4,0
1916,Xavi Simons,5.3,4,2,2,2,0,3,6,50.0,3,8,0,8,1,5,0,0
1917,Wilfried Singo,6.0,9,8,5,4,0,4,8,50.0,4,2,1,1,12,21,14,0
1918,Luis Sinisterra,0.6,3,2,1,1,1,1,1,100.0,0,2,0,2,1,4,0,0
1919,Daley Sinkgraven,1.6,3,2,2,1,0,0,5,0.0,5,2,1,1,2,5,3,0
1921,Ibrahima Sissoko,2.5,9,6,4,4,1,5,7,71.4,2,2,2,0,1,10,4,0
1924,Antonio Sivera,8.0,0,0,0,0,0,0,1,0.0,1,0,0,0,0,0,6,0
1925,Tim Skarke,2.7,2,2,2,0,0,1,4,25.0,3,1,0,1,1,3,0,0
1926,Ellyes Skhiri,6.0,4,3,2,1,1,1,8,12.5,7,14,2,12,8,12,15,1
1927,Oliver Skipp,1.2,2,1,1,1,0,1,1,100.0,0,2,0,2,0,2,0,0
1928,Leo Skiri Ostigard,4.0,7,3,4,3,0,1,3,33.3,2,4,3,1,5,12,11,0
1929,Lukasz Skorupski,7.0,1,1,1,0,0,1,1,100.0,0,0,0,0,0,1,3,0
1930,Robert Skov,3.2,3,3,1,2,0,2,6,33.3,4,4,1,3,4,7,7,1
1931,Milan Skriniar,7.0,7,5,2,5,0,3,4,75.0,1,9,4,5,4,11,12,0
1932,Chris Smalling,2.7,1,1,1,0,0,1,3,33.3,2,1,0,1,4,5,3,0
1935,Hrvoje Smolcic,0.9,1,0,1,0,0,1,2,50.0,1,1,0,1,0,1,7,0
1936,Danilo Soares,0.5,1,1,1,0,0,1,1,100.0,0,3,0,3,0,1,1,0
1937,Ruben Sobrino,3.4,6,4,3,3,0,4,9,44.4,5,4,0,4,2,8,5,0
1938,Emran Soglo,0.7,2,1,0,2,0,1,1,100.0,0,4,0,4,1,3,2,0
1939,Alex Sola,3.5,7,3,2,4,1,3,4,75.0,1,5,0,5,2,9,3,0
1941,Dominic Solanke,7.0,3,1,0,2,1,3,3,100.0,0,3,0,3,2,5,6,0
1943,Carlos Soler,1.2,0,0,0,0,0,0,2,0.0,2,2,0,2,1,1,0,0
1944,Jhon Solis,0.1,0,0,0,0,0,0,1,0.0,1,0,0,0,0,0,0,0
1945,Manor Solomon,2.2,3,3,1,1,1,1,2,50.0,1,4,0,4,3,6,2,0
1946,Yann Sommer,7.0,1,1,1,0,0,1,1,100.0,0,0,0,0,0,1,2,1
1947,Brandon Soppy,1.3,2,2,1,1,0,2,3,66.7,1,1,0,1,0,2,1,0
1952,Borna Sosa,0.5,0,0,0,0,0,0,1,0.0,1,0,0,0,0,0,0,0
1953,Hugo Sotelo,1.6,4,3,1,3,0,1,3,33.3,2,3,1,2,0,4,0,0
1954,Florian Sotoca,6.9,5,3,2,2,1,4,8,50.0,4,4,0,4,3,8,7,0
1955,Riccardo Sottil,2.1,4,3,1,1,2,0,2,0.0,2,2,0,2,1,5,0,0
1956,Tomas Soucek,5.2,11,9,2,8,1,4,9,44.4,5,12,8,4,7,18,23,0
1957,Matias Soule,4.5,14,10,6,6,2,5,9,55.6,4,6,1,5,4,18,2,0
1959,Issa Soumare,2.1,1,0,1,0,0,0,4,0.0,4,0,0,0,0,1,2,0
1960,Vinicius Souza,5.8,22,8,9,7,6,7,13,53.8,6,10,2,8,9,31,14,0
1961,Djibril Sow,3.6,7,6,4,2,1,2,9,22.2,7,6,0,6,6,13,3,0
1963,Stijn Spierings,1.4,3,3,2,1,0,3,5,60.0,2,1,0,1,3,6,2,0
1964,Stijn Spierings,1.3,1,0,0,1,0,1,1,100.0,0,2,1,1,2,3,1,0
1965,Leonardo Spinazzola,5.2,3,1,1,2,0,1,6,16.7,5,3,1,2,1,4,4,0
1967,Anton Stach,2.4,7,5,4,2,1,6,8,75.0,2,3,2,1,11,18,5,0
1968,Anton Stach,1.9,3,0,2,0,1,2,4,50.0,2,5,0,5,2,5,5,0
1969,Jens Stage,5.6,6,3,1,4,1,2,9,22.2,7,4,2,2,3,9,4,0
1971,Carl Starfelt,7.0,8,6,7,1,0,3,7,42.9,4,14,11,3,8,16,45,1
1972,Niklas Stark,4.0,13,6,5,7,1,4,6,66.7,2,5,5,0,3,16,24,1
1974,Pascal Stenzel,5.1,10,6,3,6,1,7,14,50.0,7,6,2,4,4,14,16,0
1976,Raheem Sterling,6.2,5,4,1,1,3,3,6,50.0,3,1,0,1,0,5,1,0
1978,Angelo Stiller,0.9,0,0,0,0,0,0,1,0.0,1,2,0,2,0,0,3,0
1979,Angelo Stiller,4.0,9,5,3,5,1,6,9,66.7,3,0,0,0,4,13,3,0
1980,Kevin Stoger,5.1,7,4,3,3,1,7,17,41.2,10,3,0,3,3,10,2,0
1982,Jorgen Strand Larsen,6.4,4,3,0,4,0,2,10,20.0,8,2,0,2,2,6,1,0
1983,Gabriel Strefezza,4.7,5,4,3,1,1,2,5,40.0,3,6,0,6,1,6,5,0
1984,Kevin Strootman,3.6,13,6,6,7,0,4,9,44.4,5,8,3,5,1,14,7,0
1985,Cristhian Stuani,4.0,6,6,1,3,2,2,4,50.0,2,1,0,1,1,7,5,0
1986,Alex Suarez,6.8,16,10,10,6,0,10,10,100.0,0,4,3,1,6,22,32,0
1987,Damian Suarez,6.7,17,12,5,8,4,13,19,68.4,6,5,1,4,6,23,12,0
1988,Denis Suarez,1.5,0,0,0,0,0,0,2,0.0,2,2,2,0,0,0,4,0
1989,Gabriel Suazo,6.2,10,5,5,4,1,6,18,33.3,12,13,3,10,5,15,13,0
1990,Isaac Success,2.0,2,2,0,1,1,1,2,50.0,1,0,0,0,1,3,2,0
1992,Ibrahim Sulemana,4.4,6,1,4,1,1,4,7,57.1,3,12,1,11,3,9,7,0
1993,Tomas Suslov,1.7,1,1,0,1,0,0,2,0.0,2,0,0,0,0,1,1,0
1994,Suso,4.6,9,7,5,4,0,2,6,33.3,4,2,0,2,2,11,0,0
1995,Mattias Svanberg,5.5,15,8,4,9,2,3,13,23.1,10,5,0,5,7,22,7,0
1996,Williot Swedberg,0.5,2,1,1,1,0,2,2,100.0,0,0,0,0,0,2,1,0
1997,Abakar Sylla,4.0,26,9,12,11,3,17,20,85.0,3,7,1,6,6,32,15,1
1999,Issiaga Sylla,5.9,11,8,7,2,2,6,12,50.0,6,4,1,3,5,16,13,0
2002,Attila Szalai,1.5,1,0,1,0,0,0,3,0.0,3,2,1,1,0,1,4,0
2004,Dominik Szoboszlai,7.0,10,8,3,5,2,5,21,23.8,16,17,1,16,5,15,9,1
2006,Alexander Sorloth,7.0,3,2,0,0,3,1,4,25.0,3,5,2,3,0,3,7,0
2007,Musa Al-Taamari,5.1,7,6,4,0,3,5,8,62.5,3,8,1,7,1,8,3,0
2008,Nicolas Tagliafico,6.9,19,7,9,7,3,10,20,50.0,10,8,4,4,6,25,15,0
2009,Jonathan Tah,5.8,7,4,5,2,0,3,6,50.0,3,11,9,2,3,10,26,0
2010,Montassar Talbi,7.0,13,5,10,3,0,7,11,63.6,4,13,8,5,8,21,25,0
2011,Adrien Tameze,3.9,3,3,0,2,1,2,6,33.3,4,7,2,5,8,11,3,0
2012,Renato Tapia,0.5,4,3,0,4,0,1,2,50.0,1,0,0,0,0,4,1,0
2013,Edmond Tapsoba,6.0,8,7,3,4,1,2,3,66.7,1,3,1,2,3,11,17,0
2014,Matt Targett,0.9,2,0,1,1,0,1,1,100.0,0,1,0,1,0,2,2,0
2015,Oussama Targhalline,1.0,2,2,2,0,0,1,2,50.0,1,3,0,3,2,4,1,0
2016,James Tarkowski,7.0,7,4,6,1,0,3,5,60.0,2,13,10,3,12,19,24,0
2018,Nuno Tavares,1.1,2,2,2,0,0,2,2,100.0,0,1,0,1,0,2,4,0
2019,Marcus Tavernier,2.4,3,2,1,1,1,2,3,66.7,1,4,1,3,2,5,0,0
2020,Charlie Taylor,4.0,6,4,3,3,0,4,8,50.0,4,8,3,5,3,9,19,0
2022,Enzo Tchato,0.3,1,1,1,0,0,1,1,100.0,0,1,1,0,0,1,0,0
2023,Aurelien Tchouameni,6.6,16,8,8,7,1,3,5,60.0,2,7,4,3,11,27,10,0
2026,Nahuel Tenaglia,0.8,1,1,1,0,0,1,1,100.0,0,0,0,0,1,2,4,0
2029,Filippo Terracciano,5.0,18,12,13,4,1,10,14,71.4,4,13,0,13,3,21,5,0
2030,Pietro Terracciano,5.0,0,0,0,0,0,0,1,0.0,1,1,0,1,0,0,0,0
2031,Ramon Terrats,3.9,7,5,2,5,0,1,4,25.0,3,2,0,2,0,7,0,0
2032,Kenny Tete,4.7,9,6,6,3,0,3,5,60.0,2,2,1,1,7,16,18,0
2033,Benjamin Tetteh,0.3,0,0,0,0,0,0,1,0.0,1,0,0,0,0,0,0,0
2034,Teddy Teuma,4.8,17,13,4,7,6,9,18,50.0,9,4,1,3,6,23,1,0
2035,Florian Thauvin,5.2,4,2,1,2,1,3,5,60.0,2,2,0,2,0,4,1,0
2036,Arthur Theate,7.0,4,1,3,1,0,3,5,60.0,2,11,6,5,7,11,21,0
2037,Norman Theuerkauf,3.6,3,3,3,0,0,2,4,50.0,2,1,0,1,8,11,4,0
2038,Malick Thiaw,5.8,7,6,3,4,0,2,6,33.3,4,7,3,4,5,12,15,0
2039,Denis Thomalla,2.4,5,3,2,3,0,4,7,57.1,3,1,0,1,1,6,5,0
2040,Luke Thomas,3.3,3,2,1,2,0,2,4,50.0,2,7,2,5,1,4,13,0
2041,Adrien Thomasson,4.4,7,3,1,5,1,5,12,41.7,7,5,0,5,5,12,5,0
2042,Morten Thorsby,3.6,7,5,3,3,1,4,6,66.7,2,6,0,6,2,9,8,0
2043,Kristian Thorstvedt,2.1,1,1,0,1,0,0,2,0.0,2,4,2,2,3,4,3,0
2044,Khephren Thuram,5.5,12,10,3,6,3,6,12,50.0,6,7,2,5,5,17,3,0
2045,Marcus Thuram,5.7,2,1,2,0,0,0,1,0.0,1,3,0,3,0,2,1,0
2046,Cheikh Tidiane Sabaly,5.7,18,9,10,4,4,6,19,31.6,13,7,1,6,5,23,4,0
2047,Youri Tielemans,1.6,2,0,1,1,0,1,2,50.0,1,3,0,3,1,3,1,0
2048,Kieran Tierney,2.6,5,4,3,2,0,4,5,80.0,1,4,1,3,2,7,4,0
2049,Phillip Tietz,3.2,4,1,3,1,0,1,3,33.3,2,2,0,2,0,4,3,0
2052,Jean-Clair Todibo,5.7,12,8,6,6,0,6,14,42.9,8,11,3,8,7,19,19,0
2054,Harry Toffolo,0.3,0,0,0,0,0,0,1,0.0,1,3,1,2,0,0,3,0
2055,Corentin Tolisso,5.2,12,10,2,4,6,6,15,40.0,9,6,2,4,4,16,8,0
2056,Jeremy Toljan,7.0,5,3,3,1,1,2,3,66.7,1,2,0,2,4,9,12,0
2057,Rafael Toloi,3.0,4,2,2,0,2,1,3,33.3,2,0,0,0,4,8,11,0
2058,Raul de Tomas,2.9,3,2,1,1,1,0,1,0.0,1,0,0,0,0,3,0,0
2059,Tiago Tomas,3.0,2,0,1,0,1,1,4,25.0,3,5,0,5,1,3,3,0
2060,Takehiro Tomiyasu,1.7,0,0,0,0,0,0,1,0.0,1,0,0,0,1,1,6,0
2062,Fikayo Tomori,5.7,9,5,8,1,0,5,10,50.0,5,8,5,3,10,19,12,0
2063,Sandro Tonali,3.6,6,6,3,2,1,2,8,25.0,6,2,0,2,1,7,4,0
2064,Pablo Torre,1.0,0,0,0,0,0,0,2,0.0,2,1,0,1,0,0,2,0
2065,Raul Torrente,3.1,3,1,1,2,0,2,4,50.0,2,4,2,2,2,5,12,2
2066,Ferran Torres,3.1,3,2,1,1,1,3,7,42.9,4,4,0,4,1,4,3,0
2067,Oliver Torres,3.4,10,5,4,3,3,4,10,40.0,6,8,0,8,0,10,0,0
2068,Pau Torres,6.7,7,4,5,2,0,3,8,37.5,5,8,2,6,1,8,15,0
2069,Lucas Torro,3.7,2,2,2,0,0,0,3,0.0,3,3,1,2,8,10,10,0
2070,Ahmed Touba,1.1,1,1,1,0,0,1,1,100.0,0,2,2,0,2,3,8,0
2071,Abdoulaye Toure,5.9,11,7,5,4,2,6,14,42.9,8,6,1,5,6,17,8,0
2072,Souleymane Toure,2.5,6,3,3,3,0,2,3,66.7,1,7,5,2,4,10,10,0
2073,Lucas Tousart,2.0,3,2,1,1,1,2,2,100.0,0,2,2,0,2,5,2,0
2078,Hamari Traore,7.2,13,8,9,4,0,9,15,60.0,6,7,2,5,5,18,12,0
2080,Ismael Traore,3.0,5,4,3,2,0,2,3,66.7,1,5,2,3,7,12,14,0
2081,Omar Traore,5.6,8,3,7,1,0,1,4,25.0,3,7,1,6,8,16,10,0
2083,Oscar Trejo,3.4,7,5,3,1,3,5,6,83.3,1,5,0,5,1,8,5,0
2084,Mike Tresor,1.0,1,0,1,0,0,0,1,0.0,1,0,0,0,0,1,1,0
2085,Manu Trigueros,0.4,1,1,1,0,0,1,2,50.0,1,0,0,0,1,2,2,0
2086,Christopher Trimmel,3.0,1,1,0,1,0,0,1,0.0,1,3,1,2,6,7,10,0
2087,Kieran Trippier,6.8,12,7,4,6,2,10,17,58.8,7,9,5,4,6,18,8,0
2088,Leandro Trossard,1.4,3,3,1,2,0,1,1,100.0,0,3,0,3,2,5,1,0
2089,Adrien Truffert,4.8,7,6,4,2,1,5,6,83.3,1,6,1,5,3,10,10,0
2092,Viktor Tsyhankov,6.6,7,5,3,2,2,6,10,60.0,4,8,0,8,2,9,7,0
2095,Benat Turrientes,3.2,6,4,3,1,2,2,3,66.7,1,2,0,2,0,6,3,0
2096,Tuta,4.6,11,7,6,5,0,9,11,81.8,2,2,2,0,3,14,19,0
2097,Destiny Udogie,6.6,22,13,12,7,3,6,11,54.5,5,4,1,3,10,32,21,1
2098,Matthieu Udol,5.0,3,3,1,1,1,2,2,100.0,0,15,4,11,14,17,16,0
2099,Manuel Ugarte Ribeiro,5.1,24,15,5,12,7,8,18,44.4,10,4,0,4,8,32,0,1
2100,Lesley Ugochukwu,1.5,3,3,1,2,0,2,5,40.0,3,4,1,3,0,3,2,0
2101,Lukas Ullrich,0.2,1,0,1,0,0,1,3,33.3,2,0,0,0,0,1,1,0
2102,Sven Ulreich,6.0,1,0,1,0,0,1,1,100.0,0,0,0,0,0,1,3,2
2103,Samuel Umtiti,1.6,1,1,0,1,0,1,3,33.3,2,0,0,0,2,3,2,0
2104,Deniz Undav,0.5,1,0,1,0,0,0,1,0.0,1,0,0,0,0,1,0,0
2106,Dayot Upamecano,5.5,8,4,7,1,0,6,10,60.0,4,3,0,3,2,10,16,0
2107,Kacper Urbanski,0.3,1,1,0,1,0,1,2,50.0,1,0,0,0,0,1,0,0
2108,Myrto Uzuni,6.6,5,3,0,3,2,2,7,28.6,5,2,0,2,1,6,2,0
2109,Oscar Valentin,7.3,15,9,4,9,2,5,18,27.8,13,13,3,10,4,19,4,0
2110,Martin Valjent,8.0,9,8,7,2,0,6,8,75.0,2,10,4,6,15,24,36,1
2112,Alvaro Valles,8.0,2,1,2,0,0,2,2,100.0,0,0,0,0,0,2,8,0
2113,Federico Valverde,7.0,11,8,4,5,2,7,8,87.5,1,4,1,3,11,22,7,0
2114,Kevin Van Den Kerkhof,1.0,4,3,3,1,0,1,3,33.3,2,0,0,0,0,4,0,0
2115,Siebe Van Der Heyden,2.6,9,2,7,2,0,4,6,66.7,2,1,1,0,6,15,12,0
2116,Virgil van Dijk,4.3,5,1,4,1,0,1,1,100.0,0,11,7,4,13,18,30,0
2117,Vanderson,6.5,17,10,2,8,7,10,22,45.5,12,9,0,9,9,26,8,0
2118,Raphael Varane,3.6,5,4,1,4,0,1,3,33.3,2,4,2,2,1,6,18,0
2119,Ruben Vargas,4.8,3,1,0,2,1,1,4,25.0,3,6,1,5,1,4,5,0
2120,Johan Vasquez,4.9,14,10,12,2,0,12,14,85.7,2,12,2,10,5,19,22,0
2121,Jose Luis Garcia Vaya,7.9,18,14,8,7,3,6,14,42.9,8,11,3,8,8,26,17,0
2123,Lucas Vazquez,1.4,4,3,4,0,0,2,3,66.7,1,2,0,2,0,4,4,0
2124,Matias Vecino,2.2,4,3,0,4,0,2,4,50.0,2,4,2,2,1,5,1,0
2127,Milos Veljkovic,3.5,6,4,3,3,0,3,5,60.0,2,4,3,1,0,6,8,0
2128,Joel Veltman,4.7,19,15,7,9,3,10,18,55.6,8,6,5,1,5,24,15,1
2129,Micky van de Ven,7.0,11,8,7,2,2,5,6,83.3,1,5,4,1,3,14,22,0
2130,Lorenzo Venuti,0.7,1,1,1,0,0,1,1,100.0,0,3,2,1,2,3,5,0
2134,Jordan Veretout,5.7,16,10,9,5,2,7,11,63.6,4,7,2,5,4,20,5,0
2135,Mikel Vesga,6.3,13,5,2,9,2,7,14,50.0,7,6,2,4,8,21,14,0
2137,Nacho Vidal,0.6,4,4,2,1,1,2,2,100.0,0,2,0,2,0,4,3,0
2138,Fabio Vieira,2.1,3,2,2,0,1,3,3,100.0,0,0,0,0,2,5,1,0
2139,Jonathan Viera,6.7,4,2,0,2,2,0,8,0.0,8,0,0,0,0,4,1,0
2140,Samuele Vignato,1.2,1,1,0,1,0,0,1,0.0,1,0,0,0,0,1,0,0
2143,Gonzalo Villar,2.4,6,4,3,2,1,4,8,50.0,4,7,3,4,0,6,2,0
2145,Matias Vina,4.6,16,11,12,2,2,9,17,52.9,8,4,0,4,5,21,19,0
2146,Carlos Vinicius,0.9,1,0,0,0,1,0,1,0.0,1,2,0,2,0,1,0,0
2147,Nicolas Viola,0.6,0,0,0,0,0,0,1,0.0,1,0,0,0,0,0,0,0
2148,Alan Virginius,0.8,1,1,1,0,0,0,1,0.0,1,0,0,0,0,1,0,0
2149,Mattia Viti,2.0,1,0,0,1,0,0,4,0.0,4,4,2,2,2,3,12,0
2150,Vitinha,4.0,6,2,2,1,3,1,6,16.7,5,2,0,2,3,9,1,0
2151,Vitinha,5.3,6,4,2,1,3,4,10,40.0,6,8,0,8,3,9,2,1
2153,Daniel Vivian,7.8,11,8,10,1,0,10,15,66.7,5,12,8,4,7,18,29,0
2154,Dusan Vlahovic,4.6,0,0,0,0,0,0,1,0.0,1,0,0,0,0,0,4,0
2155,Nikola Vlasic,4.3,2,2,0,1,1,1,6,16.7,5,3,1,2,1,3,3,0
2156,Kevin Vogt,4.7,2,1,2,0,0,1,3,33.3,2,4,4,0,4,6,26,0
2158,Mergim Vojvoda,3.0,1,0,0,1,0,1,2,50.0,1,2,0,2,2,3,3,0
2159,Kevin Volland,1.0,4,1,1,0,3,1,2,50.0,1,0,0,0,1,5,1,0
2160,Cristian Volpato,0.2,1,1,0,1,0,0,1,0.0,1,0,0,0,0,1,0,0
2161,Aster Vranckx,0.6,2,1,2,0,0,2,2,100.0,0,1,1,0,3,5,0,0
2162,Stefan de Vrij,4.7,3,0,3,0,0,1,4,25.0,3,9,5,4,7,10,11,0
2164,Elye Wahi,3.0,0,0,0,0,0,0,2,0.0,2,0,0,0,0,0,0,0
2165,Walace,6.2,9,3,7,2,0,5,10,50.0,5,6,1,5,11,20,4,1
2166,Luca Waldschmidt,3.7,9,6,0,8,1,2,9,22.2,7,8,2,6,3,12,4,0
2167,Kyle Walker,7.0,6,3,3,3,0,3,5,60.0,2,4,0,4,2,8,8,1
2168,Sebastian Walukiewicz,3.9,2,2,2,0,0,2,5,40.0,3,11,6,5,4,6,12,0
2169,Aaron Wan-Bissaka,3.8,12,8,8,3,1,6,10,60.0,4,7,2,5,7,19,17,0
2170,Joel Ward,6.9,16,9,10,5,1,10,17,58.8,7,7,3,4,4,20,24,1
2171,James Ward-Prowse,5.9,8,5,4,4,0,4,9,44.4,5,11,4,7,11,19,11,0
2172,Ollie Watkins,6.5,2,1,0,1,1,0,2,0.0,2,8,1,7,0,2,6,0
2173,Timothy Weah,2.2,4,3,2,1,1,1,2,50.0,1,2,1,1,1,5,8,0
2174,Adam Webster,4.0,7,7,6,1,0,4,11,36.4,7,6,3,3,3,10,16,1
2175,Wout Weghorst,3.2,3,1,2,1,0,2,2,100.0,0,8,4,4,1,4,3,0
2176,Julian Weigl,6.0,11,7,4,6,1,5,10,50.0,5,12,3,9,8,19,14,0
2177,Nelson Weiper,1.2,1,0,1,0,0,1,2,50.0,1,1,0,1,1,2,0,0
2178,Mitchell Weiser,5.4,16,10,7,7,2,7,12,58.3,5,10,1,9,1,17,4,0
2179,Noah Weisshaupt,0.5,0,0,0,0,0,0,2,0.0,2,2,0,2,0,0,2,0
2180,Shon Weissman,0.2,0,0,0,0,0,0,2,0.0,2,1,0,1,0,0,1,0
2181,Danny Welbeck,4.0,7,3,3,4,0,3,4,75.0,1,5,0,5,2,9,5,0
2184,Ben White,7.0,6,6,3,3,0,5,8,62.5,3,10,8,2,6,12,19,1
2185,Mateusz Wieteska,3.5,6,6,4,1,1,1,4,25.0,3,3,1,2,3,9,13,0
2186,Mateusz Wieteska,1.9,4,1,3,1,0,3,5,60.0,2,4,2,2,5,9,8,0
2187,Inaki Williams,7.8,3,2,1,1,1,1,2,50.0,1,11,3,8,0,3,8,0
2188,Neco Williams,1.2,4,2,4,0,0,2,6,33.3,4,3,1,2,6,10,1,0
2189,Nico Williams,3.6,4,0,1,1,2,3,5,60.0,2,3,0,3,0,4,0,0
2190,Willian,3.9,3,1,1,1,1,1,5,20.0,4,3,0,3,2,5,3,0
2192,Harry Wilson,5.3,3,3,2,1,0,2,4,50.0,2,6,0,6,2,5,0,0
2193,Josh Wilson-Esbrand,2.9,4,3,2,2,0,1,7,14.3,6,2,0,2,5,9,6,0
2194,Patrick Wimmer,2.5,4,3,4,0,0,3,4,75.0,1,7,0,7,2,6,3,0
2195,Jonas Wind,5.7,1,1,1,0,0,1,3,33.3,2,4,2,2,0,1,6,0
2196,Florian Wirtz,5.2,5,3,2,2,1,3,6,50.0,3,5,0,5,0,5,1,0
2197,Yoane Wissa,6.7,4,4,1,3,0,0,6,0.0,6,8,2,6,2,6,2,0
2198,Axel Witsel,5.5,5,3,5,0,0,2,4,50.0,2,8,3,5,3,8,17,0
2199,Maximilian Wittek,4.1,8,7,3,5,0,4,9,44.4,5,5,0,5,3,11,9,0
2200,Maximilian Wober,5.8,10,5,8,2,0,5,9,55.6,4,12,7,5,15,25,28,0
2201,Marius Wolf,2.7,3,2,1,2,0,0,2,0.0,2,1,0,1,1,4,2,0
2202,Nick Woltemade,2.1,6,5,1,4,1,4,4,100.0,0,0,0,0,0,6,5,0
2203,Jeong Woo-yeong,2.7,4,3,1,3,0,2,4,50.0,2,2,0,2,4,8,0,0
2204,Chris Wood,0.8,0,0,0,0,0,0,1,0.0,1,0,0,0,1,1,1,0
2205,Cauley Woodrow,0.5,3,3,2,1,0,3,3,100.0,0,0,0,0,0,3,1,0
2207,Joe Worrall,4.7,6,5,6,0,0,3,6,50.0,3,5,4,1,3,9,24,1
2208,Xeber,2.8,3,3,1,2,0,2,6,33.3,4,1,0,1,1,4,1,0
2210,Granit Xhaka,5.7,9,6,5,4,0,5,8,62.5,3,7,1,6,8,17,8,0
2212,Lamine Yamal,4.6,6,5,4,1,1,1,7,14.3,6,3,0,3,4,10,4,0
2214,Ryan Yates,3.5,12,7,8,3,1,3,6,50.0,3,10,3,7,6,18,10,0
2215,Yusuf Yazici,3.3,7,5,2,1,4,2,6,33.3,4,3,0,3,2,9,3,0
2216,Kelvin Yeboah,0.8,3,1,2,1,0,1,2,50.0,1,1,1,0,0,3,1,0
2217,Kenan Yildiz,0.3,1,1,0,1,0,0,1,0.0,1,0,0,0,0,1,0,0
2219,Leny Yoro,5.1,11,9,7,2,2,7,9,77.8,2,4,1,3,7,18,17,1
2220,Ashley Young,6.8,12,8,7,4,1,8,15,53.3,7,5,1,4,5,17,12,2
2222,Illia Zabarnyi,7.0,11,7,5,6,0,5,10,50.0,5,11,10,1,8,19,19,1
2223,Mattia Zaccagni,6.4,8,5,4,4,0,0,2,0.0,2,6,1,5,11,19,4,0
2224,Dan-Axel Zagadou,5.1,7,4,6,1,0,1,1,100.0,0,5,5,0,7,14,21,0
2225,Warren Zaire-Emery,6.2,16,7,5,8,3,10,15,66.7,5,12,3,9,5,21,2,0
2226,Denis Zakaria,5.1,7,4,3,3,1,3,3,100.0,0,10,4,6,11,18,5,0
2227,Arsen Zakharyan,0.4,2,0,1,1,0,1,2,50.0,1,1,0,1,0,2,1,0
2228,Joseba Zaldua,0.7,3,2,2,1,0,2,3,66.7,1,2,2,0,0,3,3,0
2229,Nicola Zalewski,2.1,6,5,1,5,0,2,4,50.0,2,3,2,1,2,8,1,0
2230,Andre-Frank Zambo Anguissa,6.0,7,4,1,6,0,3,13,23.1,10,5,0,5,8,15,2,0
2231,Nicolo Zaniolo,2.6,3,2,0,2,1,2,3,66.7,1,6,0,6,1,4,3,0
2232,Duvan Zapata,4.3,0,0,0,0,0,0,1,0.0,1,4,1,3,1,1,2,0
2233,Duvan Zapata,1.2,0,0,0,0,0,0,1,0.0,1,0,0,0,0,0,1,0
2234,Gabriele Zappa,5.7,11,7,6,4,1,8,13,61.5,5,8,1,7,3,14,15,0
2236,Davide Zappacosta,4.5,3,3,1,0,2,2,6,33.3,4,5,1,4,0,3,5,0
2237,Bryan Zaragoza,5.6,4,3,4,0,0,1,5,20.0,4,2,0,2,1,5,2,0
2238,Anass Zaroury,0.7,0,0,0,0,0,0,1,0.0,1,0,0,0,0,0,0,1
2240,Mehdi Zeffane,4.2,8,7,4,3,1,3,12,25.0,9,1,1,0,6,14,7,0
2241,Jordan Zemura,1.8,7,2,5,2,0,1,4,25.0,3,1,1,0,0,7,1,0
2242,Robin Zentner,6.0,0,0,0,0,0,0,1,0.0,1,0,0,0,0,0,4,0
2246,Edon Zhegrova,3.6,3,3,1,2,0,2,3,66.7,1,6,0,6,0,3,1,0
2247,Piotr Zielinski,6.5,8,4,1,5,2,5,8,62.5,3,4,1,3,1,9,4,0
2249,Christoph Zimmermann,1.8,2,1,2,0,0,2,5,40.0,3,1,1,0,5,7,8,1
2250,Oleksandr Zinchenko,3.9,12,6,4,6,2,8,10,80.0,2,4,0,4,4,16,3,0
2251,Joshua Zirkzee,6.7,5,1,1,3,1,1,7,14.3,6,2,0,2,1,6,13,0
2252,Zito,5.3,0,0,0,0,0,0,1,0.0,1,2,0,2,0,0,0,0
2254,Nadir Zortea,1.1,3,2,2,1,0,1,2,50.0,1,1,0,1,1,4,2,0
2255,Kurt Zouma,7.0,6,5,3,3,0,2,2,100.0,0,12,6,6,9,15,49,0
2256,Igor Zubeldia,7.2,7,6,6,1,0,5,8,62.5,3,10,8,2,6,13,19,0
2257,Martin Zubimendi,6.9,12,6,4,8,0,5,12,41.7,7,9,3,6,13,25,13,0
2258,Martin Odegaard,6.9,14,3,3,10,1,4,13,30.8,9,7,0,7,1,15,1,0
2259,Milan Duric,2.1,0,0,0,0,0,0,1,0.0,1,0,0,0,0,0,4,0
2260,Mateusz Legowski,2.9,4,2,1,3,0,2,7,28.6,5,3,1,2,0,4,5,0
