,Player,Squad,90s,Tackles - Tkl,Tackles - TklW,Tackles - Def 3rd,Tackles - Mid 3rd,Tackles - Att 3rd,Challenges - Tkl,Challenges - Att,Challenges - Tkl%,Challenges - Lost,Blocks - Blocks,Blocks - Sh,Blocks - Pass,Int,Tkl+Int,Clr,Err
0,Max Aarons,Bournemouth,10.6,24,15,17,6,1,16,27,59.3,11,9,5,4,5,29,21,0
1,Brenden Aaronson,Union Berlin,3.2,7,5,2,4,1,5,7,71.4,2,8,0,8,0,7,1,0
2,Paxten Aaronson,Eint Frankfurt,0.5,1,1,0,1,0,0,0,0.0,0,1,0,1,0,1,0,0
3,Yunis Abdelhamid,Reims,12.0,24,14,13,10,1,8,17,47.1,9,22,15,7,11,35,37,0
4,Salis Abdul Samed,Lens,9.4,11,8,5,4,2,3,8,37.5,5,4,0,4,4,15,7,0
5,Laurent Abergel,Lorient,12.0,37,18,16,17,4,17,46,37.0,29,16,3,13,31,68,21,1
6,Matthis Abline,Nantes,3.5,0,0,0,0,0,0,1,0.0,1,1,0,1,0,0,1,0
7,Abner,Betis,5.8,7,6,5,2,0,6,13,46.2,7,13,3,10,6,13,19,0
8,Zakaria Aboukhlal,Toulouse,4.2,1,1,0,0,1,1,3,33.3,2,3,0,3,1,2,1,0
9,Abdel Abqar,Alavés,10.0,8,3,7,0,1,5,11,45.5,6,11,9,2,8,16,50,0
10,Francesco Acerbi,Inter,9.0,9,5,6,3,0,4,5,80.0,1,5,4,1,15,24,16,0
11,Marcos Acuna,Sevilla,4.6,12,8,8,4,0,5,6,83.3,1,3,1,2,4,16,6,0
12,Benie Adama Traore,Sheffield Utd,3.6,4,2,1,2,1,0,4,0.0,4,3,1,2,1,5,0,0
13,Akor Adams,Montpellier,9.7,7,3,2,2,3,2,4,50.0,2,1,0,1,2,9,3,0
14,Junior Adamu,Freiburg,0.9,5,1,1,2,2,1,2,50.0,1,0,0,0,0,5,0,0
15,Sargis Adamyan,Köln,1.6,3,2,0,2,1,1,2,50.0,1,2,0,2,0,3,2,0
16,Tosin Adarabioyo,Fulham,0.0,0,0,0,0,0,0,0,0.0,0,1,1,0,0,0,4,0
17,Elijah Adebayo,Luton Town,4.3,1,0,1,0,0,0,0,0.0,0,2,0,2,3,4,7,0
18,Karim Adeyemi,Dortmund,3.6,5,5,3,1,1,2,9,22.2,7,5,0,5,2,7,0,0
19,Simon Adingra,Brighton,7.4,15,9,7,5,3,9,19,47.4,10,8,0,8,10,25,6,0
20,Amine Adli,Leverkusen,1.7,2,0,0,0,2,2,4,50.0,2,3,0,3,2,4,1,0
21,Yacine Adli,Milan,3.3,12,6,5,6,1,5,12,41.7,7,4,4,0,6,18,4,0
22,Adson,Nantes,2.3,6,5,0,6,0,1,1,100.0,0,5,0,5,2,8,2,0
23,Michel Aebischer,Bologna,10.7,15,12,3,11,1,6,13,46.2,7,15,3,12,9,24,10,0
24,Emmanuel Agbadou,Reims,7.7,20,13,9,10,1,12,18,66.7,6,12,6,6,16,36,39,1
26,Lucien Agoume,Inter,0.1,0,0,0,0,0,0,0,0.0,0,0,0,0,0,0,0,0
27,Felix Agu,Werder Bremen,0.0,0,0,0,0,0,0,0,0.0,0,0,0,0,0,0,0,0
28,Nayef Aguerd,West Ham,10.7,11,4,7,4,0,7,9,77.8,2,20,16,4,13,24,49,1
29,Ruben Aguilar,Lens,6.7,16,8,8,6,2,8,13,61.5,5,11,0,11,10,26,7,0
30,Naouirou Ahamada,Crystal Palace,0.9,2,2,1,1,0,2,4,50.0,2,0,0,0,1,3,0,0
31,Anel Ahmedhodzic,Sheffield Utd,8.0,17,12,13,2,2,11,17,64.7,6,17,11,6,11,28,28,0
32,Joseph Aidoo,Celta Vigo,4.5,8,3,6,2,0,4,8,50.0,4,3,1,2,4,12,28,0
33,Ola Aina,Nott'ham Forest,7.0,17,13,14,3,0,11,16,68.8,5,8,3,5,3,20,26,1
34,Rayan Ait Nouri,Wolves,9.7,30,19,19,9,2,10,15,66.7,5,13,5,8,11,41,20,0
35,Tosin Aiyegun,Lorient,5.0,5,4,1,3,1,2,4,50.0,2,2,1,1,1,6,5,0
36,Kristoffer Ajer,Brentford,7.1,15,9,12,2,1,12,16,75.0,4,5,1,4,4,19,21,0
37,Ludovic Ajorque,Mainz 05,5.8,2,2,1,1,0,1,4,25.0,3,3,1,2,0,2,2,0
38,Manuel Akanji,Manchester City,9.0,16,9,8,7,1,9,15,60.0,6,12,6,6,9,25,17,0
39,Marley Ake,Udinese,0.1,0,0,0,0,0,0,0,0.0,0,0,0,0,0,0,0,0
40,Nathan Ake,Manchester City,6.1,10,6,8,2,0,6,8,75.0,2,4,0,4,5,15,11,0
41,Ilias Akhomach,Villarreal,3.6,9,9,3,4,2,2,4,50.0,2,4,1,3,2,11,1,0
42,Sergio Akieme,Almería,10.0,13,7,11,1,1,4,6,66.7,2,7,2,5,5,18,16,0
43,Maghnes Akliouche,Monaco,3.9,4,1,2,2,0,2,7,28.6,5,2,0,2,2,6,0,0
44,Paul Akouokou,Betis,0.3,5,3,0,2,3,3,3,100.0,0,3,1,2,1,6,1,0
45,Paul Akouokou,Lyon,1.9,8,5,2,6,0,3,4,75.0,1,4,1,3,4,12,5,0
46,Jean-Daniel Akpa-Akpro,Monza,0.2,0,0,0,0,0,0,0,0.0,0,0,0,0,0,0,1,0
47,Kevin Akpoguma,Hoffenheim,4.8,20,10,15,4,1,14,17,82.4,3,13,5,8,5,25,12,0
48,David Alaba,Real Madrid,10.4,11,8,6,4,1,4,7,57.1,3,8,5,3,11,22,29,0
49,Luis Alberto,Lazio,11.2,19,10,11,4,4,8,27,29.6,19,21,2,19,2,21,4,0
50,Raul Albiol,Villarreal,9.8,11,6,6,4,1,7,13,53.8,6,14,11,3,9,20,47,0
52,Ruben Alcaraz,Cádiz,10.0,26,13,12,12,2,9,27,33.3,18,18,5,13,9,35,15,0
53,Omar Alderete,Getafe,5.8,3,2,2,1,0,2,8,25.0,6,11,6,5,2,5,35,0
54,Ivan Alejo,Cádiz,8.0,15,6,10,3,2,4,16,25.0,12,5,0,5,2,17,7,0
55,Carles Alena,Getafe,6.0,11,3,3,7,1,4,11,36.4,7,8,2,6,3,14,6,0
56,Trent Alexander-Arnold,Liverpool,8.6,12,9,8,4,0,8,23,34.8,15,4,0,4,9,21,17,3
57,Mohamed Ali Cho,Real Sociedad,2.7,4,3,3,1,0,2,7,28.6,5,5,0,5,1,5,1,0
58,Yanis Ali Issoufou,Montpellier,0.1,0.0,0,0.0,0.0,0.0,0.0,0.0,0.0,0.0,0.0,0.0,0.0,0,0.0,0.0,0.0
59,Faride Alidou,Köln,2.7,4,1,1,2,1,1,4,25.0,3,4,0,4,3,7,1,1
60,Nabil Alioui,Le Havre,9.1,2,1,1,1,0,2,4,50.0,2,6,1,5,3,5,3,0
61,Alisson,Liverpool,12.0,0,0,0,0,0,0,1,0.0,1,0,0,0,0,0,5,1
62,Jim Allevinah,Clermont Foot,8.8,14,5,5,6,3,7,17,41.2,10,10,3,7,9,23,11,0
63,Domingos Andre Ribeiro Almeida,Valencia,5.3,11,6,3,6,2,5,10,50.0,5,4,0,4,2,13,2,0
64,Miguel Almiron,Newcastle Utd,8.3,13,9,4,7,2,5,13,38.5,8,11,0,11,6,19,4,0
65,Pontus Almqvist,Lecce,10.2,17,12,6,9,2,9,23,39.1,14,12,0,12,6,23,5,0
66,Marcos Alonso,Barcelona,1.8,5,3,2,3,0,3,4,75.0,1,2,0,2,4,9,3,0
67,Adria Altimira,Villarreal,3.1,6,3,4,2,0,4,5,80.0,1,6,1,5,2,8,9,0
68,Sergi Altimira,Betis,1.0,5,4,4,1,0,4,7,57.1,3,3,0,3,2,7,3,0
69,Edson Alvarez,West Ham,8.4,19,9,11,7,1,6,14,42.9,8,14,4,10,7,26,34,0
70,Gaston Alvarez,Getafe,10.0,30,18,20,8,2,15,23,65.2,8,17,7,10,19,49,36,0
71,Julian Alvarez,Manchester City,10.9,7,4,2,2,3,2,11,18.2,9,10,0,10,1,8,3,0
72,Yeray Alvarez,Athletic Club,2.1,5,5,4,1,0,1,2,50.0,1,2,2,0,3,8,11,0
73,Skelly Alvero,Lyon,3.5,7,7,4,2,1,2,8,25.0,6,3,0,3,0,7,4,0
74,Papa Amadou Diallo,Metz,1.7,1,1,0,1,0,0,1,0.0,1,1,0,1,2,3,1,0
75,Selim Amallah,Valencia,3.9,14,9,6,5,3,3,7,42.9,4,9,0,9,6,20,4,0
76,Amath,Mallorca,2.9,6,4,4,2,0,1,5,20.0,4,1,0,1,3,9,3,0
78,Lorenzo Amatucci,Fiorentina,0.2,0,0,0,0,0,0,0,0.0,0,0,0,0,0,0,0,0
79,Zeki Amdouni,Burnley,8.2,13,8,1,5,7,3,8,37.5,5,10,3,7,3,16,4,0
80,Bruno Amione,Hellas Verona,2.9,5,1,4,1,0,1,1,100.0,0,1,1,0,5,10,8,0
81,Michael Amir Murillo,Marseille,2.6,4,3,2,2,0,1,3,33.3,2,1,0,1,3,7,6,0
82,Nadiem Amiri,Leverkusen,0.1,2,0,0,2,0,0,2,0.0,2,0,0,0,0,2,0,0
83,Sofyan Amrabat,Manchester Utd,3.5,13,7,8,5,0,6,9,66.7,3,5,2,3,3,16,4,0
84,Joachim Andersen,Crystal Palace,12.0,17,11,13,3,1,10,14,71.4,4,14,10,4,13,30,74,0
85,Elliot Anderson,Newcastle Utd,4.6,8,6,3,4,1,3,9,33.3,6,6,3,3,2,10,6,0
86,Felipe Anderson,Lazio,9.9,18,13,7,6,5,9,26,34.6,17,15,0,15,13,31,7,0
87,Benjamin Andre,Lille,12.0,43,26,17,22,4,19,36,52.8,17,12,1,11,16,59,26,0
88,Komnen Andric,Clermont Foot,1.4,2,1,0,1,1,0,1,0.0,1,2,0,2,0,2,1,0
89,Robert Andrich,Leverkusen,1.7,0,0,0,0,0,0,2,0.0,2,4,1,3,4,4,5,0
90,Miguel Angel Rubio,Granada,6.2,8,4,5,3,0,7,8,87.5,1,13,7,6,12,20,23,1
91,Fabrizio Angileri,Getafe,0.8,0,0,0,0,0,0,2,0.0,2,0,0,0,1,1,4,0
92,Jaidon Anthony,Bournemouth,1.7,3,1,1,0,2,1,7,14.3,6,3,0,3,1,4,3,0
93,Waldemar Anton,Stuttgart,11.0,13,8,6,6,1,9,14,64.3,5,11,7,4,15,28,54,1
94,Michail Antonio,West Ham,9.0,8,4,3,3,2,3,4,75.0,1,9,3,6,1,9,1,0
95,Antony,Manchester Utd,5.4,8,3,2,4,2,5,13,38.5,8,13,0,13,6,14,2,0
96,Christopher Antwi-Adjei,Bochum,4.7,6,3,4,1,1,3,9,33.3,6,4,2,2,0,6,4,1
97,Houssem Aouar,Roma,4.7,12,9,3,8,1,2,8,25.0,6,4,0,4,4,16,1,0
98,Stredair Appuah,Nantes,0.3,0,0,0,0,0,0,1,0.0,1,0,0,0,0,0,0,0
99,Mauro Arambarri,Getafe,3.8,6,2,3,2,1,1,6,16.7,5,1,0,1,2,8,7,0
100,Julian Araujo,Las Palmas,6.6,16,9,10,4,2,12,17,70.6,5,7,5,2,6,22,23,0
101,Ronald Araujo,Barcelona,6.4,9,7,4,4,1,2,3,66.7,1,5,1,4,4,13,12,0
102,Cameron Archer,Sheffield Utd,7.9,4,2,1,0,3,0,4,0.0,4,9,1,8,1,5,3,0
104,Cameron Archer,Aston Villa,0.1,0,0,0,0,0,0,0,0.0,0,0,0,0,0,0,0,0
105,Alphonse Areola,West Ham,12.0,0,0,0,0,0,0,2,0.0,2,0,0,0,0,0,5,0
106,Adu Ares,Athletic Club,0.3,3,2,2,0,1,1,1,100.0,0,0,0,0,0,3,0,0
107,Jesus Areso,Osasuna,8.1,16,9,8,7,1,11,12,91.7,1,14,5,9,7,23,24,0
108,Jose Arnaiz,Osasuna,3.1,2,0,0,1,1,0,11,0.0,11,4,0,4,1,3,0,0
109,Hakon Arnar Haraldsson,Lille,3.5,3,3,1,2,0,1,8,12.5,7,0,0,0,1,4,3,0
110,Marko Arnautovic,Inter,1.4,2,1,1,1,0,1,1,100.0,0,1,0,1,0,2,1,0
111,Maximilian Arnold,Wolfsburg,8.7,12,8,2,7,3,7,15,46.7,8,6,0,6,11,23,19,0
112,Mohamed El Arouch,Lyon,0.0,0,0,0,0,0,0,0,0.0,0,0,0,0,0,0,0,0
113,Sergio Arribas,Almería,8.4,11,5,6,5,0,5,10,50.0,5,4,0,4,5,16,2,0
114,Kepa Arrizabalaga,Real Madrid,10.0,0,0,0,0,0,0,1,0.0,1,0,0,0,0,0,4,0
115,Arthur,Leverkusen,0.4,2,2,1,0,1,2,2,100.0,0,0,0,0,0,2,1,0
116,Takuma Asano,Bochum,9.3,10,2,2,4,4,4,11,36.4,7,4,1,3,2,12,1,0
117,Marco Asensio,Paris S-G,2.6,1,1,0,1,0,1,2,50.0,1,3,0,3,0,1,1,0
118,Kristjan Asllani,Inter,1.0,0,0,0,0,0,0,2,0.0,2,1,0,1,3,3,2,0
119,Joel Asoro,Metz,5.2,9,7,5,4,0,2,8,25.0,6,4,0,4,2,11,7,0
120,Iago Aspas,Celta Vigo,11.1,2,1,0,2,0,0,5,0.0,5,6,1,5,4,6,5,0
121,Lorenz Assignon,Rennes,10.6,22,12,12,7,3,9,22,40.9,13,8,4,4,7,29,24,1
122,Youcef Atal,Nice,4.0,9,3,6,2,1,6,8,75.0,2,7,1,6,4,13,1,0
123,Valentin Atangana Edoa,Reims,1.7,7,5,1,3,3,2,4,50.0,2,2,0,2,2,9,1,0
124,Arthur Atta,Metz,1.3,3,2,0,1,2,1,4,25.0,3,2,0,2,1,4,4,0
125,Noah Atubolu,Freiburg,11.0,0,0,0,0,0,0,0,0.0,0,0,0,0,0,0,2,0
126,Pierre-Emerick Aubameyang,Marseille,9.1,7,3,2,4,1,2,6,33.3,4,6,1,5,3,10,8,0
127,Tommaso Augello,Cagliari,8.8,6,5,4,2,0,5,10,50.0,5,4,2,2,4,10,18,0
128,Yann Aurel Bisseck,Inter,0.1,0,0,0,0,0,0,1,0.0,1,0,0,0,0,0,0,0
130,Serge Aurier,Nott'ham Forest,8.3,15,10,7,8,0,4,10,40.0,6,10,3,7,7,22,32,1
131,Ezequiel Avila,Osasuna,6.8,2,1,0,1,1,2,9,22.2,7,10,0,10,4,6,5,0
132,Taiwo Awoniyi,Nott'ham Forest,7.4,5,3,1,3,1,0,1,0.0,1,3,0,3,0,5,8,0
133,Jordan Ayew,Crystal Palace,11.3,25,13,11,11,3,3,12,25.0,9,13,1,12,8,33,6,0
134,Neil El Aynaoui,Lens,1.5,4,2,1,2,1,1,5,20.0,4,1,0,1,1,5,0,0
135,Sardar Azmoun,Roma,0.9,4,3,1,2,1,2,4,50.0,2,0,0,0,1,5,1,0
136,Cesar Azpilicueta,Atlético Madrid,6.5,11,7,4,6,1,4,9,44.4,5,9,1,8,6,17,18,0
137,Paulo Azzi,Cagliari,4.2,6,5,4,2,0,2,6,33.3,4,4,1,3,6,12,6,0
138,Oussama El Azzouzi,Bologna,2.2,5,3,1,3,1,3,6,50.0,3,3,2,1,4,9,6,0
139,Iddrisu Baba,Almería,8.2,22,15,12,10,0,8,19,42.1,11,5,1,4,9,31,11,1
140,Srdan Babic,Almería,1.0,2,2,0,2,0,1,1,100.0,0,1,1,0,0,2,2,0
141,Aliou Badara Balde,Nice,0.4,0,0,0,0,0,0,0,0.0,0,0,0,0,1,1,0,0
142,Loic Bade,Sevilla,9.0,19,11,15,4,0,10,17,58.8,7,11,8,3,15,34,49,0
143,Milan Badelj,Genoa,6.8,12,4,6,6,0,8,19,42.1,11,11,1,10,14,26,12,0
144,Matthias Bader,Darmstadt 98,7.7,17,8,10,3,4,10,17,58.8,7,10,2,8,14,31,8,0
145,Alex Baena,Villarreal,8.8,8,6,2,2,4,3,9,33.3,6,6,0,6,4,12,2,1
146,Jaime Baez,Frosinone,5.0,4,1,0,2,2,0,7,0.0,7,5,0,5,4,8,1,0
147,Leon Bailey,Aston Villa,3.8,0,0,0,0,0,0,2,0.0,2,2,0,2,5,5,2,0
148,Nedim Bajrami,Sassuolo,6.1,4,1,2,1,1,1,4,25.0,3,2,1,1,4,8,1,0
149,Tiemoue Bakayoko,Lorient,3.1,8,6,4,4,0,1,4,25.0,3,3,2,1,5,13,2,0
150,Mitchel Bakker,Atalanta,1.2,4,1,4,0,0,0,1,0.0,1,3,0,3,0,4,2,0
151,Ridle Baku,Wolfsburg,5.4,6,4,4,2,0,3,10,30.0,7,7,0,7,7,13,11,1
152,Dilane Bakwa,Strasbourg,5.6,4,4,2,0,2,0,9,0.0,9,1,0,1,4,8,1,0
153,Tommaso Baldanzi,Empoli,6.8,3,2,1,1,1,3,7,42.9,4,6,0,6,2,5,0,0
154,Alejandro Balde,Barcelona,10.0,15,7,11,2,2,5,7,71.4,2,11,1,10,5,20,15,1
156,George Baldock,Sheffield Utd,5.0,8,4,2,5,1,3,6,50.0,3,5,2,3,4,12,8,0
157,Carlos Baleba,Brighton,3.0,14,5,7,6,1,4,11,36.4,7,10,2,8,6,20,3,1
158,Carlos Baleba,Lille,0.7,6,2,1,4,1,3,4,75.0,1,0,0,0,2,8,0,0
159,Leonardo Balerdi,Marseille,5.2,8,7,5,3,0,5,7,71.4,2,11,4,7,10,18,34,0
160,Ivan Balliu,Rayo Vallecano,11.0,13,7,6,7,0,6,11,54.5,5,13,6,7,13,26,25,0
161,Folarin Balogun,Monaco,5.6,3,1,0,3,0,1,4,25.0,3,2,0,2,2,5,1,0
162,Jonathan Bamba,Celta Vigo,12.3,9,5,3,4,2,0,8,0.0,8,12,0,12,7,16,9,0
163,Lameck Banda,Lecce,6.1,10,7,4,4,2,3,11,27.3,8,4,0,4,1,11,3,0
164,Mamady Bangre,Toulouse,1.0,2,1,2,0,0,2,3,66.7,1,0,0,0,3,5,3,0
165,Mattia Bani,Genoa,10.0,9,3,7,2,0,2,4,50.0,2,22,13,9,7,16,49,0
166,Leo Baptistao,Almería,4.6,5,3,1,2,2,1,6,16.7,5,4,1,3,2,7,6,0
167,Shandon Baptiste,Brentford,0.2,0,0,0,0,0,0,0,0.0,0,1,0,1,0,0,1,0
168,Antonin Barak,Fiorentina,1.2,1,1,0,0,1,1,1,100.0,0,2,0,2,0,1,1,0
169,Francisco Barbosa,Betis,1.5,0,0,0,0,0,0,0,0.0,0,0,0,0,0,0,0,0
170,Bradley Barcola,Lyon,3.0,5,2,0,2,3,1,7,14.3,6,4,0,4,2,7,0,0
171,Bradley Barcola,Paris S-G,3.8,16,6,9,3,4,2,9,22.2,7,6,0,6,4,20,1,1
172,Melvin Bard,Nice,11.1,27,15,9,12,6,13,25,52.0,12,22,2,20,18,45,15,0
173,Nicolo Barella,Inter,9.9,18,10,7,9,2,10,22,45.5,12,6,0,6,4,22,6,0
174,Kike Barja,Osasuna,2.7,4,2,2,1,1,2,5,40.0,3,1,1,0,1,5,2,0
175,Ross Barkley,Luton Town,4.9,5,5,1,2,2,2,8,25.0,6,5,3,2,6,11,10,1
176,Aymen Barkok,Mainz 05,2.6,9,5,2,6,1,3,5,60.0,2,3,0,3,1,10,1,0
177,Harvey Barnes,Newcastle Utd,2.1,1,0,0,1,0,0,1,0.0,1,0,0,0,1,2,0,0
178,Leandro Barreiro Martins,Mainz 05,10.9,21,17,7,11,3,7,17,41.2,10,20,9,11,22,43,13,0
179,Enzo Barrenechea,Frosinone,10.1,19,15,7,10,2,12,25,48.0,13,14,5,9,9,28,22,1
180,Ander Barrenetxea,Real Sociedad,8.2,11,4,3,5,3,3,16,18.8,13,7,0,7,4,15,2,0
182,Pablo Barrios,Atlético Madrid,5.3,13,7,4,8,1,6,13,46.2,7,8,0,8,11,24,7,1
183,Davide Bartesaghi,Milan,0.3,0,0,0,0,0,0,0,0.0,0,0,0,0,0,0,2,0
184,Marc Bartra,Betis,2.5,4,3,3,1,0,4,5,80.0,1,3,1,2,3,7,10,0
185,Federico Baschirotto,Lecce,10.6,7,4,5,2,0,2,4,50.0,2,16,10,6,7,14,42,0
186,Chris Basham,Sheffield Utd,3.6,7,2,4,3,0,2,9,22.2,7,9,4,5,5,12,17,0
187,Calvin Bassey,Fulham,5.4,12,7,5,6,1,3,4,75.0,1,8,3,5,10,22,19,2
188,Alessandro Bastoni,Inter,8.3,15,12,13,0,2,8,14,57.1,6,6,4,2,7,22,9,0
189,Simone Bastoni,Empoli,1.8,11,7,7,3,1,5,9,55.6,4,3,0,3,6,17,6,0
190,Maximilian Bauer,Augsburg,5.3,9,5,5,4,0,3,9,33.3,6,8,7,1,6,15,24,1
191,Oliver Baumann,Hoffenheim,11.0,1,1,1,0,0,1,1,100.0,0,0,0,0,0,1,5,0
192,Christoph Baumgartner,RB Leipzig,3.2,5,4,1,3,1,3,6,50.0,3,5,0,5,1,6,3,0
193,Bebe,Rayo Vallecano,0.7,2,2,1,1,0,1,3,33.3,2,0,0,0,0,2,0,0
194,Ihlas Bebou,Hoffenheim,5.6,8,5,4,2,2,3,6,50.0,3,4,0,4,6,14,6,0
195,Adrian Beck,Heidenheim,4.3,8,5,2,5,1,6,11,54.5,5,4,0,4,2,10,7,0
196,Sheraldo Becker,Union Berlin,6.5,3,3,0,2,1,0,2,0.0,2,2,0,2,0,3,2,0
197,Donny van de Beek,Manchester Utd,0.0,0,0,0,0,0,0,0,0.0,0,1,0,1,0,0,0,0
198,Yanis Begraoui,Toulouse,3.0,4,2,1,3,0,3,9,33.3,6,4,0,4,5,9,3,0
199,Kevin Behrens,Union Berlin,8.8,10,8,3,4,3,1,2,50.0,1,4,1,3,2,12,10,0
200,Maximilian Beier,Hoffenheim,8.1,1,0,0,0,1,1,5,20.0,4,5,0,5,0,1,5,0
201,Jeremie Bela,Clermont Foot,0.4,0,0,0,0,0,0,0,0.0,0,0,0,0,0,0,0,0
202,Amari'i Bell,Luton Town,6.2,22,13,14,8,0,10,17,58.8,7,9,2,7,5,27,18,0
203,Stefan Bell,Mainz 05,6.4,8,8,7,1,0,4,8,50.0,4,5,4,1,5,13,26,0
204,Raoul Bellanova,Torino,10.1,9,7,4,5,0,3,6,50.0,3,6,2,4,8,17,9,0
205,Jean-Ricner Bellegarde,Wolves,2.4,6,2,3,3,0,2,7,28.6,5,7,1,6,1,7,2,0
206,Jean-Ricner Bellegarde,Strasbourg,3.0,5,3,3,2,0,3,6,50.0,3,4,0,4,4,9,0,0
208,Hector Bellerin,Betis,9.0,11,7,7,4,0,8,18,44.4,10,7,3,4,12,23,16,0
209,Jude Bellingham,Real Madrid,10.5,16,13,6,8,2,3,11,27.3,8,29,3,26,9,25,6,0
210,Jeanoel Belocian,Rennes,6.3,13,9,7,6,0,8,11,72.7,3,3,1,2,8,21,21,0
211,Andrea Belotti,Roma,5.3,7,4,1,3,3,3,5,60.0,2,4,0,4,0,7,3,0
212,Fran Beltran,Celta Vigo,10.0,12,7,4,5,3,4,22,18.2,18,7,0,7,8,20,11,0
213,Lucas Beltran,Fiorentina,4.1,8,5,1,5,2,4,6,66.7,2,8,0,8,0,8,2,0
214,Eliesse Ben Seghir,Monaco,0.4,0,0,0,0,0,0,0,0.0,0,1,0,1,0,0,0,0
215,Anis Ben Slimane,Sheffield Utd,1.2,2,1,2,0,0,0,3,0.0,3,1,0,1,1,3,0,0
216,Wissam Ben Yedder,Monaco,9.9,3,3,0,2,1,0,2,0.0,2,6,0,6,3,6,0,0
217,Carlos Benavidez,Alavés,3.4,18,10,7,9,2,6,10,60.0,4,4,3,1,7,25,4,0
218,Said Benrahma,West Ham,4.8,4,1,1,3,0,2,10,20.0,8,6,0,6,3,7,2,0
219,Ramy Bensebaini,Dortmund,7.2,19,13,12,6,1,14,20,70.0,6,13,7,6,8,27,22,0
220,Nabil Bentaleb,Lille,3.8,10,7,3,6,1,4,10,40.0,6,8,1,7,7,17,6,0
221,Rodrigo Bentancur,Tottenham,0.7,3,2,3,0,0,2,3,66.7,1,3,0,3,0,3,0,0
222,Domenico Berardi,Sassuolo,9.9,11,6,4,6,1,2,12,16.7,10,8,0,8,8,19,5,0
223,Yuri Berchiche,Athletic Club,6.5,9,7,4,4,1,5,10,50.0,5,6,3,3,6,15,15,0
224,Alex Berenguer,Athletic Club,4.6,5,4,3,1,1,1,3,33.3,2,5,0,5,1,6,6,0
225,Bartosz Bereszynski,Empoli,3.9,9,5,6,1,2,5,10,50.0,5,1,0,1,3,12,7,0
226,Johann Berg Gudmundsson,Burnley,4.8,5,2,3,1,1,3,6,50.0,3,2,0,2,8,13,5,0
227,Sander Berge,Burnley,8.8,15,6,11,2,2,12,18,66.7,6,16,7,9,6,21,14,0
228,Etrit Berisha,Empoli,10.0,0,0,0,0,0,0,1,0.0,1,0,0,0,0,0,6,0
229,Mergim Berisha,Hoffenheim,1.6,0,0,0,0,0,0,0,0.0,0,2,1,1,0,0,0,0
230,Mergim Berisha,Augsburg,1.4,0,0,0,0,0,0,0,0.0,0,1,0,1,0,0,3,0
231,Bernardo,Bochum,11.0,33,21,23,7,3,17,25,68.0,8,27,10,17,21,54,42,1
232,Victor Bernth Kristiansen,Bologna,5.7,10,8,7,2,1,5,10,50.0,5,11,0,11,2,12,9,0
234,Matus Bero,Bochum,4.0,8,5,4,2,2,4,7,57.1,3,2,0,2,1,9,3,0
235,Luke Berry,Luton Town,0.3,0,0,0,0,0,0,0,0.0,0,0,0,0,0,0,0,0
236,Jan-Niklas Beste,Heidenheim,9.4,19,10,8,6,5,4,15,26.7,11,19,0,19,7,26,8,0
237,Beto,Everton,3.3,7,5,1,3,3,1,3,33.3,2,5,0,5,0,7,6,0
238,Beto,Udinese,0.8,1,0,0,0,1,0,0,0.0,0,0,0,0,0,1,0,0
239,Sam Beukema,Bologna,11.0,16,8,10,6,0,12,15,80.0,3,13,6,7,7,23,41,0
240,Jordan Beyer,Burnley,7.5,21,12,14,6,1,9,16,56.3,7,10,7,3,11,32,37,1
241,Jaka Bijol,Udinese,12.0,26,16,22,4,0,13,23,56.5,10,16,10,6,14,40,61,1
242,Philip Billing,Bournemouth,10.3,27,13,4,19,4,8,20,40.0,12,23,5,18,13,40,22,1
243,Cristiano Biraghi,Fiorentina,6.5,10,8,3,6,1,5,15,33.3,10,9,3,6,4,14,11,0
244,Davide Biraschi,Genoa,1.0,3,3,1,2,0,1,3,33.3,2,0,0,0,2,5,5,0
245,Samuele Birindelli,Monza,5.2,8,5,5,3,0,4,7,57.1,3,9,3,6,6,14,10,0
246,Tom Bischof,Hoffenheim,1.3,7,4,5,1,1,1,6,16.7,5,1,0,1,1,8,1,0
247,Yves Bissouma,Tottenham,9.8,36,22,17,14,5,21,29,72.4,8,14,3,11,18,54,19,0
248,Leonardo Bittencourt,Werder Bremen,4.3,16,8,10,5,1,4,14,28.6,10,6,0,6,4,20,3,0
249,Marco Bizot,Brest,11.0,0,0,0,0,0,0,0,0.0,0,0,0,0,0,0,9,1
250,Antonio Blanco,Alavés,7.5,19,12,8,10,1,8,22,36.4,14,5,0,5,9,28,7,0
251,Ruben Blanco,Marseille,0.3,0,0,0,0,0,0,0,0.0,0,0,0,0,0,0,0,0
252,Ludovic Blas,Rennes,8.7,12,5,4,8,0,6,16,37.5,10,11,1,10,2,14,2,0
253,Janis Blaswich,RB Leipzig,11.0,1,1,1,0,0,0,0,0.0,0,0,0,0,0,1,3,0
254,Alexis Blin,Lecce,3.0,5,2,1,4,0,1,6,16.7,5,3,0,3,3,8,7,0
255,Daley Blind,Girona,12.0,16,6,10,5,1,7,15,46.7,8,14,4,10,9,25,39,0
256,Myron Boadu,Monaco,0.7,2,2,0,1,1,1,1,100.0,0,1,0,1,0,2,0,0
257,Oscar Bobb,Manchester City,0.6,1,0,1,0,0,1,1,100.0,0,1,0,1,0,1,0,0
258,Jeremie Boga,Nice,6.9,5,3,1,4,0,3,9,33.3,6,7,1,6,1,6,1,0
260,Jayden Bogle,Sheffield Utd,7.3,8,5,3,3,2,4,16,25.0,12,8,1,7,9,17,17,0
261,Emil Bohinen,Salernitana,4.6,8,6,5,3,0,2,7,28.6,5,6,2,4,11,19,6,1
262,Daniel Boloca,Sassuolo,10.4,22,14,8,12,2,9,15,60.0,6,13,6,7,10,32,9,1
263,Willy Boly,Nott'ham Forest,8.5,23,15,19,4,0,8,15,53.3,7,16,13,3,16,39,52,0
264,Giacomo Bonaventura,Fiorentina,10.0,9,5,1,1,7,2,8,25.0,6,9,0,9,4,13,3,0
265,Federico Bonazzoli,Hellas Verona,5.7,1,0,0,1,0,0,3,0.0,3,3,0,3,2,3,1,0
266,Warren Bondo,Monza,1.7,5,3,2,2,1,1,1,100.0,0,2,0,2,2,7,0,0
267,Victor Boniface,Leverkusen,10.5,4,3,0,1,3,1,3,33.3,2,1,0,1,0,4,8,0
268,Kevin Bonifazi,Bologna,1.0,4,0,0,4,0,1,2,50.0,1,0,0,0,0,4,7,1
269,Leonardo Bonucci,Union Berlin,4.9,6,5,2,4,0,4,4,100.0,0,5,3,2,7,13,14,0
270,Angelo Borges,Strasbourg,6.4,18,7,6,6,6,9,18,50.0,9,7,0,7,4,22,0,0
271,Neto Borges,Clermont Foot,7.0,14,9,7,6,1,8,16,50.0,8,4,1,3,16,30,11,0
272,Yvandro Borges Sanches,M'Gladbach,0.2,0,0,0,0,0,0,0,0.0,0,0,0,0,0,0,0,0
273,Sebastiaan Bornauw,Wolfsburg,2.9,4,2,3,1,0,2,4,50.0,2,7,4,3,3,7,9,0
274,Rafael Borre,Werder Bremen,4.8,4,4,1,1,2,2,5,40.0,3,0,0,0,1,5,2,0
275,Gennaro Borrelli,Frosinone,0.3,0,0,0,0,0,0,0,0.0,0,0,0,0,0,0,0,0
276,Adri Bosch,Granada,0.3,1,1,1,0,0,0,0,0.0,0,0,0,0,0,1,1,0
277,Erik Botheim,Salernitana,3.5,2,0,2,0,0,0,1,0.0,1,3,0,3,0,2,2,0
278,Sven Botman,Newcastle Utd,5.0,6,5,4,2,0,3,4,75.0,1,4,3,1,4,10,16,1
279,Ayyoub Bouaddi,Lille,0.3,1,1,1,0,0,0,1,0.0,1,1,0,1,1,2,1,0
280,Badredine Bouanani,Nice,1.3,3,2,1,1,1,3,4,75.0,1,4,0,4,2,5,0,0
281,Hicham Boudaoui,Nice,6.8,17,8,5,10,2,10,14,71.4,4,4,0,4,4,21,3,0
282,Yassine Bounou,Sevilla,1.0,0,0,0,0,0,0,0,0.0,0,0,0,0,0,0,0,0
283,Mehdi Bourabia,Frosinone,0.4,0,0,0,0,0,0,0,0.0,0,0,0,0,0,0,2,0
284,Benjamin Bourigeaud,Rennes,10.9,14,9,8,4,2,6,18,33.3,12,10,1,9,7,21,16,0
286,Bilal Boutobba,Clermont Foot,1.6,6,3,2,3,1,2,5,40.0,3,2,0,2,2,8,0,0
287,Edoardo Bove,Roma,7.5,25,11,5,16,4,13,20,65.0,7,11,1,10,5,30,3,1
288,Jarrod Bowen,West Ham,12.0,17,11,7,5,5,7,13,53.8,6,14,2,12,9,26,8,0
289,Lucas Boye,Granada,8.3,14,6,3,8,3,3,9,33.3,6,11,1,10,2,16,16,0
290,Domagoj Bradaric,Salernitana,9.5,17,10,4,8,5,7,11,63.6,4,7,4,3,10,27,16,1
291,Bilal Brahimi,Nice,0.1,0,0,0,0,0,0,1,0.0,1,0,0,0,0,0,0,0
292,Bilal Brahimi,Brest,1.1,0,0,0,0,0,0,3,0.0,3,1,0,1,0,0,0,0
293,Juan Brandariz,Almería,10.5,13,7,9,4,0,8,12,66.7,4,16,11,5,5,18,35,0
294,Julian Brandt,Dortmund,8.5,4,4,1,3,0,2,8,25.0,6,8,1,7,3,7,3,0
295,Jarrad Branthwaite,Everton,10.0,21,10,16,4,1,13,17,76.5,4,18,10,8,17,38,51,1
296,Lilian Brassier,Brest,9.7,13,8,8,5,0,5,9,55.6,4,10,7,3,18,31,23,0
297,Claudio Bravo,Betis,7.0,0,0,0,0,0,0,1,0.0,1,0,0,0,0,0,2,0
298,Tim Breithaupt,Augsburg,2.7,4,2,3,1,0,4,6,66.7,2,4,2,2,1,5,5,0
299,Josip Brekalo,Fiorentina,5.4,7,6,6,1,0,2,6,33.3,4,7,0,7,1,8,0,0
300,Gleison Bremer,Juventus,11.9,13,12,8,3,2,5,9,55.6,4,11,7,4,16,29,55,0
301,Ben Brereton,Villarreal,2.5,2,2,1,0,1,0,2,0.0,2,0,0,0,0,2,0,0
302,Marco Brescianini,Frosinone,4.6,4,1,2,2,0,0,6,0.0,6,4,2,2,3,7,7,0
303,Maximilian Breunig,Freiburg,0.1,0,0,0,0,0,0,0,0.0,0,1,0,1,0,0,0,0
304,Rhian Brewster,Sheffield Utd,1.8,4,1,1,1,2,0,0,0.0,0,1,0,1,0,4,1,0
305,Armando Broja,Chelsea,1.4,2,0,0,1,1,0,0,0.0,0,0,0,0,0,2,1,0
306,Andre Brooks,Sheffield Utd,0.2,0,0,0,0,0,0,0,0.0,0,1,0,1,1,1,1,0
307,David Brooks,Bournemouth,2.5,4,4,2,1,1,2,3,66.7,1,2,0,2,2,6,2,0
308,John Brooks,Hoffenheim,8.0,10,4,5,4,1,3,12,25.0,9,12,5,7,16,26,58,1
309,Moritz Broschinski,Bochum,2.5,2,2,0,2,0,0,2,0.0,2,1,1,0,0,2,1,0
310,Jacob Brown,Luton Town,6.4,7,4,2,4,1,2,7,28.6,5,12,1,11,4,11,7,0
312,Josh Brownhill,Burnley,8.7,16,14,5,8,3,6,9,66.7,3,6,2,4,11,27,14,0
313,Jacob Bruun Larsen,Burnley,2.1,2,1,1,0,1,2,4,50.0,2,0,0,0,1,3,3,0
314,Ante Budimir,Osasuna,9.9,11,6,2,8,1,1,4,25.0,3,4,2,2,3,14,3,0
315,Hugo Bueno,Wolves,1.6,3,1,2,0,1,2,3,66.7,1,2,1,1,1,4,5,0
316,Marius Bulter,Hoffenheim,5.4,7,3,5,1,1,3,9,33.3,6,3,0,3,2,9,6,0
317,Facundo Buonanotte,Brighton,1.4,3,1,0,3,0,0,1,0.0,1,3,0,3,2,5,1,0
318,Alessandro Buongiorno,Torino,8.3,21,14,13,6,2,6,8,75.0,2,7,3,4,18,39,33,0
319,Oliver Burke,Werder Bremen,0.4,0,0,0,0,0,0,2,0.0,2,0,0,0,0,0,0,0
320,Reece Burke,Luton Town,6.6,12,7,8,2,2,5,10,50.0,5,9,6,3,7,19,26,0
321,Dan Burn,Newcastle Utd,10.5,17,9,10,7,0,4,20,20.0,16,21,8,13,10,27,29,1
322,Rares-Catalin Burnete,Lecce,0.1,0,0,0,0,0,0,0,0.0,0,0,0,0,0,0,0,0
323,Mason Burstow,Chelsea,0.1,0,0,0,0,0,0,0,0.0,0,0,0,0,0,0,0,0
324,Marnon Busch,Heidenheim,1.1,1,0,1,0,0,1,4,25.0,3,1,0,1,2,3,0,0
325,Maxime Busi,Reims,0.3,0,0,0,0,0,0,2,0.0,2,2,0,2,2,2,1,0
326,Aurelio Buta,Eint Frankfurt,7.0,16,11,8,5,3,8,15,53.3,7,7,0,7,5,21,15,0
327,Marcin Bulka,Nice,12.0,0,0,0,0,0,0,0,0.0,0,0,0,0,0,0,4,1
328,Jamie Bynoe-Gittens,Dortmund,1.3,1,0,1,0,0,0,1,0.0,1,0,0,0,1,2,2,0
329,Juan Cabal,Hellas Verona,0.3,1,0,0,1,0,0,1,0.0,1,0,0,0,0,1,0,0
330,Remy Cabella,Lille,7.5,19,14,9,5,5,5,19,26.3,14,13,0,13,2,21,1,0
331,Jovane Cabral,Salernitana,7.2,12,8,4,6,2,3,8,37.5,5,3,0,3,1,13,3,0
332,Liberato Cacace,Empoli,7.1,14,8,9,3,2,10,15,66.7,5,7,2,5,10,24,15,0
333,Anthony Caci,Mainz 05,9.8,18,6,12,6,0,13,20,65.0,7,13,2,11,7,25,9,0
334,Moises Caicedo,Chelsea,8.9,16,10,7,6,3,5,10,50.0,5,10,5,5,7,23,10,1
335,Tom Cairney,Fulham,2.1,0,0,0,0,0,0,2,0.0,2,4,1,3,1,1,1,0
336,Jens Cajuste,Napoli,2.9,12,9,7,4,1,8,13,61.5,5,5,0,5,1,13,4,0
338,Davide Calabria,Milan,8.1,23,9,15,6,2,16,27,59.3,11,6,1,5,12,35,18,0
339,Riccardo Calafiori,Bologna,7.4,13,9,9,4,0,4,10,40.0,6,13,7,6,14,27,19,2
340,Luca Caldirola,Monza,10.9,10,5,8,1,1,6,10,60.0,4,13,10,3,17,27,22,0
341,Duje Caleta-Car,Lyon,4.0,5,2,3,2,0,3,4,75.0,1,6,2,4,1,6,16,0
342,Hakan Calhanoglu,Inter,10.8,32,20,15,13,4,19,26,73.1,7,10,5,5,6,38,8,0
343,Jose Callejon,Granada,5.4,8,4,5,3,0,5,13,38.5,8,3,1,2,1,9,7,0
344,Dominic Calvert-Lewin,Everton,6.4,1,1,0,1,0,0,2,0.0,2,3,1,2,1,2,6,0
345,Lamine Camara,Metz,9.7,29,19,13,12,4,11,21,52.4,10,15,1,14,10,39,11,0
346,Mahdi Camara,Brest,7.1,15,11,2,12,1,5,11,45.5,6,7,0,7,10,25,5,0
347,Mohamed Camara,Monaco,4.5,11,7,4,5,2,4,10,40.0,6,4,0,4,6,17,0,0
348,Eduardo Camavinga,Real Madrid,8.3,32,19,15,14,3,11,19,57.9,8,14,2,12,14,46,10,0
349,Nicolo Cambiaghi,Empoli,6.7,8,6,3,3,2,4,12,33.3,8,5,0,5,4,12,1,0
350,Andrea Cambiaso,Juventus,5.8,10,7,6,3,1,8,14,57.1,6,6,0,6,2,12,8,0
351,Axel Camblan,Brest,0.8,1,1,0,0,1,0,2,0.0,2,2,0,2,0,1,0,0
352,Sergio Camello,Rayo Vallecano,4.9,3,1,0,2,1,0,0,0.0,0,2,0,2,1,4,1,0
353,Emre Can,Dortmund,5.9,17,11,8,8,1,7,12,58.3,5,8,0,8,5,22,5,0
354,Matteo Cancellieri,Empoli,8.1,21,13,8,8,5,9,18,50.0,9,14,0,14,3,24,7,0
355,Joao Cancelo,Barcelona,9.0,31,21,15,10,6,21,29,72.4,8,11,2,9,6,37,15,0
356,Fali Cande,Metz,9.4,20,12,16,4,0,9,15,60.0,6,20,16,4,9,29,56,0
357,Antonio Candreva,Salernitana,9.1,5,3,1,3,1,4,9,44.4,5,2,0,2,4,9,4,0
358,Thomas Cannon,Everton,0.0,0,0,0,0,0,0,0,0.0,0,0,0,0,0,0,0,0
359,Sergi Canos,Valencia,2.8,5,2,3,1,1,1,5,20.0,4,2,1,1,2,7,1,0
360,Luigi Canotto,Frosinone,0.2,0,0,0,0,0,0,0,0.0,0,0,0,0,0,0,0,0
361,Etienne Capoue,Villarreal,9.0,15,9,9,5,1,9,15,60.0,6,9,2,7,12,27,12,0
362,Gianluca Caprari,Monza,2.8,2,1,1,1,0,0,1,0.0,1,0,0,0,2,4,0,0
364,Elia Caprile,Empoli,1.0,0,0,0,0,0,0,0,0.0,0,0,0,0,0,0,2,1
365,Francesco Caputo,Empoli,8.1,1,0,0,0,1,0,0,0.0,0,3,0,3,0,1,0,0
366,Maxence Caqueret,Lyon,10.7,29,19,10,12,7,10,38,26.3,28,11,1,10,16,45,7,1
367,Andrea Carboni,Monza,5.6,17,7,10,7,0,6,9,66.7,3,10,7,3,3,20,19,1
368,Valentin Carboni,Monza,0.5,3,2,1,2,0,1,3,33.3,2,1,0,1,0,3,0,0
369,Isaac Carcelen,Cádiz,11.0,23,11,16,7,0,11,19,57.9,8,11,2,9,6,29,39,2
370,Irvin Cardona,Augsburg,0.6,1,1,0,0,1,1,3,33.3,2,1,0,1,0,1,1,0
371,Marc Cardona,Las Palmas,3.4,2,1,1,0,1,0,4,0.0,4,4,0,4,1,3,1,0
372,Sergi Cardona,Las Palmas,11.3,43,23,25,13,5,30,47,63.8,17,16,3,13,20,63,38,0
373,Igor Carioca,Lorient,0.9,4,3,3,1,0,2,4,50.0,2,0,0,0,2,6,1,0
374,Carlos,Inter,3.6,5,4,2,3,0,1,3,33.3,2,3,0,3,4,9,11,0
375,Diego Carlos,Aston Villa,3.1,6,4,6,0,0,2,4,50.0,2,1,1,0,3,9,10,0
376,Carmona,Getafe,5.0,9,7,2,7,0,2,8,25.0,6,7,0,7,4,13,5,0
377,Marco Carnesecchi,Atalanta,4.0,0,0,0,0,0,0,0,0.0,0,0,0,0,0,0,1,0
378,Yannick Carrasco,Atlético Madrid,2.5,4,4,3,1,0,2,7,28.6,5,2,0,2,1,5,6,0
379,Rasmus Carstensen,Köln,8.5,21,11,9,10,2,14,26,53.8,12,16,3,13,8,29,24,1
380,Dani Carvajal,Real Madrid,10.6,26,15,13,10,3,15,22,68.2,7,11,3,8,10,36,21,1
381,Fabio Carvalho,RB Leipzig,1.6,3,1,0,2,1,1,2,50.0,1,6,0,6,0,3,1,0
382,William Carvalho,Betis,1.7,4,3,1,3,0,1,2,50.0,1,0,0,0,2,6,0,0
383,Nicolo Casale,Lazio,6.0,6,2,6,0,0,4,10,40.0,6,4,4,0,3,9,24,0
384,Casemiro,Manchester Utd,7.2,21,12,5,13,3,12,27,44.4,15,21,5,16,5,26,16,0
385,Matty Cash,Aston Villa,11.4,27,15,13,13,1,13,28,46.4,15,14,5,9,10,37,24,0
386,Josue Casimir,Le Havre,8.5,16,6,9,6,1,5,7,71.4,2,11,0,11,5,21,13,0
387,Giuseppe Caso,Frosinone,2.9,4,3,2,0,2,2,3,66.7,1,0,0,0,0,4,0,0
388,Cristian Casseres Jr.,Toulouse,9.0,27,16,14,12,1,12,25,48.0,13,17,2,15,12,39,12,1
390,Timothy Castagne,Fulham,8.2,17,7,8,5,4,9,15,60.0,6,13,3,10,13,30,15,0
391,Koen Casteels,Wolfsburg,8.0,2,1,2,0,0,2,3,66.7,1,0,0,0,0,2,5,2
392,Valentin Castellanos,Lazio,4.8,10,6,0,2,8,1,4,25.0,3,6,0,6,1,11,6,0
393,Jean-Charles Castelletto,Nantes,10.0,9,5,5,3,1,6,10,60.0,4,5,4,1,14,23,37,0
394,Samu Castillejo,Sassuolo,3.0,6,5,3,2,1,2,7,28.6,5,7,0,7,0,6,1,0
395,Jonny Castro,Wolves,0.1,0,0,0,0,0,0,1,0.0,1,1,1,0,0,0,0,0
396,Danilo Cataldi,Lazio,5.8,4,0,1,3,0,1,5,20.0,4,6,2,4,9,13,9,1
397,Catena,Osasuna,11.9,11,6,9,1,1,6,14,42.9,8,11,6,5,7,18,48,1
398,Maximiliano Caufriez,Clermont Foot,5.9,15,11,12,3,0,12,15,80.0,3,6,4,2,6,21,23,1
399,Ivan Cavaleiro,Lille,7.6,9,5,2,4,3,6,16,37.5,10,8,2,6,5,14,5,0
400,Dani Ceballos,Real Madrid,0.8,2,1,0,2,0,0,2,0.0,2,2,1,1,0,2,0,0
401,Emil Ceide,Sassuolo,1.1,0,0,0,0,0,0,0,0.0,0,3,0,3,0,0,0,0
402,Zeki Celik,Roma,1.1,5,4,1,3,1,3,4,75.0,1,0,0,0,1,6,3,0
403,Alex Centelles,Almería,2.5,3,1,3,0,0,2,6,33.3,4,2,1,1,4,7,6,0
404,Vaclav Cerny,Wolfsburg,4.3,5,2,2,3,0,1,8,12.5,7,5,0,5,5,10,2,0
405,Michele Cerofolini,Frosinone,1.0,0,0,0,0,0,0,0,0.0,0,0,0,0,0,0,0,0
406,Franco Cervi,Celta Vigo,1.6,4,3,3,1,0,1,4,25.0,3,5,0,5,2,6,3,0
407,Julio Cesar Enciso,Brighton,0.8,0,0,0,0,0,0,1,0.0,1,0,0,0,0,0,0,0
408,Julian Chabot,Köln,10.4,25,17,14,11,0,14,21,66.7,7,22,14,8,20,45,49,0
409,Fares Chaibi,Toulouse,0.6,0,0,0,0,0,0,0,0.0,0,0,0,0,0,0,2,0
410,Fares Chaibi,Eint Frankfurt,6.1,5,4,0,2,3,1,1,100.0,0,15,0,15,1,6,2,0
411,Muhammed Cham,Clermont Foot,10.4,12,7,3,7,2,6,14,42.9,8,6,0,6,1,13,1,0
412,Brendan Chardonnet,Brest,11.0,14,8,10,2,2,6,15,40.0,9,21,11,10,12,26,33,1
413,Pep Chavarria,Rayo Vallecano,0.2,0,0,0,0,0,0,0,0.0,0,1,0,1,0,0,1,0
414,Walid Cheddira,Frosinone,7.2,2,1,1,0,1,1,2,50.0,1,2,1,1,0,2,7,0
416,Rayan Cherki,Lyon,7.1,9,3,1,4,4,5,17,29.4,12,7,3,4,1,10,0,0
417,Youssef Chermiti,Everton,0.4,0,0,0,0,0,0,0,0.0,0,1,0,1,0,0,0,0
418,Lucas Chevalier,Lille,12.0,1,0,1,0,0,1,2,50.0,1,1,0,1,0,1,4,2
419,Fabio Chiarodia,M'Gladbach,0.3,2,1,2,0,0,2,2,100.0,0,1,1,0,1,3,2,0
420,Federico Chiesa,Juventus,8.6,4,2,1,1,2,1,3,33.3,2,6,1,5,3,7,4,0
421,Ben Chilwell,Chelsea,3.7,5,4,0,4,1,1,3,33.3,2,1,0,1,3,8,4,0
422,Pedro Chirivella,Nantes,11.9,15,10,5,10,0,8,27,29.6,19,11,1,10,12,27,13,0
423,Tahith Chong,Luton Town,5.9,15,6,9,4,2,7,11,63.6,4,7,0,7,3,18,1,0
424,Joris Chotard,Montpellier,10.7,42,30,24,12,6,23,44,52.3,21,20,7,13,16,58,18,0
425,Andreas Christensen,Barcelona,8.0,5,4,2,3,0,4,9,44.4,5,7,4,3,6,11,17,0
426,Oliver Christensen,Fiorentina,2.0,0,0,0,0,0,0,0,0.0,0,0,0,0,0,0,0,0
427,Ryan Christie,Bournemouth,9.7,19,8,7,5,7,9,22,40.9,13,15,1,14,10,29,9,0
428,Carney Chukwuemeka,Chelsea,1.4,1,1,1,0,0,1,2,50.0,1,0,0,0,0,1,0,0
429,Samuel Chukwueze,Milan,3.2,7,2,3,3,1,3,5,60.0,2,0,0,0,2,9,0,0
430,Victor Chust,Cádiz,1.0,1,1,1,0,0,0,1,0.0,1,0,0,0,1,2,4,0
431,Pathe Ciss,Rayo Vallecano,7.7,18,8,6,12,0,9,16,56.3,7,11,5,6,13,31,24,0
432,Ibrahim Cissoko,Toulouse,0.3,1,0,1,0,0,1,1,100.0,0,0,0,0,0,1,0,0
433,Patrick Ciurria,Monza,9.8,11,8,4,5,2,4,10,40.0,6,10,5,5,6,17,13,0
434,Jordan Clark,Luton Town,0.2,0,0,0,0,0,0,1,0.0,1,1,1,0,0,0,0,0
435,Alexis Claude-Maurice,Nice,0.2,2,1,1,1,0,0,0,0.0,0,0,0,0,0,2,2,0
436,Jonathan Clauss,Marseille,10.4,24,13,12,10,2,15,24,62.5,9,10,2,8,17,41,26,0
437,Silvi Clua,Girona,0.0,2,0,2,0,0,2,2,100.0,0,1,0,1,0,2,0,0
438,Nathaniel Clyne,Crystal Palace,1.5,2,1,1,1,0,2,3,66.7,1,1,0,1,0,2,5,0
439,Marcus Coco,Nantes,6.6,15,10,12,2,1,8,22,36.4,14,10,0,10,9,24,10,0
440,Saul Coco,Las Palmas,7.4,13,7,11,2,0,5,10,50.0,5,9,8,1,6,19,39,0
442,Maxime Colin,Metz,6.1,10,6,6,2,2,3,8,37.5,5,7,4,3,6,16,21,0
443,Nathan Collins,Brentford,11.1,14,7,10,4,0,6,9,66.7,3,12,4,8,18,32,60,1
444,Lorenzo Colombo,Monza,8.4,12,9,2,7,3,7,10,70.0,3,6,1,5,0,12,5,0
445,Andrea Colpani,Monza,9.9,8,3,0,5,3,2,4,50.0,2,0,0,0,4,12,6,0
446,Levi Colwill,Chelsea,10.4,19,14,7,9,3,8,10,80.0,2,14,5,9,12,31,28,0
447,Kingsley Coman,Bayern Munich,7.6,8,5,3,2,3,6,10,60.0,4,9,1,8,0,8,4,0
448,Eray Comert,Nantes,8.3,15,9,12,3,0,9,12,75.0,3,11,6,5,15,30,41,0
449,Santi Comesana,Villarreal,3.3,13,8,1,9,3,7,13,53.8,6,3,0,3,5,18,5,1
450,Pietro Comuzzo,Fiorentina,0.1,0,0,0,0,0,0,0,0.0,0,0,0,0,0,0,1,0
451,Andrea Consigli,Sassuolo,10.0,0,0,0,0,0,0,0,0.0,0,1,0,1,0,0,7,0
452,Bambase Conte,Hoffenheim,0.0,1,1,1,0,0,0,0,0.0,0,0,0,0,0,1,0,0
453,Lewis Cook,Bournemouth,6.8,14,11,7,7,0,8,14,57.1,6,5,3,2,19,33,5,0
454,Copete,Mallorca,4.3,12,7,11,1,0,9,12,75.0,3,3,3,0,5,17,16,1
455,Diego Coppola,Hellas Verona,3.2,9,6,6,2,1,6,11,54.5,5,5,2,3,4,13,23,1
456,Tommaso Corazza,Bologna,1.6,8,3,7,1,0,3,7,42.9,4,2,0,2,4,12,2,0
457,Jeppe Corfitzen,Lecce,0.1,1,0,0,1,0,1,1,100.0,0,0,0,0,0,1,0,0
458,Jack Cork,Burnley,0.2,1,0,0,1,0,1,3,33.3,2,0,0,0,0,1,0,0
459,Maxwel Cornet,West Ham,0.0,1,0,1,0,0,0,1,0.0,1,0,0,0,0,1,0,0
460,Jesus Corona,Sevilla,0.2,0,0,0,0,0,0,0,0.0,0,0,0,0,1,1,0,0
461,Angel Correa,Atlético Madrid,3.1,5,4,2,2,1,1,6,16.7,5,2,0,2,1,6,0,0
462,Joaquin Correa,Marseille,3.2,3,3,1,1,1,0,6,0.0,6,2,0,2,1,4,1,0
463,Thierry Correia,Valencia,10.3,33,21,19,11,3,19,34,55.9,15,8,1,7,19,52,22,0
464,Oscar Cortes,Lens,0.1,0,0,0,0,0,0,0,0.0,0,0,0,0,0,0,0,0
465,Danny da Costa,Mainz 05,7.1,12,7,6,5,1,4,13,30.8,9,13,2,11,12,24,19,0
466,David Pereira da Costa,Lens,0.6,1,0,0,1,0,1,3,33.3,2,0,0,0,0,1,1,0
468,Jaume Costa,Mallorca,6.5,14,6,6,4,4,9,13,69.2,4,4,1,3,7,21,7,0
469,Logan Costa,Toulouse,11.1,16,10,12,4,0,6,12,50.0,6,23,12,11,5,21,55,0
470,Samu Costa,Mallorca,9.9,38,21,13,24,1,21,36,58.3,15,16,9,7,16,54,24,1
471,Benoit Costil,Salernitana,1.0,0,0,0,0,0,0,0,0.0,0,0,0,0,0,0,1,0
472,Vladimir Coufal,West Ham,12.0,31,22,23,6,2,20,34,58.8,14,16,6,10,16,47,34,0
473,Lassana Coulibaly,Salernitana,6.6,14,11,6,6,2,8,13,61.5,5,9,1,8,7,21,12,0
474,Mamadou Coulibaly,Salernitana,0.0,0,0,0,0,0,0,0,0.0,0,0,0,0,0,0,0,0
475,Philippe Coutinho,Aston Villa,0.3,0,0,0,0,0,0,1,0.0,1,0,0,0,0,0,0,0
476,Yan Couto,Girona,8.3,19,12,9,7,3,9,15,60.0,6,6,1,5,3,22,16,0
477,Nicolas Cozza,Wolfsburg,2.4,7,5,3,4,0,2,7,28.6,5,2,0,2,4,11,3,0
478,Alessio Cragno,Sassuolo,2.0,0,0,0,0,0,0,0,0.0,0,0,0,0,0,0,3,0
479,Aaron Cresswell,West Ham,0.9,1,0,1,0,0,1,1,100.0,0,0,0,0,0,1,2,0
480,Bryan Cristante,Roma,12.0,21,11,14,5,2,9,15,60.0,6,11,4,7,13,34,23,0
481,Juan Cruz Armada,Osasuna,7.3,10,5,5,4,1,5,6,83.3,1,4,2,2,4,14,13,0
482,Juan Cruz,Hellas Verona,0.9,1,1,0,0,1,0,0,0.0,0,0,0,0,1,2,0,0
483,Juan Cruz,Betis,0.8,0,0,0,0,0,0,1,0.0,1,0,0,0,0,0,0,0
484,Juan Cuadrado,Inter,1.1,1,1,0,1,0,1,1,100.0,0,3,0,3,0,1,1,0
485,Marc Cucurella,Chelsea,5.4,20,13,11,7,2,10,18,55.6,8,8,2,6,7,27,16,0
486,Jorge Cuenca,Villarreal,6.1,7,6,4,2,1,3,3,100.0,0,12,7,5,7,14,35,0
487,Josh Cullen,Burnley,9.3,16,11,8,7,1,9,16,56.3,7,12,7,5,7,23,11,0
488,Matheus Cunha,Wolves,10.9,17,8,5,10,2,5,12,41.7,7,10,2,8,6,23,5,0
489,Marvin Cuni,Frosinone,4.4,4,2,1,1,2,2,3,66.7,1,8,1,7,1,5,0,0
490,Eric Curbelo,Las Palmas,1.0,2,1,1,1,0,1,2,50.0,1,3,1,2,2,4,5,1
491,Tomas Cvancara,M'Gladbach,5.6,2,2,0,2,0,0,0,0.0,0,3,1,2,0,2,6,0
492,Danilo D'Ambrosio,Monza,5.1,18,11,12,4,2,8,12,66.7,4,9,4,5,7,25,10,0
494,Finn Dahmen,Augsburg,11.0,0,0,0,0,0,0,0,0.0,0,0,0,0,0,0,8,1
495,Mahmoud Dahoud,Brighton,4.5,9,4,2,4,3,3,9,33.3,6,3,1,2,1,10,5,0
496,Ameen Al-Dakhil,Burnley,9.5,9,4,3,5,1,1,9,11.1,8,6,4,2,8,17,30,2
497,Thijs Dallinga,Toulouse,8.7,13,5,3,5,5,4,6,66.7,2,6,2,4,2,15,15,0
498,Diogo Dalot,Manchester Utd,10.3,21,10,16,2,3,16,21,76.2,5,5,2,3,9,30,30,0
499,Mikkel Damsgaard,Brentford,0.6,1,0,1,0,0,0,2,0.0,2,2,1,1,0,1,1,0
500,Flavius Daniliuc,Salernitana,3.3,9,6,6,3,0,5,9,55.6,4,7,1,6,5,14,3,0
501,Danilo,Nott'ham Forest,3.7,5,1,2,3,0,3,7,42.9,4,3,1,2,7,12,4,0
502,Danilo,Juventus,8.0,14,8,9,5,0,5,10,50.0,5,8,4,4,18,32,29,0
503,Arnaut Danjuma,Everton,4.1,2,1,2,0,0,1,2,50.0,1,3,0,3,2,4,0,0
504,Kevin Danso,Lens,12.0,10,7,3,7,0,8,13,61.5,5,13,8,5,11,21,43,1
505,Dante,Nice,12.0,21,10,15,6,0,12,15,80.0,3,17,7,10,10,31,35,0
506,Mohammed Daramy,Reims,7.0,2,2,1,1,0,2,8,25.0,6,4,1,3,4,6,2,0
507,Sergi Darder,Mallorca,7.5,21,15,6,11,4,5,16,31.3,11,5,1,4,6,27,3,0
508,Achraf Dari,Brest,1.3,1,1,1,0,0,0,2,0.0,2,2,0,2,5,6,9,1
509,Matteo Darmian,Inter,9.2,22,10,11,9,2,9,20,45.0,11,13,5,8,8,30,22,0
510,Lukas Daschner,Bochum,2.4,1,0,0,1,0,0,3,0.0,3,5,0,5,2,3,1,0
511,Josh Dasilva,Brentford,0.1,0,0,0,0,0,0,0,0.0,0,0,0,0,0,0,0,0
512,David Datro Fofana,Union Berlin,6.2,8,6,3,3,2,4,8,50.0,4,2,0,2,0,8,5,0
513,Jonathan David,Lille,10.1,8,7,1,6,1,3,12,25.0,9,5,0,5,3,11,0,0
514,Alphonso Davies,Bayern Munich,9.6,13,6,6,7,0,7,16,43.8,9,11,1,10,9,22,19,0
515,Ben Davies,Tottenham,2.0,7,6,4,2,1,4,5,80.0,1,7,7,0,2,9,7,0
516,Tom Davies,Sheffield Utd,0.7,4,2,2,2,0,1,3,33.3,2,0,0,0,2,6,2,1
517,Pawel Dawidowicz,Hellas Verona,8.8,17,12,9,8,0,6,11,54.5,5,7,4,3,10,27,43,0
518,Craig Dawson,Wolves,11.8,19,11,15,3,1,15,19,78.9,4,22,17,5,6,25,55,0
520,Kevin De Bruyne,Manchester City,0.2,0,0,0,0,0,0,0,0.0,0,0,0,0,0,0,0,0
521,Charles De Ketelaere,Atalanta,6.3,10,5,2,2,6,1,4,25.0,3,8,0,8,1,11,2,0
522,Rodrigo De Paul,Atlético Madrid,6.1,12,8,3,7,2,3,8,37.5,5,6,0,6,1,13,2,0
523,Lorenzo De Silvestri,Bologna,4.9,3,3,3,0,0,1,2,50.0,1,6,3,3,5,8,14,0
524,Thibault De Smet,Reims,7.6,24,13,16,7,1,16,23,69.6,7,7,2,5,9,33,24,0
525,Koni De Winter,Genoa,6.0,8,7,5,3,0,5,8,62.5,3,2,0,2,8,16,13,0
526,Gregoire Defrel,Sassuolo,2.6,4,1,0,3,1,1,2,50.0,1,1,0,1,1,5,3,0
527,Alessandro Deiola,Cagliari,4.0,7,5,4,3,0,5,18,27.8,13,4,1,3,1,8,2,0
528,Romain Del Castillo,Brest,10.6,10,8,2,4,4,2,19,10.5,17,9,0,9,2,12,1,0
529,Thomas Delaine,Strasbourg,9.6,17,7,13,3,1,14,22,63.6,8,3,0,3,11,28,22,0
530,Sacha Delaye,Montpellier,0.3,3,0,0,1,2,0,2,0.0,2,1,0,1,0,3,0,0
531,Hannes Delcroix,Burnley,2.7,3,2,2,1,0,2,2,100.0,0,3,1,2,6,9,6,0
532,Olivier Deman,Werder Bremen,6.4,17,9,13,3,1,11,19,57.9,8,16,5,11,5,22,10,0
533,Karamoko Dembele,Brest,0.2,0,0,0,0,0,0,0,0.0,0,0,0,0,0,0,0,0
534,Ousmane Dembele,Paris S-G,7.9,11,8,1,5,5,3,7,42.9,4,4,0,4,4,15,1,0
535,Jessy Deminguet,Strasbourg,5.7,9,5,5,4,0,4,12,33.3,8,5,0,5,4,13,4,0
536,Ermedin Demirovic,Augsburg,10.7,10,6,2,7,1,6,18,33.3,12,10,1,9,4,14,10,0
537,Sepp van den Berg,Mainz 05,9.5,20,11,12,7,1,6,11,54.5,5,20,9,11,15,35,34,1
538,Leander Dendoncker,Aston Villa,0.1,0,0,0,0,0,0,0,0.0,0,2,2,0,0,0,0,1
539,Remy Descamps,Nantes,5.0,0,0,0,0,0,0,0,0.0,0,0,0,0,0,0,6,0
540,Mikkel Desler,Toulouse,9.7,10,7,6,4,0,4,9,44.4,5,19,8,11,7,17,26,0
541,Arthur Desmas,Le Havre,12.0,0,0,0,0,0,0,1,0.0,1,0,0,0,0,0,4,0
542,Mattia Destro,Empoli,1.5,0,0,0,0,0,0,0,0.0,0,0,0,0,2,2,2,0
543,Federico Di Francesco,Lecce,0.2,1,0,0,1,0,0,0,0.0,0,0,0,0,0,1,0,0
544,Michele Di Gregorio,Monza,11.0,1,0,1,0,0,1,1,100.0,0,0,0,0,1,2,6,0
546,Giovanni Di Lorenzo,Napoli,12.0,20,14,13,7,0,13,29,44.8,16,9,2,7,7,27,18,0
547,Alessandro Di Pardo,Cagliari,1.9,3,1,2,0,1,0,1,0.0,1,3,2,1,2,5,2,0
548,Boulaye Dia,Salernitana,7.5,3,2,1,2,0,1,1,100.0,0,5,0,5,3,6,5,0
549,Moussa Diaby,Aston Villa,10.5,5,1,1,3,1,2,7,28.6,5,2,0,2,2,7,1,0
550,Mouctar Diakhaby,Valencia,7.3,13,9,6,7,0,8,10,80.0,2,10,3,7,4,17,32,0
551,Mamadou Diakhon,Reims,0.6,1,1,1,0,0,1,2,50.0,1,0,0,0,1,2,0,0
552,Bafode Diakite,Lille,7.9,17,12,5,12,0,12,15,80.0,3,9,5,4,9,26,19,0
553,Ibrahim Diakite,Reims,1.1,0,0,0,0,0,0,1,0.0,1,2,0,2,2,2,5,0
554,Oumar Diakite,Reims,5.1,8,4,5,2,1,3,8,37.5,5,4,0,4,3,11,3,0
555,Assane Diao,Betis,5.7,11,7,4,4,3,4,7,57.1,3,10,2,8,5,16,2,0
556,Mouhamadou Diarra,Strasbourg,6.5,6,5,2,4,0,0,9,0.0,9,8,1,7,6,12,2,0
557,Moussa Diarra,Toulouse,6.8,16,6,8,7,1,6,14,42.9,8,14,9,5,8,24,23,0
558,Ruben Dias,Manchester City,9.2,9,5,5,3,1,4,8,50.0,4,7,3,4,10,19,27,0
559,Krepin Diatta,Monaco,5.4,13,8,5,7,1,10,21,47.6,11,6,1,5,7,20,8,0
560,Mory Diaw,Clermont Foot,11.0,0,0,0,0,0,0,0,0.0,0,0,0,0,1,1,3,1
561,Mahamadou Diawara,Lyon,1.9,4,2,2,2,0,1,6,16.7,5,1,0,1,2,6,1,0
562,Brahim Diaz,Real Madrid,2.1,4,3,0,4,0,2,3,66.7,1,2,0,2,0,4,0,0
563,Luis Diaz,Liverpool,7.1,11,9,1,5,5,3,16,18.8,13,3,0,3,1,12,0,0
564,Victor Diaz,Granada,1.8,5,3,2,3,0,1,3,33.3,2,1,0,1,1,6,8,0
565,Famara Diedhiou,Granada,0.6,1,1,0,1,0,0,1,0.0,1,0,0,0,0,1,1,0
566,Bamba Dieng,Lorient,1.4,2,2,0,2,0,1,1,100.0,0,0,0,0,0,2,3,0
567,Eric Dier,Tottenham,1.6,2,1,2,0,0,2,2,100.0,0,1,1,0,1,3,8,0
568,Guillaume Dietsch,Metz,0.8,0,0,0,0,0,0,0,0.0,0,0,0,0,0,0,0,0
569,Lucas Digne,Aston Villa,11.9,21,9,15,5,1,11,19,57.9,8,9,0,9,17,38,28,0
570,Federico Dimarco,Inter,8.4,17,12,7,8,2,10,17,58.8,7,7,1,6,4,21,11,1
572,Stole Dimitrievski,Rayo Vallecano,13.0,0,0,0,0,0,0,0,0.0,0,0,0,0,0,0,2,1
573,Junior Dina Ebimbe,Eint Frankfurt,6.6,9,4,0,5,4,5,10,50.0,5,7,1,6,2,11,10,0
574,Eren Dinkci,Heidenheim,10.1,13,8,8,5,0,7,14,50.0,7,8,0,8,3,16,6,0
575,Sinaly Diomande,Lyon,9.0,10,4,5,3,2,9,15,60.0,6,11,9,2,12,22,26,0
576,Edan Diop,Monaco,0.5,2,2,1,0,1,1,1,100.0,0,1,0,1,0,2,1,0
577,Issa Diop,Fulham,7.8,11,6,8,2,1,6,8,75.0,2,8,4,4,7,18,36,1
578,Sofiane Diop,Nice,4.8,7,5,3,3,1,3,9,33.3,6,2,0,2,2,9,2,0
579,Andy Diouf,Lens,7.7,14,10,5,7,2,8,13,61.5,5,7,1,6,3,17,3,0
580,Yehvann Diouf,Reims,12.0,0,0,0,0,0,0,0,0.0,0,0,0,0,0,0,9,0
581,Axel Disasi,Chelsea,10.7,7,2,4,2,1,4,7,57.1,3,10,8,2,4,11,33,1
582,Djene,Getafe,9.0,9,2,3,5,1,2,6,33.3,4,13,4,9,10,19,22,0
583,Berat Djimsiti,Atalanta,10.8,12,7,6,6,0,2,5,40.0,3,23,13,10,22,34,28,0
584,Marko Dmitrovic,Sevilla,4.0,0,0,0,0,0,0,1,0.0,1,0,0,0,1,1,3,0
585,Ben Doak,Liverpool,0.2,0,0,0,0,0,0,0,0.0,0,0,0,0,0,0,0,0
586,Ritsu Doan,Freiburg,7.3,14,9,8,4,2,4,9,44.4,5,9,1,8,2,16,7,0
587,Lewis Dobbin,Everton,1.3,2,2,1,0,1,2,5,40.0,3,3,0,3,1,3,0,0
588,Dodo,Fiorentina,3.0,3,2,1,2,0,1,4,25.0,3,2,0,2,3,6,6,0
589,Danilho Doekhi,Union Berlin,8.0,14,10,9,5,0,5,9,55.6,4,13,3,10,15,29,25,0
590,Matt Doherty,Wolves,2.8,4,1,2,2,0,2,4,50.0,2,5,1,4,2,6,11,0
591,Josh Doig,Hellas Verona,6.0,9,6,5,4,0,7,11,63.6,4,9,2,7,1,10,13,1
592,Jeremy Doku,Manchester City,6.1,16,11,6,5,5,6,11,54.5,5,4,0,4,5,21,2,0
593,Jeremy Doku,Rennes,1.2,2,2,1,0,1,1,1,100.0,0,0,0,0,0,2,0,0
594,Carlos Dominguez,Celta Vigo,3.0,3,3,0,2,1,2,4,50.0,2,1,1,0,5,8,12,0
595,Mario Dominguez,Valencia,0.3,0,0,0,0,0,0,0,0.0,0,0,0,0,0,0,0,0
596,Nicolas Dominguez,Nott'ham Forest,5.9,26,16,16,10,0,13,20,65.0,7,3,0,3,4,30,11,0
598,Nicolas Dominguez,Bologna,1.1,1,0,1,0,0,0,2,0.0,2,3,0,3,0,1,2,0
599,Giulio Donati,Monza,0.1,0,0,0,0,0,0,0,0.0,0,0,0,0,0,0,0,0
600,Gianluigi Donnarumma,Paris S-G,12.0,0,0,0,0,0,0,0,0.0,0,0,0,0,1,1,3,3
601,Patrick Dorgu,Lecce,5.6,21,11,15,5,1,13,14,92.9,1,9,3,6,3,24,16,0
602,Niklas Dorsch,Augsburg,6.8,12,8,5,7,0,5,15,33.3,10,7,5,2,4,16,11,0
603,Gabriel Dos Santos,Arsenal,8.3,12,6,9,3,0,6,7,85.7,1,11,11,0,11,23,14,0
604,Alberto Dossena,Cagliari,11.1,23,17,19,4,0,15,21,71.4,6,20,12,8,18,41,63,2
605,Carlos Dotor,Celta Vigo,3.6,4,4,1,2,1,2,6,33.3,4,6,2,4,2,6,3,0
606,Abdoulaye Doucoure,Everton,11.5,18,13,7,8,3,6,17,35.3,11,12,0,12,8,26,7,0
607,Cheick Doucoure,Crystal Palace,9.6,33,17,14,13,6,18,29,62.1,11,12,2,10,19,52,11,0
608,Ckene Doucoure,Lorient,3.1,6,4,0,3,3,2,2,100.0,0,3,0,3,1,7,2,0
609,Desire Doue,Rennes,4.8,14,6,4,5,5,3,11,27.3,8,5,0,5,3,17,3,0
610,Guela Doue,Rennes,0.5,0,0,0,0,0,0,3,0.0,3,1,0,1,1,1,5,0
611,Alfie Doughty,Luton Town,8.9,17,11,9,6,2,8,20,40.0,12,17,0,17,8,25,15,0
612,Douglas,Nantes,6.2,23,15,8,12,3,6,11,54.5,5,9,4,5,11,34,11,0
613,Ismael Doukoure,Strasbourg,10.6,15,11,3,12,0,11,14,78.6,3,12,5,7,12,27,9,2
614,Kamory Doumbia,Brest,1.6,7,6,0,2,5,3,5,60.0,2,4,0,4,1,8,0,0
615,Anastasios Douvikas,Celta Vigo,2.2,3,2,0,2,1,0,1,0.0,1,1,0,1,1,4,3,0
616,Artem Dovbyk,Girona,8.1,2,1,1,0,1,0,1,0.0,1,4,1,3,0,2,5,0
617,Nikola Dovedan,Heidenheim,2.0,5,3,0,5,0,2,7,28.6,5,4,0,4,0,5,1,0
618,Damion Downs,Köln,0.3,0,0,0,0,0,0,0,0.0,0,0,0,0,0,0,0,0
619,Tommy Doyle,Wolves,1.9,5,2,3,1,1,2,4,50.0,2,3,2,1,2,7,6,0
620,Radu Dragusin,Genoa,12.0,9,6,5,4,0,3,4,75.0,1,10,5,5,14,23,62,3
621,Dion Drena Beljo,Augsburg,3.5,0,0,0,0,0,0,1,0.0,1,2,0,2,0,0,2,0
622,Domingos Duarte,Getafe,6.0,6,3,5,0,1,4,6,66.7,2,3,3,0,4,10,22,0
624,Ruben Duarte,Alavés,9.1,21,13,13,6,2,8,14,57.1,6,8,1,7,10,31,26,0
625,Marvin Ducksch,Werder Bremen,9.4,4,1,4,0,0,2,5,40.0,3,0,0,0,0,4,9,0
626,Ondrej Duda,Hellas Verona,8.8,13,8,3,8,2,4,10,40.0,6,10,2,8,9,22,7,0
627,Denzel Dumfries,Inter,8.7,11,8,4,7,0,3,9,33.3,6,10,4,6,3,14,13,0
628,Alfred Duncan,Fiorentina,7.4,12,7,4,4,4,5,13,38.5,8,9,3,6,3,15,4,0
629,Lewis Dunk,Brighton,11.0,11,5,7,4,0,4,12,33.3,8,13,11,2,9,20,27,0
630,Jhon Duran,Aston Villa,0.8,2,2,1,1,0,0,3,0.0,3,1,0,1,0,2,1,0
631,Hugo Duro,Valencia,11.7,7,4,2,3,2,4,14,28.6,10,11,3,8,0,7,7,0
632,Jean-Kevin Duverne,Nantes,6.2,15,10,7,6,2,6,15,40.0,9,7,4,3,7,22,18,0
633,Paulo Dybala,Roma,6.8,9,5,1,3,5,0,3,0.0,3,5,0,5,2,11,2,0
634,Aron Donnum,Toulouse,5.6,3,2,1,1,1,1,3,33.3,2,4,0,4,3,6,7,0
635,Festy Ebosele,Udinese,8.4,19,11,13,5,1,12,19,63.2,7,17,1,16,5,24,10,0
636,Enzo Ebosse,Udinese,0.1,1,1,1,0,0,0,1,0.0,1,0,0,0,1,2,0,0
637,Tyronne Ebuehi,Empoli,8.1,11,6,8,3,0,5,8,62.5,3,8,3,5,5,16,18,0
638,Ederson,Manchester City,11.0,0,0,0,0,0,0,1,0.0,1,0,0,0,0,0,1,0
639,Ederson,Atalanta,11.2,32,18,13,16,3,17,25,68.0,8,15,2,13,17,49,10,0
640,Odsonne Edouard,Crystal Palace,10.5,14,8,3,4,7,2,11,18.2,9,10,0,10,3,17,11,0
641,John Egan,Sheffield Utd,5.4,6,4,4,2,0,4,11,36.4,7,10,4,6,13,19,39,1
642,Maximilian Eggestein,Freiburg,10.5,17,8,9,6,2,3,12,25.0,9,21,9,12,13,30,14,0
643,Lilian Egloff,Stuttgart,1.2,4,1,3,1,0,2,4,50.0,2,3,1,2,1,5,0,0
644,Hugo Ekitike,Paris S-G,0.1,0,0,0,0,0,0,0,0.0,0,0,0,0,0,0,0,0
645,Emmanuel Ekong,Empoli,0.1,0,0,0,0,0,0,0,0.0,0,0,0,0,0,0,0,0
646,Caleb Ekuban,Genoa,3.4,3,2,1,1,1,2,2,100.0,0,5,1,4,0,3,0,0
647,Anthony Elanga,Nott'ham Forest,7.3,6,3,6,0,0,3,5,60.0,2,8,1,7,3,9,5,0
648,Simon Elisor,Metz,4.9,9,2,3,2,4,2,4,50.0,2,2,0,2,0,9,5,0
650,Harvey Elliott,Liverpool,2.9,2,1,1,1,0,0,4,0.0,4,2,0,2,2,4,3,0
651,Elif Elmas,Napoli,2.3,3,2,0,3,0,2,2,100.0,0,1,0,1,1,4,3,0
652,Mohamed Elneny,Arsenal,0.0,0,0,0,0,0,0,0,0.0,0,0,0,0,1,1,0,0
653,Aritz Elustondo,Real Sociedad,3.0,1,1,1,0,0,0,0,0.0,0,0,0,0,1,2,8,0
654,Nico Elvedi,M'Gladbach,7.3,9,4,5,3,1,4,5,80.0,1,7,5,2,11,20,40,0
655,Adri Embarba,Almería,9.2,21,12,15,3,3,13,20,65.0,7,12,0,12,5,26,3,0
656,Emanuel Emegha,Strasbourg,6.4,2,1,2,0,0,2,4,50.0,2,4,2,2,0,2,7,0
657,Emerson,Tottenham,3.7,10,8,8,2,0,5,14,35.7,9,8,4,4,4,14,20,0
658,Youssef En-Nesyri,Sevilla,7.9,2,1,0,1,1,0,2,0.0,2,2,0,2,1,3,3,0
659,Wataru Endo,Liverpool,2.3,4,3,3,1,0,2,9,22.2,7,3,0,3,1,5,8,0
660,Arne Engels,Augsburg,4.8,8,4,0,6,2,4,8,50.0,4,6,0,6,4,12,4,0
661,Christian Eriksen,Manchester Utd,6.7,10,8,2,6,2,5,17,29.4,12,11,5,6,3,13,5,0
662,Martin Erlic,Sassuolo,11.3,21,11,18,2,1,12,16,75.0,4,16,9,7,11,32,43,1
663,Gonzalo Escalante,Cádiz,7.7,20,11,9,5,6,12,26,46.2,14,6,3,3,12,32,14,1
664,Alfonso Espino,Rayo Vallecano,12.5,33,20,23,10,0,15,41,36.6,26,7,1,6,12,45,33,0
665,Bernardo Espinosa,Girona,0.0,1,1,1,0,0,1,1,100.0,0,0,0,0,0,1,2,0
666,Maxime Esteve,Montpellier,3.9,6,5,5,1,0,4,6,66.7,2,5,4,1,5,11,21,0
667,Oscar Estupinan,Metz,2.8,5,4,0,3,2,1,2,50.0,1,2,0,2,0,5,0,0
668,Pervis Estupinan,Brighton,5.5,7,3,5,2,0,4,9,44.4,5,7,1,6,8,15,7,0
669,Jonny Evans,Manchester Utd,5.0,4,2,4,0,0,4,7,57.1,3,2,2,0,3,7,25,0
670,Eberechi Eze,Crystal Palace,8.3,17,6,1,7,9,8,17,47.1,9,5,1,4,2,19,1,0
671,Abdessamad Ezzalzouli,Barcelona,0.8,1,1,0,0,1,0,1,0.0,1,1,0,1,0,1,0,0
672,Abdessamad Ezzalzouli,Betis,3.1,3,2,1,1,1,1,2,50.0,1,3,0,3,2,5,0,0
673,Giovanni Fabbian,Bologna,0.2,1,1,1,0,0,0,0,0.0,0,0,0,0,0,1,0,0
674,Nicolo Fagioli,Juventus,3.8,4,2,1,2,1,2,5,40.0,3,3,0,3,3,7,0,0
676,Romain Faivre,Lorient,11.1,7,3,4,2,1,3,10,30.0,7,5,1,4,5,12,2,1
677,Radamel Falcao,Rayo Vallecano,0.9,2,1,0,2,0,0,0,0.0,0,0,0,0,0,2,3,0
678,Wladimiro Falcone,Lecce,12.0,0,0,0,0,0,0,0,0.0,0,0,0,0,0,0,5,0
679,Fali,Cádiz,9.9,14,11,10,4,0,8,12,66.7,4,12,7,5,9,23,40,0
680,Davide Faraoni,Hellas Verona,6.7,13,10,5,6,2,7,10,70.0,3,9,5,4,6,19,21,0
681,Ansu Fati,Brighton,3.0,2,1,1,1,0,0,6,0.0,6,3,0,3,0,2,2,0
682,Ansu Fati,Barcelona,0.6,0,0,0,0,0,0,1,0.0,1,0,0,0,0,0,0,0
683,Khalil Fayad,Montpellier,4.2,11,9,9,2,0,5,12,41.7,7,4,0,4,5,16,1,0
684,Federico Fazio,Salernitana,3.9,6,4,5,1,0,3,5,60.0,2,7,5,2,5,11,18,0
685,Jacopo Fazzini,Empoli,5.3,21,11,13,5,3,15,28,53.6,13,11,1,10,6,27,7,0
686,Nabil Fekir,Betis,0.0,0,0,0,0,0,0,0,0.0,0,0,0,0,0,0,0,0
687,Luiz Felipe,Betis,4.0,7,3,5,2,0,4,5,80.0,1,10,4,6,4,11,16,0
688,Joao Felix,Barcelona,7.7,10,9,4,3,3,4,9,44.4,5,7,1,6,6,16,3,0
689,Ohis Felix Uduokhai,Augsburg,9.5,11,5,7,3,1,5,6,83.3,1,9,7,2,16,27,44,1
690,Kiko Femenia,Villarreal,2.2,2,2,0,2,0,0,2,0.0,2,3,2,1,3,5,3,0
691,Evan Ferguson,Brighton,6.5,4,2,1,3,0,1,6,16.7,5,6,1,5,1,5,3,0
692,Lewis Ferguson,Bologna,12.0,20,13,8,11,1,9,17,52.9,8,6,3,3,6,26,8,0
693,Bruno Fernandes,Manchester Utd,12.0,28,14,12,10,6,16,38,42.1,22,13,1,12,7,35,14,1
694,Edimilson Fernandes,Mainz 05,8.7,11,7,8,3,0,6,11,54.5,5,5,1,4,17,28,29,0
695,Aitor Fernandez,Osasuna,3.1,0,0,0,0,0,0,1,0.0,1,0,0,0,0,0,2,1
696,Alex Fernandez,Cádiz,2.4,3,2,3,0,0,3,5,60.0,2,2,0,2,2,5,3,0
697,Alvaro Fernandez,Granada,3.1,11,6,7,4,0,4,7,57.1,3,2,0,2,6,17,6,0
698,Carlos Fernandez,Real Sociedad,4.1,10,6,2,6,2,0,1,0.0,1,4,0,4,0,10,4,0
699,Enzo Fernandez,Chelsea,10.0,18,10,6,7,5,12,28,42.9,16,21,5,16,4,22,8,0
700,Raul Fernandez,Granada,3.0,0,0,0,0,0,0,1,0.0,1,0,0,0,0,0,1,2
702,Valery Fernandez,Girona,2.1,1,1,0,1,0,1,1,100.0,0,2,1,1,0,1,0,0
703,Fernando,Almería,2.0,0,0,0,0,0,0,0,0.0,0,1,0,1,0,0,1,0
704,Fernando,Sevilla,3.1,6,5,1,3,2,3,6,50.0,3,2,0,2,3,9,4,0
705,Andre Ferreira,Granada,10.0,0,0,0,0,0,0,1,0.0,1,0,0,0,0,0,5,0
706,Joao Ferreira,Udinese,4.6,16,13,10,4,2,10,14,71.4,4,8,1,7,3,19,16,0
707,Jordan Ferri,Montpellier,9.7,13,7,8,5,0,9,35,25.7,26,11,0,11,9,22,11,0
708,Nacho Ferri,Eint Frankfurt,0.6,3,3,1,2,0,2,2,100.0,0,0,0,0,0,3,2,0
709,Seydou Fini,Genoa,0.0,0,0,0,0,0,0,0,0.0,0,0,0,0,0,0,0,0
710,Max Finkgrafe,Köln,0.9,2,2,1,1,0,2,6,33.3,4,0,0,0,0,2,2,0
711,John Fleck,Sheffield Utd,0.2,0,0,0,0,0,0,0,0.0,0,0,0,0,0,0,0,0
712,Mark Flekken,Brentford,10.5,0,0,0,0,0,0,1,0.0,1,0,0,0,0,0,3,0
713,Alessandro Florenzi,Milan,5.2,13,8,8,3,2,7,15,46.7,8,6,3,3,6,19,11,1
714,Phil Foden,Manchester City,10.2,12,9,7,3,2,7,12,58.3,5,9,0,9,8,20,5,1
715,Wes Foderingham,Sheffield Utd,12.0,1,1,1,0,0,1,2,50.0,1,0,0,0,0,1,5,2
716,Youssouf Fofana,Monaco,11.7,24,14,5,14,5,12,23,52.2,11,14,2,12,16,40,10,0
717,Jonas Fohrenbach,Heidenheim,9.1,13,9,7,4,2,6,14,42.9,8,11,6,5,7,20,16,0
718,Thomas Foket,Reims,10.0,14,3,9,4,1,10,27,37.0,17,18,6,12,14,28,16,0
719,Michael Folorunsho,Hellas Verona,11.4,18,12,10,6,2,8,25,32.0,17,18,3,15,6,24,16,2
720,Pablo Fornals,West Ham,1.9,5,4,2,1,2,2,8,25.0,6,2,0,2,2,7,2,0
721,Emil Forsberg,RB Leipzig,3.7,4,3,0,4,0,4,10,40.0,6,5,0,5,0,4,4,0
722,Philipp Forster,Bochum,1.8,4,3,2,0,2,2,4,50.0,2,2,0,2,4,8,1,0
723,Lyle Foster,Burnley,6.7,7,1,2,2,3,1,5,20.0,4,7,1,6,1,8,11,0
724,Dimitri Foulquier,Valencia,3.0,5,3,3,1,1,1,1,100.0,0,1,0,1,2,7,10,1
725,Juan Foyth,Villarreal,8.8,22,12,14,8,0,9,22,40.9,13,12,3,9,9,31,29,0
726,Matheus Franca,Crystal Palace,0.4,0,0,0,0,0,0,0,0.0,0,0,0,0,0,0,0,0
728,Bartol Franjic,Darmstadt 98,3.8,1,1,1,0,0,1,10,10.0,9,4,0,4,9,10,13,0
729,Przemyslaw Frankowski,Lens,6.5,13,9,4,5,4,7,16,43.8,9,9,0,9,5,18,8,0
730,Davide Frattesi,Inter,3.2,2,0,1,1,0,0,0,0.0,0,3,0,3,1,3,5,0
731,Jean Frederic N'Guessan,Metz,0.1,1,0,0,1,0,0,1,0.0,1,0,0,0,0,1,0,0
732,Morten Frendrup,Genoa,12.0,49,26,19,24,6,23,30,76.7,7,20,5,15,17,66,12,1
733,Remo Freuler,Bologna,7.2,18,11,9,8,1,7,13,53.8,6,10,2,8,10,28,10,1
734,Marco Friedl,Werder Bremen,8.4,15,8,9,6,0,12,17,70.6,5,17,10,7,10,25,41,0
735,Marvin Friedrich,M'Gladbach,4.2,9,5,7,1,1,6,6,100.0,0,10,7,3,3,12,26,0
736,Jeremie Frimpong,Leverkusen,9.8,10,7,8,1,1,5,10,50.0,5,16,0,16,1,11,5,0
737,Jorge de Frutos,Rayo Vallecano,3.2,1,0,1,0,0,1,4,25.0,3,1,0,1,0,1,3,0
738,Chris Fuhrich,Stuttgart,9.9,4,1,1,2,1,2,6,33.3,4,12,0,12,3,7,2,0
739,Angelo Fulgini,Lens,7.3,8,2,2,4,2,3,8,37.5,5,11,0,11,3,11,3,0
740,Niclas Fullkrug,Werder Bremen,2.0,1,1,0,1,0,1,1,100.0,0,2,1,1,0,1,1,0
741,Niclas Fullkrug,Dortmund,6.7,3,2,0,3,0,1,2,50.0,1,1,1,0,0,3,6,0
742,Matteo Gabbia,Villarreal,5.3,10,6,4,6,0,5,8,62.5,3,5,2,3,8,18,36,1
743,Gianluca Gaetano,Napoli,0.3,0,0,0,0,0,0,1,0.0,1,1,0,1,0,0,1,0
744,Roberto Gagliardini,Monza,11.4,31,16,12,14,5,15,23,65.2,8,12,2,10,12,43,15,0
745,Cody Gakpo,Liverpool,5.1,6,2,2,4,0,2,9,22.2,7,10,1,9,3,9,4,0
746,Javi Galan,Atlético Madrid,1.0,5,4,2,2,1,4,5,80.0,1,1,0,1,1,6,3,0
747,Inigo Ruiz de Galarreta,Athletic Club,9.3,17,11,5,11,1,8,19,42.1,11,6,1,5,4,21,8,0
748,Pablo Galdames Millan,Genoa,0.1,0,0,0,0,0,0,0,0.0,0,0,0,0,0,0,0,0
749,Conor Gallagher,Chelsea,11.5,34,19,15,14,5,13,28,46.4,15,14,2,12,19,53,8,0
750,Antonino Gallo,Lecce,6.4,11,7,6,5,0,9,13,69.2,4,8,1,7,5,16,16,0
751,Cristian Gamboa,Bochum,5.6,7,5,4,3,0,4,14,28.6,10,4,1,3,5,12,15,0
752,Kevin Gameiro,Strasbourg,3.4,2,2,1,1,0,0,5,0.0,5,2,0,2,1,3,0,0
754,Idrissa Gana Gueye,Everton,7.5,21,14,6,10,5,6,12,50.0,6,7,1,6,5,26,8,0
755,Ignatius Ganago,Nantes,1.4,0,0,0,0,0,0,1,0.0,1,1,0,1,1,1,1,0
756,Aleix Garcia,Girona,13.0,20,12,9,10,1,13,25,52.0,12,17,4,13,16,36,25,0
757,Alvaro Garcia,Rayo Vallecano,12.3,16,12,7,6,3,2,18,11.1,16,13,0,13,14,30,14,0
758,Dani Garcia,Athletic Club,4.5,6,2,1,2,3,4,14,28.6,10,7,1,6,3,9,5,0
759,David Garcia,Osasuna,12.0,16,9,11,5,0,9,13,69.2,4,12,5,7,9,25,64,1
760,Eric Garcia,Barcelona,0.6,0,0,0,0,0,0,0,0.0,0,1,1,0,0,0,0,0
761,Eric Garcia,Girona,7.6,8,7,3,4,1,6,8,75.0,2,10,6,4,3,11,21,1
762,Fran Garcia,Real Madrid,6.0,8,5,4,4,0,5,13,38.5,8,5,0,5,10,18,12,1
763,Francisco Jesus Crespo Garcia,Las Palmas,3.8,10,6,3,5,2,6,18,33.3,12,3,0,3,2,12,4,0
764,Raul Garcia,Athletic Club,0.8,1,1,1,0,0,1,4,25.0,3,2,0,2,1,2,0,0
765,Ruben Garcia,Osasuna,4.5,8,6,1,5,2,4,10,40.0,6,8,2,6,3,11,5,0
766,Santiago Garcia,Getafe,0.3,1,0,0,0,1,1,1,100.0,0,0,0,0,0,1,0,0
767,Alejandro Garnacho,Manchester Utd,4.5,4,3,1,2,1,1,7,14.3,6,3,0,3,4,8,3,0
768,James Garner,Everton,10.9,31,16,14,13,4,11,25,44.0,14,14,3,11,8,39,15,0
769,Luca Garritano,Frosinone,3.0,4,2,3,1,0,1,6,16.7,5,7,0,7,1,5,3,0
770,Johan Gastien,Clermont Foot,9.0,14,7,4,8,2,11,27,40.7,16,9,2,7,13,27,7,2
771,Federico Gatti,Juventus,9.1,12,9,8,3,1,7,9,77.8,2,7,6,1,5,17,38,0
772,Federico Gattoni,Sevilla,0.1,1,0,1,0,0,1,1,100.0,0,0,0,0,0,1,1,0
773,Gavi,Barcelona,10.5,39,21,20,14,5,18,36,50.0,18,19,3,16,8,47,16,1
774,Paulo Gazzaniga,Girona,13.0,0,0,0,0,0,0,0,0.0,0,0,0,0,0,0,2,0
775,Gelabert,Toulouse,4.9,5,4,2,3,0,2,7,28.6,5,5,1,4,4,9,5,0
776,Francesco Gelli,Frosinone,3.9,4,2,2,1,1,2,2,100.0,0,4,2,2,4,8,2,0
777,Valentin Gendrey,Lecce,11.0,15,11,8,6,1,10,17,58.8,7,15,3,12,13,28,25,0
778,Denis Genreau,Toulouse,4.8,11,8,5,6,0,8,13,61.5,5,8,1,7,4,15,8,0
780,Yannick Gerhardt,Wolfsburg,5.5,4,3,2,1,1,1,8,12.5,7,6,1,5,3,7,6,0
781,Anwar El Ghazi,Mainz 05,0.6,0,0,0,0,0,0,1,0.0,1,0,0,0,0,0,0,0
782,Saman Ghoddos,Brentford,0.9,3,3,2,0,1,1,1,100.0,0,2,1,1,0,3,1,0
783,Morgan Gibbs-White,Nott'ham Forest,11.3,11,8,1,6,4,6,14,42.9,8,5,2,3,7,18,7,0
784,Samuel Gigot,Marseille,6.7,15,11,7,7,1,7,7,100.0,0,10,8,2,9,24,43,0
785,Bryan Gil,Tottenham,0.2,0,0,0,0,0,0,1,0.0,1,0,0,0,0,0,0,0
786,Billy Gilmour,Brighton,6.9,9,8,5,3,1,4,17,23.5,13,7,2,5,1,10,4,0
787,Benedikt Gimber,Heidenheim,1.9,4,2,1,2,1,1,2,50.0,1,4,3,1,1,5,13,0
788,Gvidas Gineitis,Torino,1.8,3,2,0,3,0,1,2,50.0,1,3,2,1,2,5,6,1
789,Matthias Ginter,Freiburg,10.0,15,8,9,6,0,8,18,44.4,10,18,13,5,9,24,39,0
790,Olivier Giroud,Milan,8.4,5,4,1,3,1,1,3,33.3,2,5,1,4,2,7,5,0
791,Klaus Gjasula,Darmstadt 98,3.5,12,7,5,7,0,0,3,0.0,3,3,2,1,5,17,14,0
792,Serge Gnabry,Bayern Munich,2.5,3,2,0,3,0,2,9,22.2,7,3,0,3,0,3,2,0
793,Ben Godfrey,Everton,0.0,0,0,0,0,0,0,0,0.0,0,1,0,1,0,0,0,0
794,Edoardo Goldaniga,Cagliari,4.5,5,5,2,3,0,1,4,25.0,3,3,3,0,8,13,13,1
795,Pierluigi Gollini,Napoli,1.0,1,1,1,0,0,1,1,100.0,0,0,0,0,0,1,0,0
796,Aleksandr Golovin,Monaco,10.6,15,10,5,8,2,4,15,26.7,11,11,0,11,5,20,5,0
797,Angel Gomes,Lille,9.6,7,4,1,6,0,3,9,33.3,6,8,1,7,7,14,14,0
798,Joao Gomes,Wolves,8.5,25,18,8,13,4,8,24,33.3,16,11,1,10,7,32,7,0
799,Toti Gomes,Wolves,6.5,12,9,9,2,1,5,6,83.3,1,5,5,0,7,19,12,0
800,Joe Gomez,Liverpool,5.6,17,8,9,6,2,11,19,57.9,8,4,1,3,7,24,16,1
801,Maxi Gomez,Cádiz,4.3,1,1,1,0,0,1,1,100.0,0,2,2,0,0,1,0,0
802,Moi Gomez,Osasuna,6.7,12,10,3,6,3,4,9,44.4,5,4,0,4,4,16,3,0
803,Papu Gomez,Monza,0.5,0,0,0,0,0,0,2,0.0,2,0,0,0,1,1,0,0
804,Sergio Gomez,Manchester City,0.2,0,0,0,0,0,0,0,0.0,0,0,0,0,1,1,0,0
806,Unai Gomez,Athletic Club,1.4,2,2,0,1,1,0,1,0.0,1,1,0,1,0,2,2,0
807,Maxime Gonalons,Clermont Foot,8.6,25,16,8,15,2,13,32,40.6,19,11,2,9,13,38,4,0
808,Edgar Gonzalez,Almería,7.9,12,6,5,5,2,6,10,60.0,4,17,11,6,7,19,45,0
809,Giovanni Gonzalez,Mallorca,8.2,19,14,9,10,0,8,18,44.4,10,4,1,3,3,22,11,0
810,Hugo Gonzalez,Valencia,0.5,1,0,0,1,0,0,0,0.0,0,0,0,0,0,1,0,0
811,Joan Gonzalez,Lecce,3.9,4,3,0,2,2,2,4,50.0,2,6,1,5,1,5,1,0
812,Nicolas Gonzalez,Fiorentina,9.0,14,9,7,5,2,3,12,25.0,9,14,1,13,3,17,2,0
813,Urko Gonzalez,Real Sociedad,1.1,3,0,0,2,1,1,1,100.0,0,0,0,0,0,3,3,0
814,Anthony Gordon,Newcastle Utd,9.8,22,12,9,11,2,12,30,40.0,18,12,0,12,1,23,2,0
815,Leon Goretzka,Bayern Munich,7.2,9,5,4,2,3,5,11,45.5,6,9,0,9,9,18,11,0
816,Andoni Gorosabel,Alavés,12.2,14,9,7,6,1,9,25,36.0,16,10,2,8,11,25,15,0
817,Robin Gosens,Union Berlin,8.8,27,16,7,17,3,14,18,77.8,4,21,2,19,16,43,24,0
818,Mario Gotze,Eint Frankfurt,5.6,7,3,4,2,1,5,8,62.5,3,10,0,10,1,8,3,0
819,Amine Gouiri,Rennes,9.4,10,7,2,5,3,4,8,50.0,4,8,0,8,4,14,5,0
820,Jeffrey Gouweleeuw,Augsburg,7.5,6,4,2,4,0,2,3,66.7,1,10,5,5,10,16,41,0
821,Pablo Gozalbez,Valencia,1.1,1,0,0,0,1,1,6,16.7,5,0,0,0,1,2,2,0
822,Jonathan Gradit,Lens,10.5,18,10,10,6,2,10,18,55.6,8,11,5,6,18,36,21,0
823,Jens Grahl,Eint Frankfurt,1.0,0,0,0,0,0,0,0,0.0,0,0,0,0,0,0,1,0
824,Samuel Grandsir,Le Havre,3.5,5,3,1,3,1,1,9,11.1,8,0,0,0,2,7,2,1
825,Alberto Grassi,Empoli,7.5,11,6,5,6,0,2,6,33.3,4,12,7,5,16,27,9,0
826,Ryan Gravenberch,Liverpool,3.0,5,2,1,2,2,2,8,25.0,6,4,0,4,7,12,4,0
827,Ryan Gravenberch,Bayern Munich,0.1,0,0,0,0,0,0,0,0.0,0,0,0,0,0,0,0,0
828,Jack Grealish,Manchester City,3.7,7,5,5,2,0,3,4,75.0,1,5,1,4,4,11,3,0
829,Mason Greenwood,Getafe,6.3,0,0,0,0,0,0,2,0.0,2,1,0,1,1,1,1,0
830,Michael Gregoritsch,Freiburg,2.9,1,1,1,0,0,0,3,0.0,3,4,1,3,0,1,3,0
832,Antoine Griezmann,Atlético Madrid,10.8,13,6,4,7,2,6,17,35.3,11,9,2,7,3,16,6,0
833,Vincenzo Grifo,Freiburg,9.8,13,10,5,6,2,5,11,45.5,6,8,0,8,2,15,7,0
834,Florian Grillitsch,Hoffenheim,6.9,14,11,9,4,1,6,16,37.5,10,8,1,7,9,23,7,1
835,Alex Grimaldo,Leverkusen,10.9,22,9,12,3,7,16,26,61.5,10,13,3,10,8,30,18,0
836,Christian Gross,Werder Bremen,4.2,10,6,6,4,0,4,14,28.6,10,7,2,5,5,15,7,0
837,Pascal Gross,Brighton,9.9,12,6,4,4,4,5,17,29.4,12,14,1,13,5,17,5,0
838,Brajan Gruda,Mainz 05,5.2,4,3,0,2,2,3,7,42.9,4,6,0,6,2,6,2,0
839,Ilia Gruev,Werder Bremen,0.0,0,0,0,0,0,0,0,0.0,0,0,0,0,0,0,0,0
840,Vicente Guaita,Celta Vigo,3.7,0,0,0,0,0,0,0,0.0,0,0,0,0,0,0,0,0
841,Andres Guardado,Betis,2.8,10,7,3,7,0,4,7,57.1,3,2,1,1,3,13,3,0
842,Sergi Guardiola,Cádiz,0.9,2,1,1,0,1,1,2,50.0,1,0,0,0,0,2,1,0
843,Nemanja Gudelj,Sevilla,9.8,12,8,7,4,1,7,13,53.8,6,6,3,3,11,23,35,0
844,Gabriel Gudmundsson,Lille,1.3,2,1,0,2,0,2,4,50.0,2,0,0,0,1,3,2,0
845,Marc Guehi,Crystal Palace,11.0,14,10,11,3,0,6,13,46.2,7,14,12,2,9,23,55,1
846,Matteo Guendouzi,Lazio,6.0,7,4,2,3,2,3,12,25.0,9,2,0,2,4,11,6,1
847,Matteo Guendouzi,Marseille,0.2,0,0,0,0,0,0,0,0.0,0,1,1,0,0,0,0,0
848,Javier Guerra,Valencia,11.4,18,11,8,7,3,7,20,35.0,13,15,2,13,8,26,15,0
849,Raphael Guerreiro,Bayern Munich,0.8,1,1,1,0,0,0,0,0.0,0,0,0,0,0,1,1,0
850,Axel Guessand,Udinese,0.5,1,1,0,1,0,1,1,100.0,0,1,0,1,0,1,0,0
851,Evann Guessand,Nice,3.6,4,1,0,3,1,1,1,100.0,0,3,0,3,0,4,1,0
852,Ander Guevara,Alavés,12.8,29,16,14,12,3,17,33,51.5,16,11,3,8,6,35,19,1
853,Josuha Guilavogui,Mainz 05,0.3,2,1,2,0,0,1,1,100.0,0,3,1,2,1,3,2,0
854,Morgan Guilavogui,Lens,4.2,10,6,1,7,2,1,6,16.7,5,5,1,4,3,13,2,0
855,Frederic Guilbert,Strasbourg,6.0,18,6,8,8,2,8,15,53.3,7,7,1,6,20,38,17,1
856,Hugo Guillamon,Valencia,1.8,5,2,2,2,1,4,5,80.0,1,0,0,0,0,5,6,1
858,Bruno Guimaraes,Newcastle Utd,10.6,19,11,14,3,2,9,22,40.9,13,12,3,9,7,26,6,0
859,Serhou Guirassy,Stuttgart,7.4,0,0,0,0,0,0,1,0.0,1,3,1,2,1,1,9,0
860,Marc Guiu,Barcelona,0.1,1,0,0,1,0,0,0,0.0,0,0,0,0,0,1,0,0
861,Manuel Gulde,Freiburg,4.3,8,6,5,3,0,2,2,100.0,0,4,2,2,7,15,6,0
862,Gerard Gumbau,Granada,10.8,12,8,2,9,1,3,12,25.0,9,11,3,8,5,17,11,1
863,Robert Gumny,Augsburg,4.2,5,4,1,2,2,1,4,25.0,3,12,4,8,5,10,9,0
864,Ilkay Gundogan,Barcelona,12.1,10,6,4,6,0,5,13,38.5,8,7,0,7,9,19,5,0
865,Christian Gunter,Freiburg,1.0,1,0,1,0,0,0,0,0.0,0,2,1,1,0,1,2,0
866,Jon Guridi,Alavés,10.4,12,8,3,8,1,2,16,12.5,14,13,2,11,6,18,4,0
867,Gorka Guruzeta,Athletic Club,9.6,12,10,2,10,0,3,8,37.5,5,9,0,9,10,22,9,0
868,Malo Gusto,Chelsea,6.0,17,7,14,3,0,8,13,61.5,5,7,1,6,3,20,10,0
869,Miguel Gutierrez,Girona,11.7,12,8,5,5,2,5,14,35.7,9,7,2,5,2,14,30,0
870,Albert Gudmundsson,Genoa,11.9,11,5,6,3,2,6,14,42.9,8,7,0,7,9,20,2,0
871,Josko Gvardiol,Manchester City,8.1,13,7,3,8,2,7,11,63.6,4,9,5,4,11,24,14,2
872,Emmanuel Gyasi,Empoli,3.4,4,1,1,2,1,0,1,0.0,1,3,0,3,1,5,2,0
873,Norbert Gyomber,Salernitana,9.5,17,9,14,3,0,10,12,83.3,2,19,14,5,19,36,38,1
874,Erling Haaland,Manchester City,11.4,1,0,0,1,0,1,1,100.0,0,6,0,6,1,2,5,0
875,Nicolas Haas,Empoli,1.0,5,3,1,2,2,3,3,100.0,0,1,0,1,1,6,1,0
876,Janik Haberer,Union Berlin,5.4,13,9,3,7,3,9,16,56.3,7,6,1,5,3,16,2,0
877,Robin Hack,M'Gladbach,1.8,3,1,1,2,0,0,1,0.0,1,1,0,1,2,5,4,0
878,Antwoine Hackford,Sheffield Utd,0.1,0,0,0,0,0,0,0,0.0,0,0,0,0,0,0,0,0
879,Munir El Haddadi,Las Palmas,10.6,13,8,5,5,3,9,19,47.4,10,9,0,9,5,18,6,0
880,Jaouen Hadjam,Nantes,1.0,3,2,2,1,0,0,1,0.0,1,0,0,0,3,6,1,0
881,Ianis Hagi,Alavés,4.4,8,7,0,7,1,3,7,42.9,4,4,0,4,1,9,2,0
882,Amadou Haidara,RB Leipzig,2.7,3,2,1,1,1,0,2,0.0,2,5,0,5,5,8,3,0
884,Massadio Haidara,Lens,3.8,4,3,1,2,1,0,2,0.0,2,4,1,3,5,9,10,1
885,Oualid El Hajjam,Le Havre,1.2,3,3,2,1,0,0,2,0.0,2,2,1,1,2,5,4,0
886,Achraf Hakimi,Paris S-G,9.8,14,8,5,5,4,9,20,45.0,11,16,2,14,10,24,11,1
887,Lewis Hall,Newcastle Utd,0.6,4,4,1,3,0,2,4,50.0,2,1,0,1,1,5,0,0
888,Sebastien Haller,Dortmund,3.7,1,0,0,1,0,1,1,100.0,0,4,1,3,0,1,7,0
889,Gustavo Hamer,Sheffield Utd,10.0,19,10,9,7,3,5,20,25.0,15,13,1,12,6,25,10,0
890,Andreas Hanche-Olsen,Mainz 05,0.7,3,0,2,1,0,1,1,100.0,0,0,0,0,0,3,2,0
891,Ridgeciano Haps,Genoa,4.1,3,3,2,0,1,2,3,66.7,1,1,0,1,5,8,4,1
892,Genki Haraguchi,Stuttgart,0.2,1,1,1,0,0,0,0,0.0,0,0,0,0,0,1,1,0
893,Amine Harit,Marseille,5.9,7,5,3,4,0,5,9,55.6,4,9,3,6,4,11,0,0
894,Luke Harris,Fulham,0.8,1,1,1,0,0,0,1,0.0,1,0,0,0,0,1,0,0
895,Jack Harrison,Everton,4.9,9,3,2,4,3,4,10,40.0,6,3,0,3,2,11,7,0
896,Abdou Harroui,Frosinone,2.8,6,5,1,5,0,2,5,40.0,3,4,0,4,2,8,0,0
897,Makoto Hasebe,Eint Frankfurt,0.3,1,1,1,0,0,1,1,100.0,0,0,0,0,0,1,1,0
898,Hans Hateboer,Atalanta,2.5,2,0,2,0,0,0,0,0.0,0,2,0,2,2,4,3,0
899,Pantelis Hatzidiakos,Cagliari,4.4,11,4,7,4,0,7,10,70.0,3,7,3,4,4,15,12,0
900,Kai Havertz,Arsenal,7.9,16,8,1,11,4,9,13,69.2,4,12,1,11,5,21,4,0
901,Thorgan Hazard,Dortmund,0.1,0,0,0,0,0,0,0,0.0,0,0,0,0,0,0,0,0
902,Jan Paul van Hecke,Brighton,5.3,8,3,7,1,0,5,11,45.5,6,12,10,2,7,15,16,1
903,Hwang Hee-chan,Wolves,8.6,10,5,7,3,0,5,10,50.0,5,9,1,8,4,14,5,0
904,Silvan Hefti,Genoa,1.1,6,1,2,3,1,4,7,57.1,3,2,0,2,0,6,1,0
905,Dominique Heintz,Köln,2.1,3,0,2,1,0,2,3,66.7,1,4,0,4,1,4,5,0
906,Liam Henderson,Empoli,0.1,0,0,0,0,0,0,0,0.0,0,0,0,0,0,0,0,0
907,Benjamin Henrichs,RB Leipzig,8.9,17,10,7,8,2,5,18,27.8,13,16,1,15,11,28,6,0
908,Henrique,Lyon,1.1,1,1,0,1,0,1,1,100.0,0,0,0,0,2,3,0,0
910,Luiz Henrique,Betis,2.6,4,4,2,2,0,3,5,60.0,2,5,0,5,1,5,4,0
911,Matheus Henrique,Sassuolo,6.9,13,9,6,7,0,8,16,50.0,8,4,1,3,6,19,7,2
912,Rico Henry,Brentford,4.5,7,5,3,3,1,6,7,85.7,1,8,3,5,5,12,5,1
913,Thomas Henry,Hellas Verona,0.3,0,0,0,0,0,0,0,0.0,0,0,0,0,0,0,0,0
914,Christophe Herelle,Metz,6.2,5,3,4,1,0,3,7,42.9,4,7,3,4,4,9,20,0
915,Mario Hermoso,Atlético Madrid,11.6,16,8,8,7,1,7,14,50.0,7,14,5,9,15,31,43,0
916,Javi Hernandez,Cádiz,11.7,10,8,6,2,2,7,15,46.7,8,14,6,8,5,15,34,0
917,Aridane Hernandez,Rayo Vallecano,8.8,7,5,3,3,1,4,7,57.1,3,6,4,2,3,10,49,1
918,Lucas Hernandez,Paris S-G,8.5,27,16,13,9,5,16,25,64.0,9,5,1,4,13,40,14,0
919,Luis Hernandez,Cádiz,6.0,4,3,2,2,0,2,6,33.3,4,2,1,1,5,9,21,0
920,Theo Hernandez,Milan,8.9,5,3,4,1,0,2,5,40.0,3,6,3,3,7,12,10,0
921,Yarek Hernandis,Valencia,0.4,0.0,0,0.0,0.0,0.0,0.0,0.0,0.0,0.0,0.0,0.0,0.0,0,0.0,0.0,0.0
922,Jorge Herrando,Osasuna,2.0,2,1,2,0,0,0,0,0.0,0,2,1,1,1,3,11,0
923,Ander Herrera,Athletic Club,3.2,16,14,4,11,1,6,13,46.2,7,6,1,5,7,23,5,0
924,Cristian Herrera,Las Palmas,1.0,1,1,0,1,0,1,2,50.0,1,1,0,1,0,1,2,0
925,Sergio Herrera,Osasuna,9.9,0,0,0,0,0,0,1,0.0,1,0,0,0,0,0,7,0
926,Yangel Herrera,Girona,11.1,24,12,6,13,5,9,22,40.9,13,13,4,9,11,35,27,0
927,Patrick Herrmann,M'Gladbach,0.2,0,0,0,0,0,0,0,0.0,0,0,0,0,1,1,0,0
928,Son Heung-min,Tottenham,10.8,4,3,1,2,1,2,7,28.6,5,0,0,0,3,7,4,0
929,Aaron Hickey,Brentford,7.9,16,9,9,3,4,7,7,100.0,0,7,3,4,3,19,10,0
930,Isak Hien,Hellas Verona,5.6,10,6,5,5,0,5,9,55.6,4,7,2,5,3,13,18,0
931,James Hill,Bournemouth,0.2,0,0,0,0,0,0,0,0.0,0,0,0,0,0,0,0,0
932,Piero Hincapie,Leverkusen,1.3,0,0,0,0,0,0,0,0.0,0,0,0,0,1,1,4,0
933,Jack Hinshelwood,Brighton,0.9,0,0,0,0,0,0,3,0.0,3,1,0,1,3,3,0,0
934,Adam Hlozek,Leverkusen,0.6,2,1,1,1,0,1,1,100.0,0,0,0,0,1,3,0,0
936,Nicolas Hofler,Freiburg,6.9,12,9,9,3,0,6,17,35.3,11,9,4,5,11,23,17,0
937,Jonas Hofmann,Leverkusen,10.5,8,6,1,5,2,4,11,36.4,7,5,0,5,4,12,3,0
938,Philipp Hofmann,Bochum,6.5,7,2,1,5,1,3,3,100.0,0,3,0,3,1,8,8,0
939,Lucas Holer,Freiburg,9.6,15,9,7,5,3,2,8,25.0,6,6,1,5,4,19,13,0
940,Fabian Holland,Darmstadt 98,8.0,18,12,8,8,2,11,19,57.9,8,12,6,6,13,31,13,0
941,Benedict Hollerbach,Union Berlin,1.6,3,2,1,1,1,3,7,42.9,4,7,0,7,1,4,0,0
942,Emil Holm,Atalanta,1.5,6,5,2,3,1,2,5,40.0,3,3,0,3,3,9,3,0
943,Martin Hongla,Hellas Verona,8.7,18,9,7,9,2,5,8,62.5,3,7,3,4,4,22,15,0
944,Franck Honorat,M'Gladbach,9.2,8,5,4,4,0,4,6,66.7,2,10,1,9,2,10,4,0
945,Mathias Honsak,Darmstadt 98,3.7,3,3,1,1,1,2,5,40.0,3,5,0,5,3,6,4,0
946,Sydney van Hooijdonk,Bologna,0.5,2,0,0,2,0,1,1,100.0,0,0,0,0,0,2,2,0
947,Fraser Hornby,Darmstadt 98,2.4,0,0,0,0,0,0,1,0.0,1,2,1,1,0,0,4,0
948,Lukas Hradecky,Leverkusen,11.0,0,0,0,0,0,0,0,0.0,0,0,0,0,0,0,3,2
949,Timo Hubers,Köln,10.9,25,19,20,4,1,19,35,54.3,16,23,12,11,27,52,60,0
950,Callum Hudson-Odoi,Nott'ham Forest,2.5,2,1,0,1,1,0,3,0.0,3,3,0,3,0,2,2,0
951,Will Hughes,Crystal Palace,7.5,19,9,8,6,5,7,15,46.7,8,14,5,9,5,24,15,0
952,Dean Huijsen,Juventus,0.1,0,0,0,0,0,0,0,0.0,0,0,0,0,0,0,1,0
953,Mats Hummels,Dortmund,8.4,21,17,10,7,4,12,22,54.5,10,8,2,6,20,41,31,0
954,Denis Huseinbasic,Köln,3.6,7,3,3,2,2,3,4,75.0,1,7,0,7,4,11,3,0
955,Elseid Hysaj,Lazio,4.2,10,6,5,4,1,7,11,63.6,4,8,2,6,3,13,16,0
956,Pierre Hojbjerg,Tottenham,4.2,5,1,3,1,1,1,10,10.0,9,9,4,5,5,10,11,0
957,Rasmus Hojlund,Manchester Utd,7.2,2,1,0,0,2,1,2,50.0,1,0,0,0,0,2,8,0
958,Iago,Augsburg,3.9,10,5,6,3,1,6,11,54.5,5,6,1,5,3,13,10,0
959,Pablo Ibanez,Osasuna,3.5,2,0,0,1,1,0,4,0.0,4,6,1,5,2,4,3,0
960,Arijon Ibrahimovic,Frosinone,1.5,4,4,2,1,1,1,2,50.0,1,2,0,2,0,4,1,0
962,Iglesias,Getafe,6.3,14,8,8,4,2,7,9,77.8,2,4,2,2,7,21,19,0
963,Borja Iglesias,Betis,2.9,0,0,0,0,0,0,2,0.0,2,0,0,0,2,2,1,0
964,Igor,Brighton,3.7,4,4,1,3,0,1,2,50.0,1,2,1,1,3,7,10,0
965,Jonathan Ikone,Fiorentina,3.2,8,4,4,0,4,2,5,40.0,3,2,0,2,1,9,3,0
966,Chukwubuikem Ikwuemesi,Salernitana,2.9,0,0,0,0,0,0,0,0.0,0,1,1,0,0,0,3,0
967,Ivan Ilic,Torino,6.7,10,6,2,6,2,5,9,55.6,4,6,3,3,5,15,9,0
968,Samuel Iling-Junior,Juventus,1.3,5,4,4,1,0,3,6,50.0,3,4,1,3,1,6,1,0
969,Imanol,Athletic Club,2.9,3,3,0,3,0,2,7,28.6,5,4,0,4,5,8,6,0
970,Ciro Immobile,Lazio,7.4,3,3,1,1,1,1,6,16.7,5,0,0,0,2,5,2,0
971,Gino Infantino,Fiorentina,0.9,1,1,0,1,0,0,1,0.0,1,3,0,3,1,2,1,0
972,Danny Ings,West Ham,0.8,0,0,0,0,0,0,1,0.0,1,2,1,1,0,0,4,0
973,Bonke Innocent,Lorient,0.1,1,1,0,1,0,1,1,100.0,0,0,0,0,0,1,0,0
974,Alexander Isak,Newcastle Utd,5.5,1,0,0,1,0,1,4,25.0,3,2,0,2,0,1,1,0
975,Gustav Isaksen,Lazio,2.1,1,1,0,1,0,0,0,0.0,0,2,1,1,0,1,1,0
976,Isco,Betis,11.8,13,10,3,10,0,5,18,27.8,13,9,0,9,5,18,1,0
977,Thomas Isherwood,Darmstadt 98,1.1,2,0,1,1,0,1,1,100.0,0,2,2,0,2,4,6,0
978,Ismaily,Lille,10.9,23,16,10,9,4,9,17,52.9,8,11,3,8,12,35,30,0
979,Ardian Ismajli,Empoli,6.2,6,4,4,2,0,3,3,100.0,0,14,9,5,8,14,34,1
980,Ko Itakura,M'Gladbach,6.8,12,7,6,6,0,6,11,54.5,5,15,7,8,12,24,22,0
981,Hiroki Ito,Stuttgart,9.9,4,4,3,1,0,3,7,42.9,4,9,3,6,13,17,28,0
982,Junya Ito,Reims,11.9,15,8,6,6,3,5,19,26.3,14,11,1,10,7,22,5,0
983,Alex Iwobi,Everton,1.6,2,0,1,0,1,2,3,66.7,1,2,0,2,1,3,0,0
984,Alex Iwobi,Fulham,5.1,8,4,4,4,0,2,6,33.3,4,2,0,2,5,13,1,0
985,Armando Izzo,Monza,4.5,11,7,6,5,0,4,10,40.0,6,5,3,2,5,16,7,1
986,Nicolas Jackson,Chelsea,9.4,5,5,0,2,3,0,5,0.0,5,7,2,5,2,7,7,0
988,Lee Jae-sung,Mainz 05,9.0,9,5,2,6,1,5,20,25.0,15,10,0,10,11,20,10,0
989,Paul Jaeckel,Union Berlin,1.3,4,1,2,2,0,3,4,75.0,1,1,1,0,3,7,3,0
990,Filip Jagiello,Genoa,0.4,0,0,0,0,0,0,1,0.0,1,1,1,0,1,1,0,0
991,Kristijan Jakic,Eint Frankfurt,1.7,1,1,0,1,0,0,2,0.0,2,1,0,1,0,1,1,0
992,Ismail Jakobs,Monaco,5.9,22,17,10,9,3,13,18,72.2,5,7,1,6,6,28,13,0
993,Ablie Jallow,Metz,4.4,0,0,0,0,0,0,1,0.0,1,1,0,1,4,4,0,0
994,Reece James,Chelsea,2.7,9,5,7,1,1,6,8,75.0,2,1,1,0,1,10,4,0
995,Vitaly Janelt,Brentford,10.3,16,10,7,6,3,9,24,37.5,15,11,1,10,6,22,15,0
996,Jakub Jankto,Cagliari,4.5,6,4,5,1,0,4,7,57.1,3,2,0,2,4,10,13,0
997,Tony Jantschke,M'Gladbach,0.2,1,1,1,0,0,1,1,100.0,0,2,2,0,0,1,2,0
998,Adnan Januzaj,Sevilla,0.3,0,0,0,0,0,0,1,0.0,1,0,0,0,0,0,0,0
999,Luis Javier Suarez,Almería,7.7,5,4,2,3,0,1,4,25.0,3,9,0,9,0,5,8,0
1000,Danley Jean-Jacques,Metz,10.2,17,10,8,8,1,8,17,47.1,9,18,2,16,16,33,11,0
1001,Jefferson,Lyon,3.1,10,4,2,5,3,4,10,40.0,6,1,0,1,0,10,0,0
1002,Fredrik Jensen,Augsburg,4.2,7,1,0,2,5,2,8,25.0,6,6,1,5,1,8,5,0
1003,Mathias Jensen,Brentford,10.1,24,13,13,10,1,12,36,33.3,24,17,2,15,8,32,11,1
1004,Moritz Jenz,Wolfsburg,4.0,7,4,3,3,1,3,5,60.0,2,5,2,3,8,15,21,0
1005,Gabriel Jesus,Arsenal,4.0,10,7,5,2,3,2,6,33.3,4,8,0,8,4,14,2,0
1006,Juan Jesus,Napoli,4.0,10,5,8,1,1,6,7,85.7,1,3,2,1,4,14,9,0
1007,Raul Jimenez,Fulham,7.6,7,7,1,4,2,2,9,22.2,7,5,2,3,0,7,7,0
1008,Joao Pedro,Brighton,6.5,9,5,3,4,2,2,7,28.6,5,2,0,2,3,12,9,0
1009,Joelinton,Newcastle Utd,7.1,14,11,6,7,1,3,11,27.3,8,8,2,6,9,23,7,0
1010,Ryan John Giles,Luton Town,3.2,3,3,1,1,1,1,4,25.0,3,1,0,1,1,4,8,0
1011,Brennan Johnson,Tottenham,2.4,3,3,2,1,0,2,4,50.0,2,0,0,0,2,5,1,0
1012,Brennan Johnson,Nott'ham Forest,2.6,4,1,1,1,2,2,4,50.0,2,4,1,3,0,4,0,0
1014,Sam Johnstone,Crystal Palace,12.0,0,0,0,0,0,0,0,0.0,0,0,0,0,0,0,3,0
1015,Curtis Jones,Liverpool,3.1,8,4,4,2,2,3,7,42.9,4,4,0,4,2,10,3,0
1016,Frenkie de Jong,Barcelona,5.4,5,4,3,2,0,2,5,40.0,3,2,2,0,2,7,7,0
1017,Joan Jordan,Sevilla,2.8,5,4,2,3,0,5,11,45.5,6,2,2,0,3,8,2,0
1018,Kaio Jorge,Frosinone,0.3,0,0,0,0,0,0,0,0.0,0,0,0,0,0,0,0,0
1019,Jorginho,Arsenal,4.3,11,3,4,3,4,6,12,50.0,6,8,1,7,2,13,1,1
1020,Willian Jose,Betis,6.4,5,2,1,2,2,0,2,0.0,2,3,1,2,0,5,7,0
1021,Joselu,Real Madrid,7.3,3,1,1,1,1,0,1,0.0,1,2,0,2,3,6,5,0
1022,Diogo Jota,Liverpool,6.5,8,5,2,5,1,4,12,33.3,8,3,1,2,3,11,4,0
1023,Antoine Joujou,Le Havre,2.3,4,2,1,2,1,2,4,50.0,2,1,0,1,0,4,1,0
1024,Luka Jovic,Milan,2.5,0,0,0,0,0,0,0,0.0,0,0,0,0,0,0,4,0
1025,Juanpe,Girona,1.3,1,1,1,0,0,1,1,100.0,0,3,3,0,0,1,15,0
1026,Mads Juel Andersen,Luton Town,4.1,5,5,3,2,0,4,4,100.0,0,7,5,2,8,13,24,0
1027,Christopher Jullien,Montpellier,2.8,3,3,2,1,0,2,4,50.0,2,3,1,2,2,5,14,0
1028,Anthony Jung,Werder Bremen,8.4,10,5,7,2,1,4,8,50.0,4,10,4,6,5,15,33,0
1029,Eli Junior Kroupi,Lorient,6.1,3,2,1,1,1,0,6,0.0,6,2,0,2,4,7,3,0
1030,Hamed Junior Traore,Bournemouth,0.5,1,0,1,0,0,1,3,33.3,2,3,0,3,0,1,0,0
1031,Vinicius Junior,Real Madrid,7.8,6,4,3,0,3,0,5,0.0,5,2,0,2,0,6,2,1
1032,Josip Juranovic,Union Berlin,3.5,3,1,2,1,0,0,3,0.0,3,3,0,3,0,3,5,0
1033,Julian Justvan,Hoffenheim,0.5,1,0,1,0,0,1,2,50.0,1,1,0,1,0,1,0,0
1034,Filip Jorgensen,Villarreal,13.0,1,0,1,0,0,1,2,50.0,1,0,0,0,0,1,3,2
1035,Mathias Jorgensen,Brentford,0.1,0,0,0,0,0,0,0,0.0,0,1,1,0,0,0,0,0
1036,Mohamed Kaba,Lecce,7.1,15,8,5,6,4,8,18,44.4,10,12,1,11,6,21,8,0
1037,Sory Kaba,Las Palmas,5.8,1,0,0,1,0,0,3,0.0,3,3,0,3,0,1,8,0
1038,Ozan Kabak,Hoffenheim,7.4,12,10,6,5,1,6,9,66.7,3,10,4,6,10,22,32,0
1040,Christian Kabasele,Udinese,6.4,6,4,2,3,1,1,8,12.5,7,11,5,6,7,13,20,0
1041,Issa Kabore,Luton Town,8.6,23,11,14,6,3,11,17,64.7,6,8,3,5,10,33,19,1
1042,Abdoul Kader Bamba,Nantes,3.1,8,6,2,4,2,4,5,80.0,1,3,0,3,2,10,2,0
1043,Pavel Kaderabek,Hoffenheim,6.6,6,6,2,3,1,4,9,44.4,5,8,3,5,7,13,13,0
1044,Tino Kadewere,Lyon,1.7,1,1,0,1,0,1,3,33.3,2,0,0,0,2,3,5,0
1045,Kaiky,Almería,4.7,6,4,5,0,1,3,6,50.0,3,6,5,1,3,9,21,1
1046,Florian Kainz,Köln,9.8,17,13,6,5,6,11,18,61.1,7,11,5,6,5,22,8,0
1047,Sasa Kalajdzic,Wolves,1.5,6,2,3,2,1,1,2,50.0,1,2,0,2,1,7,6,0
1048,Arnaud Kalimuendo,Rennes,6.9,3,2,1,1,1,2,4,50.0,2,1,1,0,2,5,1,0
1049,Gedeon Kalulu,Lorient,6.3,14,10,9,5,0,7,14,50.0,7,6,2,4,3,17,17,0
1050,Pierre Kalulu,Milan,1.2,4,0,2,2,0,0,1,0.0,1,3,2,1,1,5,6,1
1051,Daichi Kamada,Lazio,4.1,11,7,9,1,1,7,15,46.7,8,5,2,3,2,13,2,0
1052,Waren Kamanzi,Toulouse,1.0,5,4,3,1,1,2,4,50.0,2,2,1,1,2,7,4,0
1053,Boubacar Kamara,Aston Villa,11.2,27,19,13,12,2,16,31,51.6,15,9,3,6,10,37,10,0
1054,Hassane Kamara,Udinese,7.5,16,11,9,4,3,8,12,66.7,4,6,1,5,9,25,19,0
1055,Jakub Kaminski,Wolfsburg,1.7,2,2,2,0,0,1,3,33.3,2,2,0,2,0,2,2,0
1056,Thomas Kaminski,Luton Town,12.0,0,0,0,0,0,0,0,0.0,0,0,0,0,0,0,7,1
1057,Kevin Kampl,RB Leipzig,8.2,13,7,5,6,2,6,11,54.5,5,11,5,6,7,20,6,1
1058,Harry Kane,Bayern Munich,10.6,5,3,3,1,1,3,8,37.5,5,3,1,2,4,9,8,0
1059,Lee Kang-in,Paris S-G,4.8,15,8,4,4,7,10,17,58.8,7,3,0,3,2,17,0,0
1060,Yann Karamoh,Torino,1.3,1,0,0,0,1,0,0,0.0,0,0,0,0,0,1,1,0
1061,Atakan Karazor,Stuttgart,10.2,28,18,10,14,4,15,21,71.4,6,10,3,7,8,36,12,0
1062,Ayman Kari,Lorient,0.2,1,1,1,0,0,1,2,50.0,1,0,0,0,0,1,0,0
1063,Emir Karic,Darmstadt 98,4.0,12,8,6,3,3,6,9,66.7,3,8,0,8,2,14,9,0
1064,Jesper Karlsson,Bologna,3.5,3,3,2,1,0,2,8,25.0,6,4,0,4,3,6,1,0
1066,Jon Karrikaburu,Alavés,0.2,0,0,0,0,0,0,0,0.0,0,0,0,0,0,0,0,0
1067,Rick Karsdorp,Roma,4.9,10,9,3,3,4,6,12,50.0,6,5,2,3,2,12,4,0
1068,Grigoris Kastanos,Salernitana,7.4,10,7,4,2,4,6,11,54.5,5,5,2,3,7,17,4,0
1069,Silas Katompa,Stuttgart,6.3,3,2,2,1,0,2,6,33.3,4,5,0,5,0,3,2,0
1070,Mikkel Kaufmann,Union Berlin,0.6,0,0,0,0,0,0,0,0.0,0,0,0,0,0,0,0,0
1071,Michael Kayode,Fiorentina,5.2,16,10,11,2,3,9,11,81.8,2,6,3,3,6,22,14,0
1072,Moise Kean,Juventus,4.9,3,2,0,2,1,1,1,100.0,0,2,1,1,1,4,4,0
1073,Michael Keane,Everton,2.5,4,2,3,0,1,0,2,0.0,2,2,2,0,4,8,7,1
1074,Ibrahima Kebe,Girona,0.0,1,1,0,1,0,0,0,0.0,0,1,0,1,0,1,0,0
1075,Kevin Keben Biakolo,Toulouse,1.4,1,1,1,0,0,1,2,50.0,1,2,0,2,2,3,7,0
1076,Yassine Kechta,Le Havre,5.1,20,7,9,10,1,10,23,43.5,13,6,2,4,10,30,0,0
1077,Thilo Kehrer,West Ham,0.2,0,0,0,0,0,0,0,0.0,0,2,2,0,0,0,0,0
1078,Habib Keita,Clermont Foot,1.8,7,7,1,4,2,3,5,60.0,2,8,2,6,1,8,4,0
1079,Naby Keita,Werder Bremen,0.9,0,0,0,0,0,0,1,0.0,1,1,0,1,1,1,0,0
1080,Yannik Keitel,Freiburg,1.4,7,5,3,3,1,3,4,75.0,1,3,0,3,4,11,4,1
1081,Thomas Keller,Heidenheim,0.0,0,0,0,0,0,0,0,0.0,0,0,0,0,0,0,0,0
1082,Lloyd Kelly,Bournemouth,7.1,10,8,4,4,2,7,14,50.0,7,9,7,2,5,15,20,0
1083,Aljoscha Kemlein,Union Berlin,0.3,0,0,0,0,0,0,3,0.0,3,1,0,1,0,0,0,0
1084,Tobias Kempe,Darmstadt 98,5.6,6,6,4,2,0,4,7,57.1,3,4,1,3,3,9,4,0
1085,Milos Kerkez,Bournemouth,9.5,26,11,16,8,2,16,23,69.6,7,11,2,9,9,35,31,1
1086,Reda Khadra,Reims,1.4,1,0,0,0,1,1,2,50.0,1,1,0,1,2,3,2,0
1087,Wahbi Khazri,Montpellier,5.6,10,7,5,5,0,8,16,50.0,8,4,0,4,0,10,4,0
1088,Rani Khedira,Union Berlin,1.3,3,2,0,3,0,1,2,50.0,1,0,0,0,0,3,3,0
1089,Kike,Alavés,7.4,1,1,0,1,0,1,4,25.0,3,9,3,6,0,1,7,0
1090,Luca Kilian,Köln,0.8,4,1,4,0,0,2,3,66.7,1,1,1,0,1,5,4,0
1092,Max Kilman,Wolves,12.0,17,9,14,2,1,9,13,69.2,4,22,9,13,15,32,56,0
1093,Joshua Kimmich,Bayern Munich,7.5,17,11,5,9,3,9,15,60.0,6,7,1,6,8,25,4,0
1094,Jakub Kiwior,Arsenal,2.0,2,2,1,1,0,2,2,100.0,0,3,1,2,0,2,7,0
1095,Simon Kjaer,Milan,3.3,10,5,4,4,2,7,8,87.5,1,5,2,3,3,13,14,0
1096,Davy Klaassen,Inter,0.8,2,1,0,2,0,0,0,0.0,0,0,0,0,0,2,0,0
1097,Christoph Klarer,Darmstadt 98,10.0,20,12,15,2,3,11,20,55.0,9,12,5,7,7,27,30,1
1098,Tim Kleindienst,Heidenheim,10.5,4,3,1,2,1,3,8,37.5,5,9,4,5,4,8,17,0
1099,Lukas Klostermann,RB Leipzig,4.7,4,4,3,1,0,2,5,40.0,3,6,2,4,3,7,20,0
1100,Justin Kluivert,Bournemouth,4.6,5,2,1,4,0,2,7,28.6,5,3,0,3,4,9,1,0
1101,Ansgar Knauff,Eint Frankfurt,4.6,10,7,5,5,0,1,7,14.3,6,12,2,10,3,13,3,0
1102,Robin Knoche,Union Berlin,7.6,17,10,13,4,0,11,18,61.1,7,8,4,4,5,22,16,0
1103,Gregor Kobel,Dortmund,10.3,0,0,0,0,0,0,0,0.0,0,0,0,0,0,0,7,0
1104,Robin Koch,Eint Frankfurt,10.0,14,9,10,4,0,9,11,81.8,2,11,9,2,10,24,57,0
1105,Philipp Kohn,Monaco,12.0,0,0,0,0,0,0,0,0.0,0,0,0,0,1,1,2,1
1106,Dominik Kohr,Mainz 05,8.3,25,17,14,9,2,11,22,50.0,11,9,1,8,18,43,18,0
1107,Koke,Atlético Madrid,6.9,15,12,9,6,0,9,21,42.9,12,7,4,3,6,21,8,0
1108,Sead Kolasinac,Atalanta,9.9,16,10,11,5,0,11,18,61.1,7,6,1,5,14,30,16,0
1109,Luca Koleosho,Burnley,8.7,6,4,1,5,0,1,7,14.3,6,9,0,9,2,8,0,0
1110,Randal Kolo Muani,Paris S-G,3.9,3,3,2,1,0,1,3,33.3,2,1,0,1,1,4,5,0
1111,Randal Kolo Muani,Eint Frankfurt,1.7,0,0,0,0,0,0,0,0.0,0,0,0,0,0,0,1,0
1112,Cheick Konate,Clermont Foot,6.1,18,12,13,5,0,15,23,65.2,8,9,1,8,7,25,7,0
1113,Ibrahima Konate,Liverpool,5.2,7,4,4,3,0,2,5,40.0,3,8,5,3,3,10,21,0
1114,Geoffrey Kondogbia,Marseille,4.2,14,8,9,4,1,3,5,60.0,2,9,1,8,5,19,9,0
1115,Amadou Kone,Reims,0.2,1,1,1,0,0,0,0,0.0,0,0,0,0,0,1,2,0
1116,Ibrahima Kone,Almería,2.9,1,0,1,0,0,1,1,100.0,0,1,0,1,0,1,4,0
1118,Ibrahima Kone,Lorient,0.4,0,0,0,0,0,0,1,0.0,1,0,0,0,0,0,0,0
1119,Kouadio Kone,M'Gladbach,2.8,8,5,3,3,2,3,6,50.0,3,3,0,3,1,9,2,0
1120,Ezri Konsa,Aston Villa,12.0,17,12,6,9,2,6,7,85.7,1,17,10,7,11,28,33,1
1121,Teun Koopmeiners,Atalanta,9.9,11,7,5,5,1,6,21,28.6,15,8,1,7,2,13,11,0
1122,Odilon Kossonou,Leverkusen,9.4,9,8,3,5,1,3,5,60.0,2,17,1,16,18,27,18,0
1123,Filip Kostic,Juventus,6.5,16,12,9,4,3,9,17,52.9,8,10,4,6,0,16,10,0
1124,Christian Kouame,Fiorentina,3.9,5,1,3,2,0,2,3,66.7,1,6,0,6,0,5,3,0
1125,Rominigue Kouame,Cádiz,4.0,4,2,3,1,0,2,5,40.0,3,4,2,2,7,11,1,0
1126,Koffi Kouao,Metz,6.4,9,7,5,3,1,4,9,44.4,5,4,2,2,11,20,22,0
1127,Therence Koudou,Reims,0.1,0,0,0,0,0,0,0,0.0,0,0,0,0,0,0,1,0
1128,Jules Kounde,Barcelona,9.4,8,5,5,1,2,5,7,71.4,2,7,4,3,5,13,38,3
1129,Boubakar Kouyate,Montpellier,10.0,21,15,14,5,2,11,23,47.8,12,11,5,6,13,34,53,1
1130,Cheikhou Kouyate,Nott'ham Forest,0.8,3,2,2,1,0,1,2,50.0,1,2,1,1,1,4,9,0
1131,Mateo Kovacic,Manchester City,6.3,14,10,8,4,2,9,10,90.0,1,6,0,6,2,16,4,0
1132,Viktor Kovalenko,Empoli,0.7,1,0,0,1,0,0,0,0.0,0,2,0,2,0,1,0,0
1133,Dawid Kownacki,Werder Bremen,2.3,0,0,0,0,0,0,2,0.0,2,1,1,0,0,0,1,0
1134,Emil Krafth,Newcastle Utd,0.0,0,0,0,0,0,0,0,0.0,0,0,0,0,0,0,0,0
1135,Alex Kral,Union Berlin,7.8,11,7,2,7,2,4,11,36.4,7,8,2,6,2,13,13,0
1136,Andrej Kramaric,Hoffenheim,6.1,1,0,0,0,1,0,1,0.0,1,1,0,1,0,1,2,0
1137,Christoph Kramer,M'Gladbach,0.8,1,1,1,0,0,0,5,0.0,5,1,1,0,1,2,3,0
1138,Frans Kratzig,Bayern Munich,0.6,2,0,2,0,0,1,2,50.0,1,0,0,0,0,2,0,0
1139,Tom Krauss,Mainz 05,4.6,13,8,5,6,2,5,11,45.5,6,7,1,6,6,19,7,0
1140,Thomas Kristensen,Udinese,4.0,5,4,4,1,0,1,4,25.0,3,3,2,1,5,10,17,0
1141,Toni Kroos,Real Madrid,7.9,20,10,8,7,5,15,25,60.0,10,9,2,7,7,27,4,1
1142,Nikola Krstovic,Lecce,8.8,6,1,3,3,0,3,4,75.0,1,4,2,2,1,7,10,0
1144,Rade Krunic,Milan,7.6,10,8,3,6,1,4,9,44.4,5,7,3,4,11,21,13,0
1145,Lukas Kubler,Freiburg,8.4,19,9,14,4,1,10,16,62.5,6,14,8,6,12,31,17,0
1146,Takefusa Kubo,Real Sociedad,9.8,10,6,3,4,3,5,11,45.5,6,10,1,9,7,17,2,1
1147,Dejan Kulusevski,Tottenham,11.6,16,8,6,6,4,3,26,11.5,23,8,1,7,6,22,1,0
1148,Sael Kumbedi,Lyon,7.9,23,15,13,8,2,8,20,40.0,12,10,1,9,11,34,15,1
1149,Layvin Kurzawa,Paris S-G,0.1,0,0,0,0,0,0,0,0.0,0,0,0,0,0,0,0,0
1150,Berkan Kutlu,Genoa,1.9,5,3,5,0,0,3,6,50.0,3,3,0,3,4,9,5,0
1151,Daler Kuzyaev,Le Havre,11.0,20,11,6,10,4,9,25,36.0,16,9,2,7,10,30,8,0
1152,Khvicha Kvaratskhelia,Napoli,8.4,9,5,3,3,3,5,15,33.3,10,4,0,4,9,18,5,0
1153,Giorgi Kvernadze,Frosinone,0.4,1,0,0,0,1,1,1,100.0,0,1,0,1,1,2,0,0
1154,Moritz-Broni Kwarteng,Bochum,1.3,0,0,0,0,0,0,1,0.0,1,0,0,0,1,1,0,0
1155,Grejohn Kyei,Clermont Foot,3.7,4,2,0,2,2,1,1,100.0,0,0,0,0,0,4,2,0
1156,Giorgos Kyriakopoulos,Monza,8.2,8,5,6,2,0,3,8,37.5,5,5,0,5,4,12,10,0
1157,Luca de la Torre,Celta Vigo,8.6,8,3,3,3,2,4,10,40.0,6,9,2,7,4,12,5,0
1158,Gaetan Laborde,Nice,9.6,7,6,5,1,1,6,14,42.9,8,10,1,9,4,11,3,1
1159,Alexandre Lacazette,Lyon,7.2,6,5,1,3,2,1,4,25.0,3,6,2,4,1,7,2,0
1160,Maxence Lacroix,Wolfsburg,10.0,15,9,11,4,0,12,16,75.0,4,16,6,10,13,28,46,0
1161,Alban Lafont,Nantes,6.7,0,0,0,0,0,0,1,0.0,1,0,0,0,0,0,1,0
1162,Aissa Laidouni,Union Berlin,6.7,14,8,3,8,3,3,6,50.0,3,16,2,14,8,22,5,0
1163,Konrad Laimer,Bayern Munich,7.8,21,13,9,7,5,10,18,55.6,8,17,4,13,6,27,6,1
1164,Kenny Lala,Brest,11.0,32,20,12,13,7,7,23,30.4,16,3,1,2,12,44,20,1
1165,Adam Lallana,Brighton,2.9,3,0,1,2,0,0,3,0.0,3,0,0,0,1,4,1,0
1166,Mathis Lambourde,Rennes,0.1,0,0,0,0,0,0,1,0.0,1,1,0,1,0,0,1,0
1167,Erik Lamela,Sevilla,3.8,14,8,2,7,5,6,10,60.0,4,9,0,9,0,14,4,0
1168,Mohamed Lamine Bayo,Le Havre,6.2,6,2,1,2,3,0,5,0.0,5,4,1,3,1,7,5,0
1170,Tariq Lamptey,Brighton,1.5,3,3,1,2,0,0,3,0.0,3,0,0,0,2,5,0,0
1171,Gianluca Lapadula,Cagliari,0.5,0,0,0,0,0,0,0,0.0,0,0,0,0,1,1,0,0
1172,Aymeric Laporte,Manchester City,0.1,0,0,0,0,0,0,0,0.0,0,1,1,0,0,0,1,0
1173,Julien Laporte,Lorient,7.5,8,6,7,1,0,7,17,41.2,10,11,8,3,6,14,40,0
1174,Cyle Larin,Mallorca,4.6,3,1,1,0,2,0,0,0.0,0,3,1,2,1,4,3,0
1175,Yasser Larouci,Sheffield Utd,2.5,4,1,2,1,1,2,3,66.7,1,4,1,3,5,9,10,0
1176,Hugo Larsson,Eint Frankfurt,8.8,14,6,10,3,1,5,10,50.0,5,11,2,9,10,24,7,0
1177,Jamaal Lascelles,Newcastle Utd,6.2,7,4,4,3,0,4,8,50.0,4,11,9,2,2,9,20,0
1178,Juanmi Latasa,Getafe,6.9,0,0,0,0,0,0,5,0.0,5,2,0,2,2,2,13,0
1179,Toni Lato,Mallorca,5.1,11,8,6,5,0,4,6,66.7,2,5,1,4,6,17,7,0
1180,Armand Lauriente,Sassuolo,10.1,5,3,2,3,0,4,13,30.8,9,9,1,8,5,10,2,0
1181,Lazaro,Almería,1.9,1,0,1,0,0,0,3,0.0,3,0,0,0,0,1,1,0
1182,Valentino Lazaro,Torino,8.3,7,5,0,6,1,4,6,66.7,2,4,0,4,4,11,16,0
1183,Darko Lazovic,Hellas Verona,5.1,5,3,2,0,3,3,5,60.0,2,2,1,1,1,6,4,0
1184,Manuel Lazzari,Lazio,6.7,8,6,3,4,1,8,12,66.7,4,12,3,9,6,14,12,0
1185,Theo Le Bris,Lorient,6.9,16,8,13,2,1,7,16,43.8,9,9,2,7,3,19,8,0
1186,Julien Le Cardinal,Brest,0.0,1,1,0,0,1,0,1,0.0,1,0,0,0,0,1,0,0
1187,Julien Le Cardinal,Lens,0.6,6,2,4,2,0,4,9,44.4,5,2,1,1,0,6,0,0
1188,Jeremy Le Douaron,Brest,9.1,10,8,5,2,3,6,14,42.9,8,6,1,5,2,12,5,0
1189,Enzo Le Fee,Rennes,6.7,20,14,10,7,3,13,21,61.9,8,5,0,5,6,26,5,0
1190,Vincent Le Goff,Lorient,5.4,5,0,4,0,1,4,7,57.1,3,7,2,5,3,8,8,0
1191,Robin Le Normand,Real Sociedad,9.6,9,8,4,5,0,4,10,40.0,6,11,6,5,14,23,25,1
1192,Nicola Leali,Genoa,1.0,0,0,0,0,0,0,0,0.0,0,0,0,0,0,0,0,0
1193,Rafael Leao,Milan,9.2,6,5,1,3,2,1,3,33.3,2,7,0,7,3,9,3,0
1194,Adrien Lebeau,Brest,0.2,0,0,0,0,0,0,0,0.0,0,0,0,0,0,0,0,0
1196,Benjamin Lecomte,Montpellier,11.0,0,0,0,0,0,0,0,0.0,0,0,0,0,0,0,4,1
1197,Jeremias Ledesma,Cádiz,12.0,0,0,0,0,0,0,1,0.0,1,0,0,0,0,0,5,1
1198,Pierre Lees-Melou,Brest,11.0,33,22,18,14,1,13,48,27.1,35,25,6,19,17,50,31,2
1199,Diogo Leite,Union Berlin,10.7,20,16,10,7,3,13,24,54.2,11,16,6,10,18,38,49,0
1200,Maxim Leitsch,Mainz 05,4.1,5,2,4,1,0,2,5,40.0,3,2,0,2,4,9,12,0
1201,Florian Lejeune,Rayo Vallecano,13.0,13,6,8,4,1,5,8,62.5,3,17,9,8,7,20,58,0
1202,Inigo Lekue,Athletic Club,5.9,15,6,10,3,2,10,19,52.6,9,3,1,2,2,17,15,0
1203,Thomas Lemar,Atlético Madrid,1.8,3,1,2,1,0,1,2,50.0,1,0,0,0,0,3,0,0
1204,Mario Lemina,Wolves,10.8,26,19,15,9,2,5,16,31.3,11,7,2,5,20,46,21,0
1205,Alvaro Lemos,Las Palmas,2.2,4,1,1,3,0,0,1,0.0,1,3,1,2,2,6,4,0
1206,Bernd Leno,Fulham,12.0,0,0,0,0,0,0,0,0.0,0,0,0,0,0,0,2,0
1207,Christopher Lenz,RB Leipzig,0.4,0,0,0,0,0,0,0,0.0,0,0,0,0,1,1,1,0
1208,Christopher Lenz,Eint Frankfurt,0.1,1,1,0,1,0,1,1,100.0,0,0,0,0,0,1,1,0
1209,Johann Lepenant,Lyon,2.8,4,3,2,2,0,1,8,12.5,7,5,0,5,4,8,0,0
1210,Jefferson Lerma,Crystal Palace,7.8,11,6,3,8,0,3,9,33.3,6,6,1,5,16,27,19,0
1211,Leo Leroy,Montpellier,1.7,9,2,3,4,2,2,5,40.0,3,2,0,2,0,9,4,0
1212,Robert Lewandowski,Barcelona,9.3,1,0,0,1,0,1,4,25.0,3,4,1,3,2,3,4,0
1213,Jamie Leweling,Stuttgart,3.9,5,3,2,2,1,2,4,50.0,2,6,0,6,0,5,3,0
1214,Rico Lewis,Manchester City,1.9,1,0,1,0,0,0,0,0.0,0,0,0,0,1,2,0,0
1215,Keane Lewis-Potter,Brentford,2.5,2,0,1,1,0,1,2,50.0,1,0,0,0,1,3,2,0
1216,Philipp Lienhart,Freiburg,10.7,13,7,7,5,1,6,14,42.9,8,12,6,6,10,23,35,0
1217,Matthijs de Ligt,Bayern Munich,2.8,3,3,0,2,1,2,2,100.0,0,2,1,1,3,6,13,0
1218,Victor Lindelof,Manchester Utd,8.5,6,3,2,4,0,3,8,37.5,5,9,5,4,7,13,15,1
1219,Jesper Lindstrom,Napoli,1.8,6,2,2,1,3,4,7,57.1,3,1,0,1,2,8,1,0
1220,Jesper Lindstrom,Eint Frankfurt,0.9,1,1,1,0,0,0,0,0.0,0,0,0,0,0,1,0,0
1222,Karol Linetty,Torino,5.4,9,8,3,6,0,3,8,37.5,5,9,3,6,7,16,8,0
1223,Samuel Lino,Atlético Madrid,4.5,16,10,12,1,3,12,17,70.6,5,9,0,9,2,18,12,0
1224,Pol Lirola,Frosinone,2.5,3,1,2,1,0,2,5,40.0,3,2,0,2,4,7,4,0
1225,Valentino Livramento,Newcastle Utd,1.5,8,4,7,1,0,6,8,75.0,2,2,2,0,3,11,4,0
1226,Dejan Ljubicic,Köln,8.9,22,14,10,10,2,12,21,57.1,9,10,2,8,9,31,2,0
1227,Javier Llabres,Mallorca,0.9,2,0,1,1,0,1,1,100.0,0,0,0,0,1,3,1,0
1228,Diego Llorente,Roma,8.0,13,7,8,5,0,5,8,62.5,3,14,9,5,7,20,24,0
1229,Marcos Llorente,Atlético Madrid,7.8,8,6,3,4,1,2,10,20.0,8,9,1,8,4,12,8,0
1230,Gautier Lloris,Le Havre,12.0,14,8,14,0,0,7,17,41.2,10,26,16,10,18,32,53,1
1231,Abou Lo,Metz,0.8,1,0,1,0,0,1,2,50.0,1,1,1,0,0,1,2,0
1232,Giovani Lo Celso,Tottenham,0.5,1,1,0,1,0,0,1,0.0,1,1,1,0,0,1,0,0
1233,Stanislav Lobotka,Napoli,11.4,22,14,6,12,4,10,28,35.7,18,8,2,6,4,26,4,0
1234,Manuel Locatelli,Juventus,11.8,22,10,6,13,3,12,25,48.0,13,12,4,8,7,29,34,0
1235,Bradley Locko,Brest,11.0,37,22,16,17,4,20,27,74.1,7,11,0,11,16,53,20,0
1236,Tom Lockyer,Luton Town,10.5,15,12,9,4,2,11,15,73.3,4,15,9,6,15,30,54,0
1237,Renan Lodi,Marseille,9.0,11,9,6,4,1,6,11,54.5,5,3,0,3,9,20,26,0
1238,Ruben Loftus-Cheek,Milan,5.0,2,1,1,1,0,1,4,25.0,3,6,4,2,3,5,3,0
1239,Andy Logbo,Le Havre,2.3,0,0,0,0,0,0,3,0.0,3,7,3,4,0,0,1,0
1240,Enzo Loiodice,Las Palmas,9.1,23,14,6,11,6,7,20,35.0,13,5,0,5,8,31,8,1
1241,Sean Longstaff,Newcastle Utd,9.0,15,9,3,9,3,9,23,39.1,14,15,4,11,3,18,8,0
1242,Ademola Lookman,Atalanta,7.3,2,2,0,1,1,1,6,16.7,5,7,0,7,1,3,0,0
1243,Noah Loosli,Bochum,1.3,4,3,2,2,0,4,5,80.0,1,2,0,2,2,6,10,0
1244,Anthony Lopes,Lyon,8.0,0,0,0,0,0,0,0,0.0,0,0,0,0,0,0,3,0
1245,David Lopez,Girona,10.1,20,14,10,10,0,7,10,70.0,3,12,9,3,11,31,33,0
1246,Diego Lopez,Valencia,10.2,19,12,4,9,6,5,20,25.0,15,9,0,9,8,27,0,0
1248,Fermin Lopez,Barcelona,4.6,10,5,2,7,1,4,13,30.8,9,5,0,5,1,11,2,0
1249,Javi Lopez,Alavés,5.7,6,3,1,4,1,5,7,71.4,2,4,0,4,2,8,16,0
1250,Maxime Lopez,Fiorentina,1.2,3,3,0,1,2,1,2,50.0,1,0,0,0,1,4,1,0
1251,Maxime Lopez,Sassuolo,1.6,2,1,1,1,0,1,2,50.0,1,1,1,0,2,4,0,0
1252,Pau Lopez,Marseille,10.7,0,0,0,0,0,0,0,0.0,0,0,0,0,0,0,3,1
1253,Unai Lopez,Rayo Vallecano,7.0,12,6,5,3,4,5,19,26.3,14,9,0,9,5,17,6,1
1254,Dion Lopy,Almería,9.3,30,19,20,9,1,7,19,36.8,12,9,1,8,5,35,10,0
1255,Anthony Losilla,Bochum,8.8,23,13,4,17,2,11,16,68.8,5,13,2,11,15,38,10,0
1256,Jordan Lotomba,Nice,4.5,9,7,7,1,1,8,11,72.7,3,4,1,3,4,13,6,0
1257,Tom Louchet,Nice,0.0,0,0,0,0,0,0,0,0.0,0,0,0,0,0,0,0,0
1258,Matteo Lovato,Salernitana,7.6,18,9,13,4,1,12,18,66.7,6,10,5,5,12,30,26,0
1259,Dejan Lovren,Lyon,2.0,3,3,2,1,0,1,3,33.3,2,2,2,0,3,6,4,0
1260,Sandi Lovric,Udinese,6.5,7,3,3,2,2,3,5,60.0,2,6,0,6,3,10,9,0
1261,Max Lowe,Sheffield Utd,1.4,8,5,6,2,0,1,3,33.3,2,2,2,0,1,9,4,0
1262,Anthony Lozano,Getafe,0.9,0,0,0,0,0,0,1,0.0,1,0,0,0,0,0,1,0
1263,Lucas,Cádiz,4.1,14,8,9,3,2,9,15,60.0,6,9,0,9,2,16,8,0
1264,Lorenzo Lucca,Udinese,7.2,2,2,1,0,1,2,8,25.0,6,3,0,3,2,4,10,0
1265,Jhon Lucumi,Bologna,4.9,15,7,9,6,0,9,11,81.8,2,8,3,5,1,16,18,0
1266,Jose Luis Gaya,Valencia,9.9,41,22,25,13,3,24,34,70.6,10,6,1,5,4,45,20,0
1267,Jose Luis Morales,Villarreal,3.3,2,1,0,2,0,1,5,20.0,4,3,0,3,2,4,1,0
1268,Jose Luis Palomino,Atalanta,0.0,1,0,0,1,0,0,0,0.0,0,0,0,0,0,1,2,0
1269,Douglas Luiz,Aston Villa,11.4,27,18,9,13,5,12,21,57.1,9,15,5,10,5,32,10,0
1270,Romelu Lukaku,Roma,9.1,0,0,0,0,0,0,1,0.0,1,4,0,4,0,0,7,0
1271,Castello Lukeba,RB Leipzig,8.4,7,3,4,3,0,4,5,80.0,1,15,5,10,3,10,27,0
1272,Dodi Lukebakio,Sevilla,6.1,1,0,0,1,0,1,5,20.0,4,6,2,4,2,3,1,0
1274,Sasa Lukic,Fulham,3.9,7,4,1,5,1,3,9,33.3,6,4,2,2,3,10,5,0
1275,Andriy Lunin,Real Madrid,3.0,0,0,0,0,0,0,0,0.0,0,0,0,0,0,0,0,0
1276,Sebastiano Luperto,Empoli,12.0,15,9,9,5,1,9,13,69.2,4,16,12,4,8,23,45,1
1277,Charalambos Lykogiannis,Bologna,5.9,6,3,4,2,0,5,9,55.6,4,9,4,5,4,10,20,0
1278,Senne Lynen,Werder Bremen,4.1,9,5,2,6,1,3,12,25.0,9,14,1,13,11,20,6,0
1279,Ian Maatsen,Chelsea,1.3,3,2,1,1,1,0,1,0.0,1,2,0,2,2,5,3,0
1280,Alexis Mac Allister,Liverpool,9.8,27,15,9,14,4,17,36,47.2,19,23,4,19,14,41,7,0
1281,Deiver Machado,Lens,6.5,7,5,2,4,1,5,8,62.5,3,8,1,7,4,11,5,0
1282,Darwin Machis,Cádiz,5.7,13,7,3,6,4,9,16,56.3,7,5,0,5,3,16,2,0
1283,James Maddison,Tottenham,9.8,15,6,1,9,5,8,15,53.3,7,6,0,6,5,20,4,1
1284,Noni Madueke,Chelsea,1.3,0,0,0,0,0,0,1,0.0,1,0,0,0,0,0,1,0
1285,Pablo Maffeo,Mallorca,6.7,16,10,8,6,2,12,20,60.0,8,5,1,4,4,20,7,0
1286,Soungoutou Magassa,Monaco,9.4,33,15,16,17,0,14,23,60.9,9,13,2,11,14,47,27,1
1287,Giulio Maggiore,Salernitana,6.0,7,3,4,2,1,5,10,50.0,5,4,1,3,9,16,15,0
1288,Matej Maglica,Darmstadt 98,5.8,14,9,10,4,0,10,15,66.7,5,10,3,7,10,24,21,1
1289,Giangiacomo Magnani,Hellas Verona,12.0,13,7,8,5,0,7,13,53.8,6,17,9,8,20,33,45,0
1290,Hugo Magnetti,Brest,7.8,19,14,7,11,1,7,19,36.8,12,4,0,4,7,26,4,0
1291,Yohann Magnin,Clermont Foot,5.8,11,5,2,8,1,2,9,22.2,7,8,2,6,5,16,5,0
1292,Frank Magri,Toulouse,6.5,6,2,1,4,1,4,7,57.1,3,3,1,2,0,6,7,0
1293,Harry Maguire,Manchester Utd,5.3,3,2,3,0,0,1,2,50.0,1,8,8,0,3,6,22,0
1294,Arne Maier,Augsburg,0.6,2,2,0,1,1,1,1,100.0,0,1,0,1,0,2,0,0
1295,Habib Maiga,Metz,0.9,2,2,1,0,1,1,2,50.0,1,1,0,1,3,5,1,0
1296,Mike Maignan,Milan,9.0,1,0,1,0,0,1,1,100.0,0,0,0,0,0,1,0,1
1297,Linton Maina,Köln,6.7,4,4,2,0,2,2,8,25.0,6,5,1,4,2,6,0,0
1298,Patrick Mainka,Heidenheim,11.0,22,11,14,7,1,11,20,55.0,9,22,9,13,16,38,43,0
1300,Ainsley Maitland-Niles,Lyon,3.0,8,3,1,5,2,5,9,55.6,4,4,0,4,4,12,6,0
1301,Lovro Majer,Rennes,0.2,0,0,0,0,0,0,0,0.0,0,0,0,0,0,0,1,0
1302,Lovro Majer,Wolfsburg,8.5,9,7,4,5,0,3,12,25.0,9,8,1,7,3,12,4,0
1303,Jean-Victor Makengo,Lorient,3.5,2,1,2,0,0,1,3,33.3,2,9,1,8,6,8,4,0
1304,Jordy Makengo,Freiburg,0.5,0,0,0,0,0,0,0,0.0,0,1,0,1,0,0,0,0
1305,Antoine Makoumbou,Cagliari,11.9,19,12,5,10,4,4,9,44.4,5,13,3,10,9,28,11,0
1306,Nemanja Maksimovic,Getafe,12.9,22,11,11,7,4,10,17,58.8,7,17,11,6,23,45,29,0
1307,Daniel Maldini,Empoli,0.3,0,0,0,0,0,0,0,0.0,0,0,0,0,0,0,0,0
1308,Youssef Maleh,Empoli,8.8,29,21,9,15,5,9,21,42.9,12,23,4,19,9,38,6,0
1309,Donyell Malen,Dortmund,8.2,3,3,1,0,2,0,2,0.0,2,5,1,4,1,4,1,0
1310,Ruslan Malinovskyi,Genoa,5.6,10,5,7,2,1,6,13,46.2,7,7,2,5,0,10,3,0
1311,Lennard Maloney,Heidenheim,10.5,17,10,9,5,3,11,25,44.0,14,9,1,8,13,30,43,0
1312,Aaron Malouda,Lille,0.0,0,0,0,0,0,0,0,0.0,0,0,0,0,0,0,0,0
1313,Giorgi Mamardashvili,Valencia,13.0,2,2,2,0,0,2,2,100.0,0,0,0,0,0,2,8,1
1314,Wilson Manafa,Granada,1.1,3,2,2,0,1,3,5,60.0,2,0,0,0,1,4,1,1
1315,Hianga Mananga Mbock,Brest,0.1,1,0,0,0,1,1,2,50.0,1,0,0,0,1,2,0,0
1316,Gianluca Mancini,Roma,11.2,12,7,8,3,1,3,11,27.3,8,10,8,2,13,25,21,0
1317,Marco Mancosu,Cagliari,1.7,2,0,0,2,0,0,1,0.0,1,0,0,0,0,2,0,0
1318,Steve Mandanda,Rennes,12.0,0,0,0,0,0,0,1,0.0,1,0,0,0,0,0,3,0
1319,Aissa Mandi,Villarreal,5.2,8,4,6,2,0,6,10,60.0,4,3,2,1,3,11,16,0
1320,Rolando Mandragora,Fiorentina,5.6,6,3,2,3,1,2,7,28.6,5,6,1,5,2,8,4,0
1321,Orel Mangala,Nott'ham Forest,10.1,14,7,9,4,1,10,20,50.0,10,8,3,5,15,29,16,0
1322,Braydon Manu,Darmstadt 98,0.9,1,0,0,1,0,0,0,0.0,0,1,0,1,0,1,0,0
1323,Benson Manuel,Burnley,0.7,2,2,1,1,0,0,0,0.0,0,0,0,0,0,2,0,0
1324,Faitout Maouassa,Lens,0.3,1,1,1,0,0,1,1,100.0,0,0,0,0,0,1,0,0
1326,Solly March,Brighton,6.2,19,14,9,7,3,8,14,57.1,6,5,0,5,11,30,8,0
1327,Riccardo Marchizza,Frosinone,12.0,6,6,3,3,0,2,12,16.7,10,9,2,7,7,13,26,0
1328,Gian Marco Ferrari,Sassuolo,5.4,7,3,4,3,0,4,5,80.0,1,6,3,3,7,14,9,0
1329,Oscar de Marcos,Athletic Club,10.4,23,19,13,7,3,17,28,60.7,11,13,3,10,4,27,12,0
1330,Jose Mari,Cádiz,0.2,2,1,0,2,0,1,2,50.0,1,0,0,0,0,2,0,0
1331,Pablo Mari,Monza,9.1,20,12,16,4,0,10,13,76.9,3,12,7,5,10,30,34,1
1332,Jose Maria Gimenez,Atlético Madrid,4.0,2,1,1,1,0,1,1,100.0,0,4,4,0,1,3,24,0
1333,Mariano,Sevilla,1.9,1,1,0,1,0,0,0,0.0,0,1,0,1,0,1,2,0
1334,Mirko Maric,Monza,1.5,2,0,2,0,0,0,0,0.0,0,4,0,4,0,2,1,0
1335,Rafa Marin,Alavés,6.1,5,4,3,2,0,0,3,0.0,3,6,3,3,8,13,22,0
1336,Razvan Marin,Empoli,7.7,15,7,5,6,4,10,16,62.5,6,7,0,7,1,16,16,0
1337,Diego Marino,Almería,1.0,0,0,0,0,0,0,0,0.0,0,0,0,0,0,0,1,0
1338,Guillermo Maripan,Monaco,7.0,9,3,6,3,0,6,10,60.0,4,9,5,4,11,20,42,0
1339,Mika Marmol,Las Palmas,10.5,22,16,12,10,0,10,11,90.9,1,13,6,7,11,33,42,0
1340,Omar Marmoush,Eint Frankfurt,8.3,8,3,4,3,1,4,7,57.1,3,2,0,2,6,14,5,0
1341,Marquinhos,Nantes,1.0,2,2,2,0,0,1,2,50.0,1,4,2,2,3,5,0,0
1342,Marquinhos,Paris S-G,8.9,6,5,3,2,1,3,6,50.0,3,15,9,6,11,17,34,0
1343,Agustin Martegani,Salernitana,4.4,4,2,1,1,2,3,9,33.3,6,1,0,1,3,7,2,1
1344,Eric Martel,Köln,7.6,13,8,6,7,0,8,17,47.1,9,19,5,14,11,24,23,0
1345,Roger Marti,Cádiz,8.0,5,4,1,4,0,1,3,33.3,2,11,1,10,4,9,1,0
1346,Anthony Martial,Manchester Utd,2.8,3,1,0,1,2,1,1,100.0,0,2,0,2,0,3,0,0
1347,Aaron Martin,Genoa,3.9,4,2,1,3,0,2,5,40.0,3,4,1,3,4,8,3,0
1348,Ivan Martin,Girona,9.8,17,10,6,8,3,11,23,47.8,12,8,0,8,4,21,7,0
1349,Jonas Martin,Brest,3.6,13,8,5,7,1,7,11,63.6,4,3,0,3,0,13,4,0
1350,Gabriel Martinelli,Arsenal,8.0,7,6,2,4,1,1,5,20.0,4,5,0,5,3,10,1,0
1352,Arnau Martinez,Girona,7.1,14,10,10,3,1,6,12,50.0,6,8,3,5,4,18,21,1
1353,Emiliano Martinez,Aston Villa,11.0,0,0,0,0,0,0,0,0.0,0,0,0,0,0,0,5,1
1354,Inigo Martinez,Barcelona,5.0,5,4,5,0,0,3,3,100.0,0,8,7,1,3,8,20,0
1355,Josep Martinez,Genoa,11.0,0,0,0,0,0,0,0,0.0,0,0,0,0,0,0,6,0
1356,Lautaro Martinez,Inter,10.9,9,5,3,5,1,3,6,50.0,3,13,1,12,11,20,4,0
1357,Lisandro Martinez,Manchester Utd,4.2,7,6,6,1,0,4,11,36.4,7,4,2,2,2,9,11,0
1358,Lucas Martinez Quarta,Fiorentina,10.0,31,19,20,9,2,13,20,65.0,7,16,5,11,13,44,25,1
1359,Adam Marusic,Lazio,11.1,18,13,10,8,0,11,20,55.0,9,9,4,5,9,27,17,1
1360,Marvin,Las Palmas,4.6,10,4,4,6,0,3,5,60.0,2,6,1,5,4,14,2,0
1361,Omar Mascarell,Mallorca,4.2,4,1,2,2,0,3,8,37.5,5,2,1,1,7,11,10,0
1362,Erhan Masovic,Bochum,8.7,30,20,19,9,2,17,31,54.8,14,14,6,8,3,33,20,0
1363,Roberto Massimo,Stuttgart,0.7,1,0,1,0,0,1,2,50.0,1,0,0,0,0,1,1,0
1364,Clinton Mata,Lyon,7.1,11,8,6,3,2,5,8,62.5,3,7,4,3,14,25,10,0
1365,Jaime Mata,Getafe,6.1,10,8,7,1,2,6,11,54.5,5,8,0,8,4,14,9,0
1366,Pape Matar Sarr,Tottenham,9.2,15,12,3,9,3,9,16,56.3,7,9,4,5,8,23,12,0
1367,Eliot Matazo,Monaco,1.1,3,1,0,3,0,2,4,50.0,2,1,1,0,3,6,0,0
1368,Jean-Philippe Mateta,Crystal Palace,4.3,4,2,2,2,0,1,1,100.0,0,2,0,2,1,5,3,0
1369,Nemanja Matic,Rennes,9.0,15,8,5,8,2,8,10,80.0,2,13,6,7,25,40,16,0
1370,Joel Matip,Liverpool,6.9,10,5,5,4,1,6,9,66.7,3,8,5,3,8,18,35,0
1371,Alex Matos,Chelsea,0.0,0,0,0,0,0,0,0,0.0,0,0,0,0,0,0,0,0
1372,Chrislain Matsima,Monaco,3.3,9,7,5,3,1,2,7,28.6,5,4,1,3,4,13,4,0
1373,Alan Matturro,Genoa,0.9,1,1,1,0,0,1,1,100.0,0,3,1,2,2,3,3,0
1374,Azor Matusiwa,Reims,9.5,25,16,14,10,1,15,23,65.2,8,12,2,10,17,42,21,1
1375,Neal Maupay,Brentford,3.0,2,2,1,1,0,1,2,50.0,1,2,0,2,1,3,1,0
1376,Neal Maupay,Everton,1.2,0,0,0,0,0,0,1,0.0,1,2,0,2,0,0,1,0
1378,Aiman Maurer,Clermont Foot,0.4,1,1,1,0,0,1,1,100.0,0,0,0,0,0,1,0,0
1379,Konstantinos Mavropanos,West Ham,1.0,1,0,1,0,0,1,1,100.0,0,2,1,1,2,3,5,0
1380,Christian Mawissa,Toulouse,0.2,0,0,0,0,0,0,0,0.0,0,0,0,0,0,0,1,0
1381,Philipp Max,Eint Frankfurt,6.9,12,7,4,6,2,10,15,66.7,5,9,0,9,3,15,9,0
1382,Eric Maxim Choupo-Moting,Bayern Munich,1.8,5,4,2,2,1,2,3,66.7,1,0,0,0,1,6,1,0
1383,Luis Maximiano,Almería,10.0,0,0,0,0,0,0,0,0.0,0,0,0,0,0,0,7,1
1384,Borja Mayoral,Getafe,11.0,4,2,2,1,1,2,9,22.2,7,2,0,2,2,6,9,0
1385,Youssef Maziz,Metz,1.4,0,0,0,0,0,0,2,0.0,2,1,0,1,1,1,2,0
1386,Noussair Mazraoui,Bayern Munich,7.6,9,6,4,4,1,4,8,50.0,4,7,0,7,11,20,10,0
1387,Luca Mazzitelli,Frosinone,10.1,17,12,5,8,4,10,23,43.5,13,12,1,11,5,22,24,0
1388,Pasquale Mazzocchi,Salernitana,8.8,18,14,12,5,1,11,19,57.9,8,8,4,4,1,19,16,0
1389,Kevin Mbabu,Augsburg,3.6,8,6,5,2,1,5,6,83.3,1,3,1,2,4,12,3,0
1390,Noah Mbamba,Leverkusen,0.2,0,0,0,0,0,0,0,0.0,0,0,0,0,1,1,0,0
1391,Kylian Mbappe,Paris S-G,9.8,2,1,0,1,1,2,4,50.0,2,2,0,2,1,3,0,0
1392,Malick Mbaye,Metz,1.6,5,1,0,1,4,1,2,50.0,1,1,0,1,0,5,2,0
1393,Mamadou Mbaye,Cádiz,0.6,0,0,0,0,0,0,2,0.0,2,1,0,1,1,1,6,0
1394,Chancel Mbemba,Marseille,10.0,15,10,13,1,1,9,11,81.8,2,11,8,3,10,25,46,0
1395,Nolan Mbemba,Le Havre,0.2,0,0,0,0,0,0,1,0.0,1,0,0,0,0,0,0,0
1396,Bryan Mbeumo,Brentford,12.0,11,7,5,4,2,4,13,30.8,9,12,0,12,4,15,7,0
1397,Jordi Mboula,Hellas Verona,1.3,2,2,0,2,0,2,3,66.7,1,0,0,0,0,2,0,0
1398,James Mcatee,Sheffield Utd,5.7,13,9,1,5,7,5,12,41.7,7,7,0,7,1,14,1,0
1399,James Mcatee,Manchester City,0.0,0,0,0,0,0,0,0,0.0,0,1,0,1,0,0,0,0
1400,Oliver McBurnie,Sheffield Utd,4.8,5,1,1,3,1,1,3,33.3,2,9,1,8,2,7,9,0
1401,James McConnell,Liverpool,0.0,0,0,0,0,0,0,0,0.0,0,1,0,1,1,1,0,0
1402,John McGinn,Aston Villa,11.3,11,4,2,8,1,5,21,23.8,16,7,0,7,7,18,4,0
1404,Scott McKenna,Nott'ham Forest,4.6,4,0,3,1,0,2,3,66.7,1,6,4,2,5,9,27,0
1405,Weston McKennie,Juventus,9.8,20,13,12,6,2,8,13,61.5,5,11,4,7,12,32,29,0
1406,Dwight McNeil,Everton,7.6,17,7,8,5,4,6,16,37.5,10,17,2,15,6,23,11,0
1407,Scott McTominay,Manchester Utd,5.8,13,7,8,4,1,6,9,66.7,3,9,4,5,6,19,11,0
1408,Facundo Medina,Lens,10.2,29,18,10,17,2,20,26,76.9,6,19,6,13,11,40,17,0
1409,Ben Mee,Brentford,2.7,6,6,1,5,0,3,4,75.0,1,2,1,1,2,8,11,0
1410,Marvin Mehlem,Darmstadt 98,9.6,17,12,5,8,4,7,17,41.2,10,13,2,11,20,37,11,0
1411,Bamo Meite,Marseille,0.9,0,0,0,0,0,0,1,0.0,1,1,0,1,1,1,1,0
1412,Bamo Meite,Lorient,1.6,2,1,2,0,0,0,1,0.0,1,3,2,1,3,5,9,0
1413,Hannibal Mejbri,Manchester Utd,1.3,3,3,1,2,0,1,3,33.3,2,1,1,0,0,3,0,0
1414,Oscar Melendo,Granada,7.5,12,5,4,8,0,3,10,30.0,7,9,0,9,2,14,1,1
1415,Gonzalo Melero,Almería,6.8,6,3,4,2,0,3,8,37.5,5,5,1,4,1,7,4,0
1416,Birger Meling,Rennes,0.2,1,1,1,0,0,1,1,100.0,0,1,0,1,0,1,0,0
1417,Arthur Melo,Fiorentina,9.2,21,16,6,12,3,13,21,61.9,8,14,1,13,5,26,4,0
1418,Memphis,Atlético Madrid,1.5,2,1,0,1,1,1,1,100.0,0,0,0,0,0,2,0,0
1419,Houboulang Mendes,Almería,3.4,13,10,9,4,0,6,13,46.2,7,2,1,1,1,14,15,1
1420,Tomas Mendes,Alavés,0.1,0,0,0,0,0,0,0,0.0,0,0,0,0,0,0,0,0
1421,Brais Mendez,Real Sociedad,11.0,20,13,7,9,4,8,25,32.0,17,9,2,7,3,23,5,0
1422,Diego Mendez,Rayo Vallecano,0.1,1,1,1,0,0,1,1,100.0,0,0,0,0,1,2,0,0
1423,Benjamin Mendy,Lorient,0.9,1,0,1,0,0,0,0,0.0,0,0,0,0,0,1,2,0
1424,Ferland Mendy,Real Madrid,4.5,2,2,1,0,1,1,3,33.3,2,3,2,1,6,8,10,0
1425,Formose Mendy,Lorient,6.0,12,7,12,0,0,10,17,58.8,7,9,4,5,11,23,34,0
1426,Nampalys Mendy,Lens,2.1,6,3,3,1,2,4,5,80.0,1,1,0,1,3,9,1,0
1427,Teden Mengi,Luton Town,5.7,11,4,7,4,0,5,9,55.6,4,11,5,6,14,25,26,0
1428,Chris Mepham,Bournemouth,1.9,2,2,1,1,0,1,2,50.0,1,3,2,1,3,5,8,1
1430,Jorge Mere,Cádiz,3.6,3,3,2,1,0,1,3,33.3,2,4,3,1,4,7,22,0
1431,Alex Meret,Napoli,11.0,0,0,0,0,0,0,0,0.0,0,0,0,0,0,0,2,0
1432,Mikel Merino,Real Sociedad,8.4,19,14,5,9,5,6,15,40.0,9,10,3,7,5,24,17,2
1433,Quentin Merlin,Nantes,11.1,17,14,8,8,1,11,15,73.3,4,11,1,10,13,30,13,0
1434,Junior Messias,Genoa,0.3,1,1,1,0,0,0,0,0.0,0,0,0,0,1,2,2,0
1435,Bastien Meupiyou,Nantes,0.1,0,0,0,0,0,0,0,0.0,0,0,0,0,0,0,1,0
1436,Alexander Meyer,Dortmund,0.7,1,1,1,0,0,1,1,100.0,0,0,0,0,0,1,1,0
1437,Omenuke Mfulu,Las Palmas,0.8,4,3,3,1,0,0,1,0.0,1,1,1,0,2,6,5,0
1438,Sven Michel,Augsburg,4.6,4,2,0,1,3,2,5,40.0,3,0,0,0,0,4,4,0
1439,Miguel,Alavés,0.7,0,0,0,0,0,0,0,0.0,0,2,0,2,0,0,0,0
1440,Georges Mikautadze,Metz,2.9,1,1,0,1,0,0,1,0.0,1,1,0,1,1,2,0,0
1441,Nikola Milenkovic,Fiorentina,10.3,17,9,9,8,0,8,17,47.1,9,11,6,5,6,23,28,1
1442,Lewis Miley,Newcastle Utd,0.7,1,1,0,1,0,1,1,100.0,0,2,0,2,2,3,3,0
1443,Arkadiusz Milik,Juventus,3.4,2,2,1,1,0,1,2,50.0,1,2,0,2,2,4,2,0
1444,Vanja Milinkovic-Savic,Torino,12.0,0,0,0,0,0,0,0,0.0,0,0,0,0,0,0,5,2
1445,Eder Militao,Real Madrid,0.5,0,0,0,0,0,0,0,0.0,0,1,0,1,0,0,1,0
1446,Luis Milla,Getafe,1.5,5,4,2,3,0,2,6,33.3,4,2,0,2,2,7,0,0
1447,Enzo Millot,Stuttgart,7.9,12,6,2,7,3,6,10,60.0,4,8,1,7,5,17,4,0
1448,James Milner,Brighton,3.9,8,7,5,3,0,3,5,60.0,2,5,0,5,5,13,11,0
1449,Jovan Milosevic,Stuttgart,0.3,0,0,0,0,0,0,0,0.0,0,0,0,0,0,0,0,0
1450,Marko Milovanovic,Almería,0.3,0,0,0,0,0,0,0,0.0,0,0,0,0,0,0,3,0
1451,Kim Min-jae,Bayern Munich,10.6,13,6,7,4,2,6,13,46.2,7,16,7,9,15,28,35,1
1452,Yerry Mina,Fiorentina,0.0,0,0,0,0,0,0,0,0.0,0,0,0,0,0,0,0,0
1453,Takumi Minamino,Monaco,7.6,14,9,3,6,5,7,19,36.8,12,8,0,8,3,17,3,0
1454,Lucas Mincarelli,Montpellier,0.1,1,1,0,1,0,1,1,100.0,0,0,0,0,0,1,0,0
1456,Tyrone Mings,Aston Villa,0.3,0,0,0,0,0,0,0,0.0,0,0,0,0,1,1,1,0
1457,Oscar Mingueza,Celta Vigo,12.2,25,15,18,4,3,20,44,45.5,24,15,3,12,7,32,17,1
1458,Ignasi Miquel,Granada,12.5,20,13,17,3,0,11,18,61.1,7,9,6,3,9,29,52,0
1459,Rafa Mir,Sevilla,2.1,2,2,1,1,0,1,1,100.0,0,1,0,1,0,2,0,0
1460,Ignacio Miramon,Lille,0.4,1,0,0,1,0,0,1,0.0,1,1,0,1,0,1,0,0
1461,Aleksei Miranchuk,Atalanta,1.8,3,2,1,2,0,1,3,33.3,2,2,1,1,0,3,1,0
1462,Juan Miranda,Betis,7.2,8,6,3,3,2,3,5,60.0,2,11,2,9,8,16,26,0
1463,Kevin Miranda,Sassuolo,0.2,0,0,0,0,0,0,0,0.0,0,0,0,0,0,0,1,0
1464,Antonio Mirante,Milan,1.0,0,0,0,0,0,0,0,0.0,0,0,0,0,0,0,0,0
1465,Fabio Miretti,Juventus,5.1,4,4,2,2,0,3,9,33.3,6,5,1,4,2,6,2,0
1466,Filippo Missori,Sassuolo,0.5,1,1,0,1,0,1,2,50.0,1,1,0,1,2,3,0,0
1467,Tyrick Mitchell,Crystal Palace,11.8,26,15,21,3,2,7,14,50.0,7,14,5,9,9,35,44,0
1468,Kaoru Mitoma,Brighton,10.9,7,3,2,3,2,3,11,27.3,8,9,0,9,4,11,4,0
1469,Aleksandar Mitrovic,Fulham,0.4,0,0,0,0,0,0,0,0.0,0,0,0,0,0,0,0,0
1470,Stefan Mitrovic,Getafe,7.5,8,2,7,1,0,4,8,50.0,4,3,2,1,6,14,26,0
1471,Maximilian Mittelstadt,Stuttgart,3.2,16,7,11,4,1,9,13,69.2,4,2,0,2,5,21,6,0
1472,Henrikh Mkhitaryan,Inter,10.2,25,13,7,14,4,7,15,46.7,8,5,1,4,14,39,11,0
1473,Luka Modric,Real Madrid,4.9,3,1,1,1,1,1,2,50.0,1,4,3,1,5,8,4,0
1474,Terem Moffi,Nice,9.1,2,2,0,1,1,0,4,0.0,4,3,0,3,0,2,5,0
1475,Mostafa Mohamed,Nantes,7.6,6,4,2,4,0,1,9,11.1,8,9,1,8,2,8,4,0
1476,Kudus Mohammed,West Ham,4.1,11,8,3,6,2,5,6,83.3,1,8,0,8,1,12,2,0
1477,Dion Moise Sahi,Strasbourg,2.9,3,3,0,2,1,0,2,0.0,2,6,1,5,1,4,3,0
1478,Johan Mojica,Osasuna,6.4,11,9,3,6,2,5,6,83.3,1,7,0,7,11,22,8,0
1479,Alberto Moleiro,Las Palmas,1.6,2,2,2,0,0,1,4,25.0,3,3,0,3,1,3,1,0
1480,Nahuel Molina,Atlético Madrid,7.9,15,9,6,7,2,9,17,52.9,8,6,0,6,3,18,15,0
1482,Florent Mollet,Nantes,8.3,6,2,2,1,3,3,11,27.3,8,7,0,7,1,7,5,0
1483,Jon Moncayola,Osasuna,6.1,9,5,7,2,0,5,11,45.5,6,8,3,5,7,16,6,0
1484,Ilario Monterisi,Frosinone,8.5,9,7,7,2,0,5,6,83.3,1,16,14,2,4,13,36,0
1485,Cesar Montes,Almería,4.7,3,3,1,2,0,2,3,66.7,1,7,2,5,1,4,19,0
1486,Gonzalo Montiel,Nott'ham Forest,1.9,4,2,2,1,1,4,6,66.7,2,2,0,2,2,6,6,0
1487,Lorenzo Montipo,Hellas Verona,12.0,0,0,0,0,0,0,1,0.0,1,0,0,0,0,0,9,0
1488,Kieffer Moore,Bournemouth,1.0,0,0,0,0,0,0,0,0.0,0,0,0,0,0,0,0,0
1489,Alvaro Morata,Atlético Madrid,9.1,5,2,1,2,2,0,0,0.0,0,7,0,7,0,5,12,0
1490,Diego Moreira,Lyon,0.7,0,0,0,0,0,0,1,0.0,1,0,0,0,1,1,2,0
1491,Alberto Moreno,Villarreal,4.9,7,4,5,1,1,2,6,33.3,4,2,0,2,3,10,11,0
1492,Gerard Moreno,Villarreal,9.1,12,4,4,3,5,6,12,50.0,6,8,3,5,4,16,9,0
1493,Manu Morlanes,Mallorca,4.0,15,11,6,8,1,7,13,53.8,6,3,0,3,4,19,4,0
1494,Nikola Moro,Bologna,3.2,7,5,3,4,0,3,7,42.9,4,9,1,8,3,10,2,0
1495,Carlton Morris,Luton Town,11.2,4,3,1,1,2,2,5,40.0,3,8,0,8,0,4,15,0
1496,Cristhian Mosquera,Valencia,9.2,20,13,8,10,2,8,12,66.7,4,9,3,6,14,34,29,2
1497,Dany Mota,Monza,5.8,1,0,0,0,1,0,1,0.0,1,2,0,2,0,1,4,0
1498,Lebo Mothiba,Strasbourg,4.9,4,2,1,3,0,2,3,66.7,1,4,0,4,0,4,10,0
1499,Youssoufa Moukoko,Dortmund,1.5,2,0,2,0,0,1,2,50.0,1,2,1,1,1,3,0,0
1500,Steve Mounie,Brest,5.4,4,3,0,1,3,2,5,40.0,3,4,2,2,0,4,4,0
1501,Mason Mount,Manchester Utd,4.4,16,10,4,7,5,3,12,25.0,9,5,1,4,3,19,1,0
1502,Samuel Moutoussamy,Nantes,6.6,14,8,5,7,2,8,14,57.1,6,11,2,9,6,20,7,0
1503,Mykhailo Mudryk,Chelsea,4.1,9,6,4,3,2,3,9,33.3,6,4,0,4,2,11,2,0
1504,Francois Mughe,Marseille,1.8,0,0,0,0,0,0,3,0.0,3,2,0,2,0,0,1,0
1505,Joel Mugisha,Lorient,2.0,5,3,3,1,1,3,7,42.9,4,1,0,1,2,7,1,0
1506,Nordi Mukiele,Paris S-G,2.3,6,3,3,3,0,4,6,66.7,2,2,1,1,4,10,9,0
1508,Samuele Mulattieri,Sassuolo,1.1,0,0,0,0,0,0,0,0.0,0,2,1,1,0,0,1,0
1509,Andreas Muller,Darmstadt 98,0.2,3,3,1,2,0,2,2,100.0,0,1,1,0,0,3,2,0
1510,Jannik Muller,Darmstadt 98,4.0,8,4,7,1,0,5,8,62.5,3,5,3,2,5,13,19,0
1511,Kevin Muller,Heidenheim,11.0,1,0,1,0,0,1,1,100.0,0,0,0,0,0,1,4,1
1512,Thomas Muller,Bayern Munich,3.7,8,7,0,3,5,6,12,50.0,6,7,0,7,0,8,2,0
1513,Abdul Mumin,Rayo Vallecano,4.0,5,2,5,0,0,3,4,75.0,1,10,8,2,3,8,28,0
1514,Marshall Munetsi,Reims,9.9,23,14,5,15,3,13,26,50.0,13,10,3,7,3,26,11,0
1515,Iker Muniain,Athletic Club,3.4,3,0,1,2,0,1,1,100.0,0,3,0,3,0,3,0,0
1516,Rodrigo Muniz,Fulham,1.5,0,0,0,0,0,0,2,0.0,2,1,0,1,1,1,2,0
1517,Aihen Munoz,Real Sociedad,10.4,26,15,16,7,3,17,26,65.4,9,14,6,8,8,34,26,0
1518,Iker Munoz,Osasuna,4.7,9,8,3,6,0,5,11,45.5,6,2,1,1,3,12,13,0
1519,Javier Munoz,Las Palmas,9.0,8,1,4,4,0,5,14,35.7,9,16,3,13,8,16,9,0
1520,Luis Muriel,Atalanta,2.1,2,2,0,2,0,1,1,100.0,0,1,0,1,1,3,0,0
1521,Murillo,Nott'ham Forest,5.8,9,5,7,2,0,3,6,50.0,3,6,3,3,5,14,35,0
1522,Vedat Muriqi,Mallorca,11.7,4,3,3,0,1,1,7,14.3,6,2,1,1,0,4,14,0
1523,Jacob Murphy,Newcastle Utd,1.3,2,2,0,1,1,0,0,0.0,0,2,0,2,0,2,4,0
1524,Yunus Musah,Milan,6.8,11,6,7,2,2,1,4,25.0,3,3,1,2,6,17,4,1
1525,Jamal Musiala,Bayern Munich,5.1,9,7,2,7,0,5,10,50.0,5,7,1,6,2,11,2,0
1526,Juan Musso,Atalanta,8.0,1,0,1,0,0,1,1,100.0,0,0,0,0,0,1,5,0
1527,Yvon Mvogo,Lorient,12.0,0,0,0,0,0,0,0,0.0,0,0,0,0,0,0,6,0
1528,Junior Mwanga,Strasbourg,3.8,13,5,8,4,1,3,4,75.0,1,3,1,2,7,20,2,0
1529,Phillipp Mwene,Mainz 05,3.4,4,2,2,1,1,2,4,50.0,2,4,0,4,4,8,7,0
1530,Vitaliy Mykolenko,Everton,8.0,32,20,19,12,1,16,27,59.3,11,12,3,9,14,46,27,0
1531,Joakim Maehle,Wolfsburg,10.7,22,10,14,5,3,14,24,58.3,10,17,1,16,12,34,27,0
1532,Obite N'Dicka,Roma,8.8,16,8,6,9,1,5,9,55.6,4,11,4,7,5,21,28,0
1534,Kevin N'Doram,Metz,6.8,5,2,2,2,1,4,8,50.0,4,6,3,3,11,16,22,0
1535,Joseph N'Duquidi,Metz,4.3,6,1,3,3,0,1,7,14.3,6,6,2,4,7,13,8,0
1536,Nathan N'Goumou,M'Gladbach,5.4,16,12,9,6,1,8,16,50.0,8,9,0,9,2,18,9,0
1537,Stanley N'Soki,Hoffenheim,0.3,1,0,0,1,0,1,2,50.0,1,0,0,0,0,1,5,0
1538,Nacho,Real Madrid,4.2,7,5,2,5,0,3,6,50.0,3,8,6,2,4,11,8,0
1539,Bilal Nadir,Marseille,0.1,0,0,0,0,0,0,0,0.0,0,0,0,0,0,0,0,0
1540,Marvelous Nakamba,Luton Town,11.8,38,22,24,12,2,23,40,57.5,17,18,3,15,10,48,8,1
1541,Keito Nakamura,Reims,5.3,15,7,7,4,4,11,22,50.0,11,10,2,8,1,16,2,0
1542,Nahitan Nandez,Cagliari,7.4,7,5,5,1,1,4,14,28.6,10,5,1,4,4,11,7,0
1543,Matija Nastasic,Mallorca,8.0,7,3,3,4,0,4,5,80.0,1,12,6,6,6,13,33,0
1544,Natan,Napoli,6.0,9,8,6,3,0,4,6,66.7,2,8,7,1,4,13,18,0
1545,Roberto Navarro,Cádiz,2.1,8,2,0,7,1,2,3,66.7,1,1,0,1,2,10,1,0
1546,Jesus Navas,Sevilla,8.0,21,15,11,8,2,15,24,62.5,9,6,3,3,11,32,13,0
1547,Michel Ndary Adopo,Atalanta,0.4,0,0,0,0,0,0,0,0.0,0,0,0,0,0,0,0,1
1548,Youssouf Ndayishimiye,Nice,10.8,9,5,3,6,0,2,8,25.0,6,13,7,6,8,17,31,1
1549,Bassirou Ndiaye,Lorient,1.7,0.0,2,0.0,0.0,0.0,0.0,0.0,0.0,0.0,0.0,0.0,0.0,1,0.0,0.0,0.0
1550,Iliman Ndiaye,Marseille,6.6,4,4,0,2,2,2,7,28.6,5,6,1,5,2,6,2,0
1551,Rassoul Ndiaye,Le Havre,3.7,20,12,8,11,1,8,15,53.3,7,1,1,0,3,23,5,0
1552,Cher Ndour,Paris S-G,0.3,2,2,0,2,0,1,2,50.0,1,0,0,0,0,2,0,0
1553,Dan Ndoye,Bologna,7.1,14,6,10,4,0,7,20,35.0,13,8,1,7,1,15,7,0
1554,Loic Nego,Le Havre,7.0,15,10,7,7,1,6,12,50.0,6,5,1,4,10,25,6,0
1555,Alvaro Negredo,Cádiz,0.4,0,0,0,0,0,0,0,0.0,0,1,0,1,1,1,0,0
1556,Reiss Nelson,Arsenal,0.7,2,1,1,0,1,2,3,66.7,1,0,0,0,0,2,2,0
1557,Neto,Bournemouth,10.0,0,0,0,0,0,0,0,0.0,0,1,0,1,1,1,5,1
1558,Pedro Neto,Wolves,9.8,4,2,1,1,2,4,11,36.4,7,4,1,3,3,7,2,0
1560,Luca Netz,M'Gladbach,7.7,11,7,6,4,1,4,11,36.4,7,15,4,11,8,19,27,0
1561,Manuel Neuer,Bayern Munich,3.0,0,0,0,0,0,0,0,0.0,0,0,0,0,0,0,0,0
1562,Florian Neuhaus,M'Gladbach,5.5,5,5,2,3,0,3,11,27.3,8,4,3,1,6,11,6,0
1563,Carlos Neva,Granada,12.4,12,6,8,3,1,9,17,52.9,8,15,4,11,4,16,35,1
1564,Jessic Ngankam,Eint Frankfurt,2.3,2,1,0,1,1,0,0,0.0,0,0,0,0,0,2,0,0
1565,Cyril Ngonge,Hellas Verona,8.1,6,6,2,1,3,3,7,42.9,4,2,0,2,1,7,0,0
1566,Moussa Niakhate,Nott'ham Forest,5.0,14,10,13,1,0,6,8,75.0,2,6,3,3,3,17,15,0
1567,Shamar Nicholson,Clermont Foot,6.0,2,1,0,2,0,0,2,0.0,2,3,1,2,0,2,6,0
1568,Rasmus Nicolaisen,Toulouse,12.0,21,13,18,3,0,11,17,64.7,6,20,15,5,9,30,74,0
1569,Moritz Nicolas,M'Gladbach,9.0,0,0,0,0,0,0,1,0.0,1,0,0,0,0,0,3,0
1570,Hans Nicolussi Caviglia,Juventus,0.0,0,0,0,0,0,0,0,0.0,0,0,0,0,0,0,0,0
1571,Saul Niguez,Atlético Madrid,7.0,32,18,15,13,4,18,26,69.2,8,17,4,13,3,35,21,0
1572,Rasmus Nissen,Roma,6.0,14,7,8,4,2,11,16,68.8,5,12,2,10,1,15,15,0
1573,Justin Njinmah,Werder Bremen,2.1,1,0,0,1,0,0,1,0.0,1,2,0,2,0,1,2,0
1574,Eddie Nketiah,Arsenal,8.5,6,3,1,3,2,1,4,25.0,3,11,0,11,3,9,3,0
1575,Niels Nkounkou,Eint Frankfurt,2.4,7,6,4,3,0,4,7,57.1,3,6,0,6,3,10,4,0
1576,Felix Nmecha,Dortmund,6.7,13,9,3,6,4,8,13,61.5,5,9,0,9,8,21,11,0
1577,Arnaud Nordin,Montpellier,3.1,2,0,1,1,0,1,3,33.3,2,3,0,3,1,3,2,0
1578,Oliver Norwood,Sheffield Utd,9.8,28,19,12,13,3,14,29,48.3,15,13,4,9,12,40,28,0
1579,Randy Ntekja,Rayo Vallecano,3.3,4,1,1,2,1,2,4,50.0,2,4,1,3,1,5,3,0
1580,Ernest Nuamah,Lyon,5.2,6,2,4,1,1,2,9,22.2,7,2,0,2,2,8,1,0
1581,Alexander Nubel,Stuttgart,11.0,1,1,1,0,0,1,1,100.0,0,0,0,0,0,1,4,1
1582,Matheus Nunes,Wolves,2.0,3,1,3,0,0,2,6,33.3,4,0,0,0,6,9,1,0
1583,Matheus Nunes,Manchester City,2.2,4,2,0,3,1,2,6,33.3,4,2,1,1,0,4,5,0
1584,Darwin Nunez,Liverpool,6.7,7,6,1,2,4,2,8,25.0,6,8,2,6,0,7,3,0
1586,Unai Nunez,Celta Vigo,13.0,15,8,6,9,0,4,13,30.8,9,12,9,3,23,38,72,0
1587,Fabian Nurnberger,Darmstadt 98,8.7,18,13,15,3,0,16,29,55.2,13,5,1,4,11,29,16,0
1588,Simeon Nwankwo,Salernitana,0.4,0,0,0,0,0,0,0,0.0,0,0,0,0,0,0,0,0
1589,Gerzino Nyamsi,Strasbourg,11.0,16,12,11,5,0,10,14,71.4,4,16,9,7,10,26,40,0
1590,Orjan Nyland,Sevilla,7.0,0,0,0,0,0,0,0,0.0,0,0,0,0,0,0,2,0
1591,M'Bala Nzola,Fiorentina,7.7,6,4,0,1,5,2,3,66.7,1,5,0,5,0,6,13,0
1592,Christian Norgaard,Brentford,11.4,30,19,13,14,3,14,35,40.0,21,18,2,16,16,46,23,0
1593,Jake O'Brien,Lyon,5.0,3,3,3,0,0,1,1,100.0,0,4,3,1,1,4,10,0
1594,Dara O'Shea,Burnley,7.5,6,3,4,2,0,3,6,50.0,3,14,11,3,14,20,36,1
1595,Michael Obafemi,Burnley,0.1,0,0,0,0,0,0,0,0.0,0,1,0,1,0,0,0,0
1596,Adam Obert,Cagliari,4.2,9,4,4,4,1,4,7,57.1,3,9,4,5,9,18,17,0
1597,Pedro Obiang,Sassuolo,0.1,0,0,0,0,0,0,0,0.0,0,0,0,0,0,0,0,0
1598,Jan Oblak,Atlético Madrid,12.0,0,0,0,0,0,0,0,0.0,0,0,0,0,0,0,3,0
1599,Lucas Ocampos,Sevilla,9.7,20,14,5,8,7,5,13,38.5,8,12,0,12,7,27,4,0
1600,Guillermo Ochoa,Salernitana,11.0,0,0,0,0,0,0,0,0.0,0,0,0,0,0,0,7,0
1601,Wilson Odobert,Burnley,1.8,3,3,0,1,2,3,5,60.0,2,2,0,2,0,3,1,0
1602,Alvaro Odriozola,Real Sociedad,0.5,0,0,0,0,0,0,0,0.0,0,1,1,0,1,1,0,0
1603,Tim Oermann,Bochum,0.2,0,0,0,0,0,0,0,0.0,0,1,0,1,0,0,0,0
1604,Chiedozie Ogbene,Luton Town,8.5,12,8,6,6,0,7,10,70.0,3,4,1,3,2,14,12,1
1605,Angelo Ogbonna,West Ham,1.3,1,0,1,0,0,1,1,100.0,0,5,3,2,1,2,8,0
1606,Florent Ogier,Clermont Foot,3.9,4,2,4,0,0,2,4,50.0,2,8,6,2,4,8,11,2
1607,Noah Okafor,Milan,4.2,1,0,0,1,0,0,0,0.0,0,1,0,1,0,1,5,0
1608,Caleb Okoli,Frosinone,7.6,13,6,5,8,0,7,13,53.8,6,11,11,0,3,16,36,2
1609,Masaya Okugawa,Augsburg,0.1,0,0,0,0,0,0,0,0.0,0,0,0,0,0,0,2,0
1610,Joseph Okumu,Reims,8.3,19,12,13,6,0,9,20,45.0,11,6,2,4,14,33,47,0
1612,Michael Olakigbe,Brentford,0.2,0,0,0,0,0,0,0,0.0,0,3,0,3,0,0,0,0
1613,Olasagasti,Real Sociedad,0.4,2,1,1,1,0,1,2,50.0,1,0,0,0,2,4,1,0
1614,Finn Ole Becker,Hoffenheim,2.7,2,2,1,1,0,1,5,20.0,4,7,1,6,0,2,3,0
1615,Mathias Olesen,Köln,1.2,0,0,0,0,0,0,0,0.0,0,0,0,0,2,2,2,0
1616,Michael Olise,Crystal Palace,0.3,0,0,0,0,0,0,1,0.0,1,1,0,1,1,1,0,0
1617,Mathias Olivera,Napoli,7.8,27,15,19,6,2,12,21,57.1,9,13,1,12,8,35,14,0
1618,Dani Olmo,RB Leipzig,3.1,2,0,1,1,0,1,2,50.0,1,1,0,1,3,5,2,0
1619,Robin Olsen,Aston Villa,1.0,0,0,0,0,0,0,0,0.0,0,0,0,0,0,0,0,0
1620,Warmed Omari,Rennes,9.4,14,8,8,4,2,6,14,42.9,8,17,11,6,18,32,27,2
1621,Becir Omeragic,Montpellier,6.4,4,3,4,0,0,1,9,11.1,8,11,7,4,6,10,18,0
1622,Jonas Omlin,M'Gladbach,2.0,0,0,0,0,0,0,0,0.0,0,0,0,0,0,0,1,0
1623,Samuel Omorodion,Alavés,5.3,3,1,0,3,0,0,1,0.0,1,4,1,3,1,4,3,0
1624,Samuel Omorodion,Granada,0.9,1,1,0,1,0,1,1,100.0,0,0,0,0,0,1,0,0
1625,Amadou Onana,Everton,10.2,28,16,11,11,6,10,19,52.6,9,9,0,9,5,33,10,0
1626,Andre Onana,Manchester Utd,12.0,0,0,0,0,0,0,0,0.0,0,0,0,0,0,0,1,0
1627,Ryan One,Sheffield Utd,0.1,0,0,0,0,0,0,0,0.0,0,0,0,0,0,0,0,0
1628,Karim Onisiwo,Mainz 05,7.4,8,3,1,3,4,3,6,50.0,3,10,2,8,1,9,1,0
1629,Tyler Onyango,Everton,0.0,0,0,0,0,0,0,0,0.0,0,0,0,0,0,0,0,0
1630,Frank Onyeka,Brentford,4.2,11,8,3,7,1,4,8,50.0,4,3,0,3,6,17,8,0
1631,Lois Openda,RB Leipzig,9.2,0,0,0,0,0,0,2,0.0,2,3,0,3,2,2,4,0
1632,Christopher Operi,Le Havre,7.2,18,11,9,9,0,11,18,61.1,7,12,0,12,10,28,9,0
1633,Leon Opitz,Werder Bremen,0.2,2,2,1,1,0,2,3,66.7,1,0,0,0,0,2,0,0
1634,Willi Orban,RB Leipzig,3.0,7,4,2,5,0,4,5,80.0,1,4,1,3,2,9,14,0
1635,Ivan Ordets,Bochum,8.4,4,2,0,3,1,1,2,50.0,1,14,8,6,19,23,42,0
1636,Divock Origi,Nott'ham Forest,0.7,0,0,0,0,0,0,0,0.0,0,0,0,0,0,0,0,0
1638,Gaetano Oristanio,Cagliari,5.4,6,4,2,3,1,0,3,0.0,3,1,0,1,4,10,2,0
1639,Aimar Oroz,Osasuna,11.9,14,7,3,9,2,4,16,25.0,12,15,0,15,5,19,4,0
1640,Riccardo Orsolini,Bologna,8.0,7,3,6,0,1,3,15,20.0,12,10,2,8,4,11,10,0
1641,Stefan Ortega,Manchester City,1.0,0,0,0,0,0,0,0,0.0,0,0,0,0,0,0,0,0
1642,Ben Osborn,Sheffield Utd,3.1,5,1,0,3,2,4,6,66.7,2,7,0,7,0,5,9,0
1643,Gabriel Osho,Luton Town,2.6,3,2,1,2,0,2,2,100.0,0,3,2,1,4,7,16,0
1644,Victor Osimhen,Napoli,6.9,4,2,0,1,3,1,2,50.0,1,1,1,0,0,4,5,0
1645,Milutin Osmajic,Cádiz,0.1,0,0,0,0,0,0,0,0.0,0,0,0,0,0,0,0,0
1646,Patrick Osterhage,Bochum,3.6,8,5,0,7,1,0,4,0.0,4,5,0,5,4,12,5,0
1647,William Osula,Sheffield Utd,2.6,0,0,0,0,0,0,0,0.0,0,2,1,1,0,0,1,0
1648,Dango Ouattara,Bournemouth,2.5,8,4,5,1,2,2,4,50.0,2,3,0,3,2,10,4,0
1649,Kassoum Ouattara,Monaco,0.1,1,1,0,0,1,1,1,100.0,0,0,0,0,0,1,0,0
1650,Remi Oudin,Lecce,2.8,1,1,1,0,0,0,1,0.0,1,3,0,3,4,5,3,0
1651,Alexandre Oukidja,Metz,11.2,0,0,0,0,0,0,0,0.0,0,0,0,0,0,0,7,0
1652,Azzedine Ounahi,Marseille,3.7,7,3,2,4,1,1,7,14.3,6,0,0,0,3,10,0,0
1653,Adam Ounas,Lille,1.4,2,1,1,1,0,2,5,40.0,3,1,0,1,3,5,0,0
1654,Mikel Oyarzabal,Real Sociedad,9.6,8,7,2,4,2,3,11,27.3,8,9,0,9,2,10,6,0
1655,Anthony Oyono,Frosinone,10.2,30,19,18,11,1,19,29,65.5,10,15,2,13,7,37,27,0
1656,Salih Ozcan,Dortmund,4.8,8,4,5,3,0,5,8,62.5,3,7,1,6,6,14,2,0
1657,Bertug Ozgur Yildirim,Rennes,2.5,2,2,0,1,1,0,1,0.0,1,1,0,1,0,2,3,0
1658,Cenk Ozkacar,Valencia,6.5,12,7,9,3,0,8,14,57.1,6,7,2,5,5,17,25,1
1659,David Ozoh,Crystal Palace,0.0,1,0,0,1,0,1,1,100.0,0,0,0,0,0,1,0,0
1660,Jon Pacheco,Real Sociedad,3.5,3,3,3,0,0,1,3,33.3,2,6,4,2,2,5,14,0
1661,Willian Pacho,Eint Frankfurt,11.0,26,16,16,10,0,14,18,77.8,4,16,6,10,17,43,51,0
1662,Goncalo Paciencia,Bochum,2.6,3,1,1,0,2,2,3,66.7,1,0,0,0,0,3,3,0
1664,Simone Pafundi,Udinese,0.1,0,0,0,0,0,0,0,0.0,0,0,0,0,0,0,0,0
1665,Riccardo Pagano,Roma,0.6,2,2,1,1,0,0,6,0.0,6,3,2,1,0,2,2,0
1666,Pablo Pagis,Lorient,1.8,10,6,5,4,1,6,10,60.0,4,2,0,2,3,13,1,0
1667,Exequiel Palacios,Leverkusen,9.7,25,14,8,13,4,11,24,45.8,13,14,0,14,19,44,8,1
1668,Isaac Palazon Camacho,Rayo Vallecano,10.9,14,6,3,6,5,5,17,29.4,12,9,0,9,7,21,21,0
1669,Joao Palhinha,Fulham,9.2,52,25,35,12,5,36,58,62.1,22,19,2,17,17,69,16,0
1670,Nicolas Pallois,Nantes,4.8,8,2,3,3,2,3,5,60.0,2,8,6,2,6,14,31,0
1671,Cole Palmer,Manchester City,0.1,0,0,0,0,0,0,0,0.0,0,0,0,0,0,0,0,0
1672,Cole Palmer,Chelsea,6.6,5,4,3,0,2,3,7,42.9,4,3,0,3,6,11,1,0
1673,Emerson Palmieri,West Ham,11.0,27,16,14,8,5,12,17,70.6,5,14,2,12,15,42,31,0
1674,Milos Pantovic,Union Berlin,0.2,0,0,0,0,0,0,0,0.0,0,0,0,0,0,0,0,0
1675,Matondo-Merveille Papela,Mainz 05,0.4,0,0,0,0,0,0,1,0.0,1,0,0,0,2,2,0,0
1676,Leart Paqarada,Köln,8.9,16,8,8,7,1,7,18,38.9,11,14,5,9,9,25,18,1
1677,Lucas Paqueta,West Ham,10.8,29,22,18,9,2,11,25,44.0,14,9,0,9,10,39,11,1
1678,Aitor Paredes,Athletic Club,10.8,4,2,3,1,0,3,7,42.9,4,11,7,4,8,12,37,0
1679,Kevin Paredes,Wolfsburg,3.1,8,3,5,3,0,4,6,66.7,2,7,0,7,9,17,3,0
1680,Leandro Paredes,Roma,9.1,18,12,9,8,1,11,29,37.9,18,6,0,6,9,27,12,0
1681,Daniel Parejo,Villarreal,11.6,16,12,6,10,0,8,14,57.1,6,7,2,5,5,21,10,3
1682,Fabiano Parisi,Fiorentina,8.5,17,7,6,6,5,10,16,62.5,6,17,4,13,11,28,12,0
1683,Ben Parkinson,Newcastle Utd,0.3,0,0,0,0,0,0,0,0.0,0,1,0,1,0,0,1,0
1684,Thomas Partey,Arsenal,2.8,6,5,5,1,0,4,6,66.7,2,2,1,1,4,10,2,0
1685,Mario Pasalic,Atalanta,3.8,2,0,0,2,0,2,2,100.0,0,7,2,5,1,3,9,0
1686,Pascu,Villarreal,0.2,0,0,0,0,0,0,0,0.0,0,0,0,0,0,0,0,0
1687,Felix Passlack,Bochum,4.8,10,7,4,5,1,7,13,53.8,6,6,1,5,5,15,10,0
1688,Patric,Lazio,6.0,4,2,4,0,0,2,6,33.3,4,5,2,3,2,6,12,0
1690,Rui Patricio,Roma,12.0,0,0,0,0,0,0,1,0.0,1,0,0,0,0,0,1,1
1691,Nathan Patterson,Everton,5.9,18,14,12,6,0,9,21,42.9,12,10,2,8,6,24,17,0
1692,Gabriel Paulista,Valencia,9.2,7,4,6,1,0,5,10,50.0,5,9,4,5,16,23,42,0
1693,Benjamin Pavard,Inter,4.5,10,6,3,7,0,4,5,80.0,1,9,5,4,9,19,10,0
1694,Jiri Pavlenka,Werder Bremen,7.0,0,0,0,0,0,0,0,0.0,0,0,0,0,0,0,2,0
1695,Aleksandar Pavlovic,Bayern Munich,1.3,6,5,4,2,0,4,6,66.7,2,4,0,4,1,7,2,0
1696,Leonardo Pavoletti,Cagliari,2.2,1,1,0,0,1,0,0,0.0,0,1,1,0,0,1,1,0
1697,Martin Payero,Udinese,4.8,9,7,2,4,3,3,12,25.0,9,4,0,4,3,12,7,0
1698,Nicolas Paz,Real Madrid,0.1,0,0,0,0,0,0,0,0.0,0,1,0,1,1,1,0,0
1699,Mads Pedersen,Augsburg,7.5,13,9,7,5,1,5,9,55.6,4,8,1,7,6,19,21,0
1700,Marcus Pedersen,Sassuolo,3.5,7,5,6,1,0,4,5,80.0,1,4,1,3,3,10,10,0
1701,Alfonso Pedraza,Villarreal,5.7,12,5,11,1,0,4,7,57.1,3,7,3,4,5,17,9,0
1702,Pedri,Barcelona,3.1,5,3,0,5,0,1,5,20.0,4,4,0,4,2,7,2,0
1703,Pedro,Lazio,3.3,10,8,3,5,2,2,3,66.7,1,6,0,6,1,11,1,0
1704,Adria Pedrosa,Sevilla,6.6,18,9,11,6,1,6,9,66.7,3,9,2,7,6,24,20,0
1705,Jordan Pefok,M'Gladbach,5.0,1,1,0,1,0,0,2,0.0,2,6,2,4,1,2,9,0
1706,Jordan Pefok,Union Berlin,0.3,0,0,0,0,0,0,0,0.0,0,1,1,0,0,0,0,0
1707,Pietro Pellegri,Torino,3.2,3,1,1,2,0,1,4,25.0,3,0,0,0,0,3,2,0
1708,Lorenzo Pellegrini,Roma,3.5,10,5,3,6,1,6,9,66.7,3,2,0,2,2,12,3,0
1709,Luca Pellegrini,Lazio,2.0,3,3,2,1,0,2,5,40.0,3,3,2,1,1,4,3,0
1710,Marco Pellegrino,Milan,0.8,1,1,0,0,1,0,2,0.0,2,1,1,0,1,2,2,0
1711,Facundo Pellistri,Manchester Utd,1.3,2,2,1,1,0,0,2,0.0,2,4,0,4,1,3,3,0
1712,Andy Pelmard,Clermont Foot,11.0,20,14,15,5,0,13,15,86.7,2,16,6,10,6,26,19,1
1713,Ruben Pena,Osasuna,9.4,24,16,11,9,4,10,25,40.0,15,13,2,11,12,36,19,1
1714,Pepin,Monza,1.5,2,0,1,1,0,0,1,0.0,1,4,2,2,0,2,2,0
1716,Alberto Perea,Granada,0.0,0,0,0,0,0,0,2,0.0,2,0,0,0,0,0,0,0
1717,Andreas Pereira,Fulham,8.7,6,1,0,1,5,1,9,11.1,8,4,1,3,1,7,6,0
1718,Danilo Pereira,Paris S-G,5.5,7,4,6,0,1,1,4,25.0,3,9,9,0,8,15,26,0
1719,Mathias Pereira Lage,Brest,1.4,1,0,0,1,0,1,3,33.3,2,3,1,2,0,1,2,0
1720,Pedro Pereira,Monza,1.4,2,1,1,1,0,1,5,20.0,4,4,1,3,1,3,5,0
1721,Roberto Pereyra,Udinese,5.7,7,2,4,3,0,4,9,44.4,5,5,1,4,2,9,2,0
1722,Ayoze Perez,Betis,11.0,27,19,6,18,3,8,22,36.4,14,18,1,17,12,39,10,0
1723,Carles Perez,Celta Vigo,2.4,3,2,1,1,1,2,4,50.0,2,4,0,4,2,5,1,0
1724,Francisco Perez,Valencia,9.7,10,4,4,5,1,4,17,23.5,13,8,0,8,5,15,1,0
1725,Kike Perez,Rayo Vallecano,4.0,13,6,6,6,1,5,10,50.0,5,5,0,5,3,16,4,0
1726,Nehuen Perez,Udinese,12.0,29,18,16,12,1,15,20,75.0,5,18,8,10,9,38,42,0
1727,Mattia Perin,Juventus,2.0,0,0,0,0,0,0,0,0.0,0,0,0,0,0,0,1,0
1728,Samuele Perisan,Empoli,1.0,0,0,0,0,0,0,0,0.0,0,0,0,0,0,0,0,0
1729,Ivan Perisic,Tottenham,1.1,3,2,1,1,1,3,5,60.0,2,1,0,1,2,5,1,0
1730,Romain Perraud,Nice,1.1,5,5,4,1,0,3,5,60.0,2,3,0,3,2,7,3,0
1731,Lucas Perrin,Strasbourg,9.0,19,12,13,6,0,13,23,56.5,10,12,6,6,7,26,26,0
1732,Maximo Perrone,Las Palmas,4.2,13,7,4,7,2,5,9,55.6,4,4,1,3,8,21,5,0
1733,Pavao Pervan,Wolfsburg,3.0,0,0,0,0,0,0,0,0.0,0,0,0,0,0,0,1,0
1734,Matteo Pessina,Monza,11.5,16,8,4,10,2,8,20,40.0,12,10,4,6,8,24,15,0
1735,Andrea Petagna,Cagliari,3.7,0,0,0,0,0,0,1,0.0,1,2,1,1,0,0,3,0
1736,Denis Petric,Nantes,0.3,0,0,0,0,0,0,0,0.0,0,0,0,0,0,0,0,0
1737,Njegos Petrovic,Granada,1.0,4,2,3,1,0,2,3,66.7,1,2,0,2,0,4,3,0
1738,Jens Petter Hauge,Eint Frankfurt,1.1,1,1,0,0,1,1,4,25.0,3,4,1,3,0,1,0,0
1739,German Pezzella,Betis,11.7,15,11,11,4,0,9,12,75.0,3,13,9,4,15,30,66,0
1740,Giuseppe Pezzella,Empoli,3.7,11,8,7,3,1,9,13,69.2,4,12,4,8,0,11,9,0
1742,Luca Pfeiffer,Darmstadt 98,7.9,5,1,0,3,2,2,5,40.0,3,3,1,2,1,6,10,0
1743,Patric Pfeiffer,Augsburg,3.6,9,5,5,3,1,5,5,100.0,0,6,3,3,5,14,13,0
1744,Maximilian Philipp,Freiburg,2.5,7,5,4,3,0,1,5,20.0,4,5,0,5,0,7,0,0
1745,Kalvin Phillips,Manchester City,1.0,3,3,1,1,1,0,0,0.0,0,0,0,0,2,5,2,0
1746,Jaden Philogene Bidace,Aston Villa,0.0,0,0,0,0,0,0,0,0.0,0,0,0,0,0,0,0,0
1747,Roberto Piccoli,Empoli,0.4,1,1,0,0,1,1,1,100.0,0,0,0,0,0,1,0,0
1748,Roberto Piccoli,Lecce,1.8,4,1,0,3,1,0,0,0.0,0,4,0,4,1,5,3,0
1749,Florian Pick,Heidenheim,2.1,3,3,2,0,1,2,3,66.7,1,2,0,2,2,5,0,0
1750,Jordan Pickford,Everton,12.0,0,0,0,0,0,0,0,0.0,0,0,0,0,0,0,7,0
1751,Amos Pieper,Werder Bremen,6.0,13,10,8,5,0,7,12,58.3,5,12,7,5,8,21,34,1
1752,Marvin Pieringer,Heidenheim,4.7,5,4,1,3,1,2,7,28.6,5,10,2,8,4,9,3,0
1753,Ronael Pierre-Gabriel,Nantes,5.5,14,8,11,2,1,5,7,71.4,2,13,4,9,7,21,22,0
1754,Andrea Pinamonti,Sassuolo,10.3,3,3,0,1,2,1,6,16.7,5,5,1,4,0,3,7,0
1755,Ethan Pinnock,Brentford,12.0,16,9,10,6,0,3,10,30.0,7,17,10,7,20,36,79,1
1756,Yeremi Pino,Villarreal,5.3,25,18,12,10,3,9,18,50.0,9,11,1,10,5,30,5,0
1757,Lorenzo Pirola,Salernitana,8.4,15,9,10,5,0,5,12,41.7,7,14,9,5,8,23,36,0
1758,Alassane Plea,M'Gladbach,8.4,9,6,4,4,1,3,9,33.3,6,6,0,6,0,9,2,0
1759,Tommaso Pobega,Milan,1.9,8,5,8,0,0,3,6,50.0,3,4,1,3,4,12,3,0
1760,Paul Pogba,Juventus,0.6,1,1,0,1,0,1,1,100.0,0,0,0,0,1,2,1,0
1761,Matteo Politano,Napoli,8.2,9,6,2,5,2,8,19,42.1,11,2,0,2,7,16,3,0
1762,Julien Ponceau,Lorient,7.3,10,4,6,3,1,2,6,33.3,4,8,0,8,13,23,8,0
1763,Marin Pongracic,Lecce,12.0,16,11,8,8,0,12,17,70.6,5,14,10,4,17,33,47,0
1764,Nick Pope,Newcastle Utd,12.0,0,0,0,0,0,0,1,0.0,1,0,0,0,0,0,7,1
1765,Pedro Porro,Tottenham,11.0,39,27,22,11,6,27,54,50.0,27,27,6,21,7,46,35,1
1766,Portu,Getafe,1.1,5,3,4,0,1,5,6,83.3,1,0,0,0,0,5,0,0
1768,Portu,Girona,2.1,4,4,0,3,1,1,5,20.0,4,2,0,2,1,5,0,0
1769,Stefan Posch,Bologna,5.7,20,9,10,8,2,13,20,65.0,7,6,3,3,5,25,10,0
1770,Yussuf Poulsen,RB Leipzig,5.8,5,4,0,3,2,2,6,33.3,4,6,1,5,2,7,9,0
1771,Alejandro Pozo Pozo,Almería,4.2,4,3,2,1,1,1,6,16.7,5,1,0,1,1,5,8,0
1772,Benat Prados,Athletic Club,1.5,6,3,4,2,0,4,8,50.0,4,3,1,2,1,7,5,0
1773,Matteo Prati,Cagliari,6.4,16,9,4,11,1,8,13,61.5,5,8,0,8,4,20,6,0
1774,Abdon Prats,Mallorca,3.9,2,2,0,1,1,0,2,0.0,2,0,0,0,1,3,2,0
1775,Sanjin Prcic,Strasbourg,1.0,0,0,0,0,0,0,1,0.0,1,2,1,1,3,3,1,0
1776,Grischa Promel,Hoffenheim,10.1,20,14,6,8,6,10,21,47.6,11,8,1,7,4,24,16,0
1777,Ivan Provedel,Lazio,12.0,0,0,0,0,0,0,1,0.0,1,0,0,0,0,0,7,0
1778,Pubill,Almería,3.0,14,7,9,4,1,8,13,61.5,5,4,3,1,4,18,9,0
1779,Gustavo Puerta,Leverkusen,0.1,0,0,0,0,0,0,0,0.0,0,0,0,0,0,0,0,0
1780,Antonio Puertas,Granada,5.4,8,5,3,4,1,4,9,44.4,5,3,0,3,4,12,3,0
1781,Arnau Puigmal,Almería,2.5,2,1,1,1,0,1,3,33.3,2,2,0,2,3,5,1,0
1782,Christian Pulisic,Milan,7.3,9,8,4,2,3,5,6,83.3,1,4,0,4,3,12,3,0
1783,George Puscas,Genoa,1.0,0,0,0,0,0,0,2,0.0,2,0,0,0,0,0,1,0
1784,Jarrell Quansah,Liverpool,1.3,4,3,3,1,0,2,3,66.7,1,0,0,0,3,7,7,0
1785,Domingos Quina,Udinese,0.1,1,1,1,0,0,0,0,0.0,0,0,0,0,0,1,0,0
1786,Adrien Rabiot,Juventus,11.0,27,15,9,16,2,19,28,67.9,9,13,4,9,11,38,13,0
1787,Uros Racic,Sassuolo,2.6,5,2,2,3,0,0,3,0.0,3,6,2,4,2,7,5,0
1788,Nemanja Radonjic,Torino,4.0,1,1,0,0,1,1,3,33.3,2,3,0,3,0,1,0,0
1789,Ionut Radu,Bournemouth,2.0,0,0,0,0,0,0,0,0.0,0,0,0,0,0,0,0,0
1790,Boris Radunovic,Cagliari,7.0,0,0,0,0,0,0,0,0.0,0,0,0,0,1,1,1,2
1791,Hamza Rafia,Lecce,7.0,20,15,4,15,1,3,11,27.3,8,16,1,15,7,27,5,0
1792,Antonio Raillo,Mallorca,2.0,3,2,1,2,0,2,2,100.0,0,6,3,3,4,7,6,1
1794,Luca Raimund,Stuttgart,0.2,3,1,2,1,0,0,0,0.0,0,1,0,1,0,3,0,0
1795,Predrag Rajkovic,Mallorca,12.0,0,0,0,0,0,0,0,0.0,0,0,0,0,0,0,5,0
1796,Jesuran Rak Sakyi,Crystal Palace,1.5,4,1,3,1,0,2,3,66.7,1,2,0,2,3,7,1,0
1797,Ivan Rakitic,Sevilla,10.1,21,12,6,8,7,9,13,69.2,4,7,3,4,7,28,9,0
1798,Ylber Ramadani,Lecce,11.8,24,15,12,9,3,13,34,38.2,21,13,5,8,20,44,14,0
1799,Largie Ramazani,Almería,8.1,11,7,4,6,1,6,25,24.0,19,6,2,4,20,31,3,0
1800,Benito Ramirez,Las Palmas,0.9,2,1,0,2,0,1,1,100.0,0,2,1,1,0,2,0,0
1801,Sandro Ramirez,Las Palmas,3.9,4,4,1,3,0,1,2,50.0,1,3,0,3,0,4,4,0
1802,Chris Ramos,Cádiz,10.1,12,7,5,6,1,4,15,26.7,11,7,3,4,4,16,17,0
1803,Goncalo Ramos,Paris S-G,6.7,11,6,4,3,4,4,10,40.0,6,3,1,2,0,11,7,0
1804,Sergio Ramos,Sevilla,4.0,3,3,1,1,1,1,2,50.0,1,5,5,0,6,9,18,0
1805,Aaron Ramsdale,Arsenal,4.0,0,0,0,0,0,0,0,0.0,0,0,0,0,0,0,2,0
1806,Aaron Ramsey,Burnley,2.4,7,6,4,1,2,3,6,50.0,3,5,0,5,0,7,3,0
1807,Jacob Ramsey,Aston Villa,0.6,4,2,3,1,0,1,3,33.3,2,2,0,2,1,5,0,0
1808,Luca Ranieri,Fiorentina,4.7,2,2,2,0,0,2,2,100.0,0,8,6,2,8,10,12,0
1809,Filippo Ranocchia,Empoli,2.6,8,7,3,5,0,5,10,50.0,5,6,1,5,0,8,6,0
1810,Grant Ranos,M'Gladbach,0.2,0,0,0,0,0,0,0,0.0,0,0,0,0,0,0,0,0
1811,Raphinha,Barcelona,3.1,3,1,1,2,0,1,3,33.3,2,1,0,1,2,5,1,0
1812,Nicolai Rapp,Werder Bremen,0.8,3,2,2,1,0,2,2,100.0,0,2,0,2,2,5,8,0
1813,Elba Rashani,Clermont Foot,2.9,5,3,1,4,0,1,5,20.0,4,5,0,5,1,6,3,0
1814,Marcus Rashford,Manchester Utd,10.3,2,2,1,0,1,1,7,14.3,6,6,1,5,1,3,5,0
1815,Giacomo Raspadori,Napoli,7.9,14,6,4,5,5,4,8,50.0,4,6,0,6,3,17,2,0
1816,Andrei Ratiu,Rayo Vallecano,1.9,5,2,2,2,1,4,7,57.1,3,1,0,1,0,5,2,0
1817,Raul,Osasuna,3.6,5,1,2,1,2,1,4,25.0,3,1,1,0,1,6,4,0
1818,David Raum,RB Leipzig,10.7,19,11,10,7,2,11,23,47.8,12,17,1,16,5,24,24,1
1820,David Raya,Arsenal,8.0,0,0,0,0,0,0,0,0.0,0,0,0,0,0,0,2,1
1821,Tim Ream,Fulham,10.7,14,8,10,3,1,4,9,44.4,5,10,4,6,17,31,36,2
1822,Abderrahman Rebbach,Alavés,2.5,2,2,0,0,2,2,6,33.3,4,2,0,2,1,3,1,0
1823,Nathan Redmond,Burnley,1.0,2,1,0,0,2,1,2,50.0,1,0,0,0,0,2,1,0
1824,Harrison Reed,Fulham,6.4,10,7,3,6,1,4,12,33.3,8,6,3,3,2,12,5,0
1825,Sergio Reguilon,Manchester Utd,2.9,6,3,2,1,3,4,10,40.0,6,3,0,3,2,8,4,0
1826,Bobby Reid,Fulham,6.8,13,9,3,9,1,3,6,50.0,3,12,1,11,0,13,7,0
1827,Tijjani Reijnders,Milan,11.1,12,4,3,7,2,4,11,36.4,7,9,2,7,3,15,8,0
1828,Reinier,Frosinone,4.3,9,4,2,6,1,2,5,40.0,3,8,2,6,2,11,1,0
1829,Rocco Reitz,M'Gladbach,8.1,18,11,6,11,1,11,18,61.1,7,14,5,9,8,26,17,0
1830,Alex Remiro,Real Sociedad,13.0,0,0,0,0,0,0,0,0.0,0,0,0,0,0,0,8,1
1831,Guillaume Restes,Toulouse,12.0,0,0,0,0,0,0,1,0.0,1,0,0,0,0,0,7,1
1832,Mateo Retegui,Genoa,6.8,5,4,3,1,1,1,4,25.0,3,3,0,3,0,5,4,0
1833,Marco Reus,Dortmund,6.6,11,8,2,8,1,2,6,33.3,4,5,0,5,1,12,2,0
1834,Elvis Rexhbecaj,Augsburg,10.6,16,11,5,9,2,10,17,58.8,7,18,4,14,9,25,9,0
1835,Gio Reyna,Dortmund,1.4,5,4,2,2,1,2,2,100.0,0,3,0,3,1,6,4,0
1836,Chadi Riad,Betis,7.3,11,4,3,8,0,6,10,60.0,4,3,1,2,6,17,36,0
1837,Alexsandro Ribeiro,Lille,9.4,14,11,12,2,0,6,13,46.2,7,10,3,7,15,29,52,0
1838,Samuele Ricci,Torino,8.7,15,8,7,7,1,7,10,70.0,3,5,1,4,8,23,8,0
1839,Declan Rice,Arsenal,11.4,24,13,11,12,1,9,19,47.4,10,17,4,13,16,40,17,0
1840,Chris Richards,Crystal Palace,1.3,1,0,1,0,0,0,0,0.0,0,3,2,1,2,3,8,0
1841,Amir Richardson,Reims,6.1,12,6,5,5,2,3,9,33.3,6,12,4,8,9,21,19,0
1842,Richarlison,Tottenham,6.0,6,4,2,2,2,2,4,50.0,2,13,3,10,5,11,6,0
1843,Marco Richter,Mainz 05,2.2,4,1,1,2,1,1,1,100.0,0,1,0,1,0,4,0,0
1844,Diego Rico,Getafe,8.9,23,15,12,9,2,16,27,59.3,11,1,0,1,13,36,22,0
1846,Clemens Riedel,Darmstadt 98,2.2,7,3,6,1,0,4,8,50.0,4,3,0,3,4,11,12,0
1847,Fabian Rieder,Rennes,2.4,3,2,0,2,1,0,3,0.0,3,1,1,0,2,5,1,0
1848,Jairo Riedewald,Crystal Palace,1.0,3,1,0,1,2,1,2,50.0,1,0,0,0,2,5,0,0
1849,Manuel Riemann,Bochum,11.0,1,0,1,0,0,1,1,100.0,0,0,0,0,1,2,6,0
1850,Luis Rioja,Alavés,11.2,13,11,4,8,1,6,14,42.9,8,9,0,9,6,19,11,0
1851,Remy Riou,Lyon,3.0,0,0,0,0,0,0,1,0.0,1,0,0,0,0,0,1,1
1852,Rodrigo Riquelme,Atlético Madrid,5.0,6,3,4,2,0,4,9,44.4,5,5,0,5,1,7,4,0
1853,Mihailo Ristic,Celta Vigo,3.9,3,2,2,1,0,2,2,100.0,0,6,1,5,2,5,9,0
1854,Matt Ritchie,Newcastle Utd,0.8,2,1,0,2,0,1,2,50.0,1,0,0,0,1,3,5,0
1855,Gorka Rivera Alonso,Getafe,0.0,0,0,0,0,0,0,0,0.0,0,0,0,0,0,0,0,0
1856,Sergi Roberto,Barcelona,2.1,2,2,1,1,0,1,2,50.0,1,1,1,0,2,4,0,0
1857,Lucas Robertone,Almería,7.4,16,8,4,9,3,9,14,64.3,5,10,4,6,17,33,11,0
1858,Connor Roberts,Burnley,8.2,10,4,5,3,2,6,13,46.2,7,7,5,2,4,14,20,2
1859,Andrew Robertson,Liverpool,8.0,15,11,11,3,1,10,17,58.8,7,6,3,3,8,23,21,0
1860,Antonee Robinson,Fulham,11.0,25,16,15,6,4,15,31,48.4,16,15,1,14,23,48,29,1
1861,Jack Robinson,Sheffield Utd,11.5,17,12,11,6,0,12,20,60.0,8,20,12,8,12,29,47,2
1862,Marc Roca,Betis,11.1,22,16,5,14,3,13,22,59.1,9,14,1,13,8,30,7,1
1863,Sebastian Rode,Eint Frankfurt,0.3,3,2,0,2,1,2,3,66.7,1,0,0,0,1,4,0,0
1864,Rodri,Manchester City,9.1,19,11,8,9,2,8,16,50.0,8,9,2,7,8,27,9,2
1865,Rodri,Betis,5.5,8,3,3,4,1,5,12,41.7,7,3,0,3,2,10,1,0
1866,Oscar Rodriguez Arnaiz,Getafe,1.8,4,2,0,4,0,0,3,0.0,3,0,0,0,0,4,1,0
1867,Dani Rodriguez,Mallorca,10.4,22,11,8,10,4,12,18,66.7,6,11,3,8,4,26,5,0
1868,Guido Rodriguez,Betis,9.9,15,8,8,6,1,12,24,50.0,12,12,3,9,10,25,21,0
1869,Jay Rodriguez,Burnley,3.3,4,2,2,0,2,2,4,50.0,2,4,1,3,1,5,4,0
1870,Kirian Rodriguez,Las Palmas,11.7,20,14,9,10,1,9,26,34.6,17,14,1,13,8,28,5,0
1872,Miguel Rodriguez,Celta Vigo,0.8,1,0,0,0,1,1,1,100.0,0,0,0,0,1,2,0,0
1873,Ricardo Rodriguez,Torino,11.0,13,8,5,8,0,6,16,37.5,10,10,4,6,9,22,21,1
1874,Rodrygo,Real Madrid,9.9,5,5,1,3,1,1,5,20.0,4,3,0,3,4,9,1,0
1875,Mads Roerslev,Brentford,4.7,10,5,8,2,0,4,14,28.6,10,2,0,2,1,11,21,0
1876,Rogerio,Wolfsburg,3.5,2,2,2,0,0,1,2,50.0,1,7,1,6,2,4,6,0
1877,Merlin Rohl,Freiburg,4.8,9,4,5,3,1,3,12,25.0,9,8,1,7,1,10,9,0
1878,Alessio Romagnoli,Lazio,12.0,8,5,2,6,0,4,6,66.7,2,14,9,5,14,22,47,0
1879,Simone Romagnoli,Frosinone,8.4,9,2,4,4,1,4,4,100.0,0,13,10,3,8,17,55,0
1880,Carlos Romero,Villarreal,1.9,5,2,3,0,2,4,7,57.1,3,2,0,2,1,6,5,0
1881,Cristian Romero,Tottenham,9.5,22,15,14,7,1,12,15,80.0,3,13,6,7,16,38,44,0
1882,Luka Romero,Milan,1.0,0,0,0,0,0,0,3,0.0,3,2,0,2,0,0,0,0
1883,Oriol Romeu,Barcelona,6.4,18,10,11,6,1,7,12,58.3,5,7,2,5,6,24,12,0
1884,Valentin Rongier,Marseille,9.5,23,12,9,12,2,14,26,53.8,12,16,4,12,15,38,18,0
1885,Frank Ronstadt,Darmstadt 98,0.2,0,0,0,0,0,0,1,0.0,1,1,0,1,1,1,1,0
1886,Marten de Roon,Atalanta,12.0,35,16,16,16,3,17,41,41.5,24,12,2,10,15,50,18,0
1887,Pablo Rosario,Nice,5.6,12,8,5,6,1,7,10,70.0,3,2,1,1,6,18,5,0
1888,Joe Rothwell,Bournemouth,4.0,7,2,4,2,1,2,8,25.0,6,4,2,2,2,9,1,0
1889,Anthony Rouault,Stuttgart,4.5,10,7,8,2,0,7,8,87.5,1,7,4,3,3,13,9,0
1890,Jerome Roussillon,Union Berlin,2.4,5,2,3,2,0,2,2,100.0,0,4,1,3,1,6,3,0
1891,Nicolo Rovella,Lazio,5.7,15,11,10,4,1,7,16,43.8,9,11,1,10,9,24,9,0
1892,Amir Rrahmani,Napoli,6.5,8,7,3,5,0,7,10,70.0,3,7,4,3,5,13,13,0
1893,Ruan,Sassuolo,5.2,6,2,2,3,1,1,4,25.0,3,5,3,2,11,17,20,1
1894,Pelly Ruddock Mpanzu,Luton Town,5.7,5,1,1,4,0,2,4,50.0,2,5,2,3,5,10,6,1
1895,Antonio Rudiger,Real Madrid,11.5,9,6,5,1,3,6,9,66.7,3,10,9,1,4,13,39,0
1896,Fabian Rudlin,Freiburg,0.1,1,0,0,0,1,0,0,0.0,0,0,0,0,0,1,0,0
1898,Daniele Rugani,Juventus,4.8,1,0,0,1,0,0,1,0.0,1,6,2,4,5,6,23,0
1899,Matteo Ruggeri,Atalanta,10.2,8,5,4,3,1,5,8,62.5,3,20,2,18,7,15,11,0
1900,Mario Rui,Napoli,3.9,11,5,6,1,4,6,9,66.7,3,6,2,4,5,16,8,0
1901,Aitor Ruibal,Betis,2.7,8,3,3,4,1,6,12,50.0,6,1,0,1,3,11,3,0
1902,Fabian Ruiz Pena,Paris S-G,5.7,19,11,8,8,3,13,19,68.4,6,6,2,4,3,22,6,0
1903,Sergio Ruiz,Granada,6.7,21,8,9,9,3,10,22,45.5,12,4,1,3,4,25,9,1
1904,Julian Ryerson,Dortmund,7.9,13,9,9,3,1,10,16,62.5,6,12,2,10,4,17,10,2
1905,Frederik Ronnow,Union Berlin,11.0,0,0,0,0,0,0,0,0.0,0,0,0,0,1,1,6,1
1906,Jose Sa,Wolves,12.0,0,0,0,0,0,0,0,0.0,0,1,0,1,0,0,5,3
1907,Youssouf Sabaly,Betis,3.0,6,3,5,0,1,2,3,66.7,1,3,1,2,3,9,10,0
1908,Emmanuel Sabbi,Le Havre,2.8,6,1,3,2,1,4,10,40.0,6,8,0,8,1,7,1,0
1909,Stefano Sabelli,Genoa,8.9,19,8,11,8,0,6,13,46.2,7,10,1,9,8,27,14,0
1910,Marcel Sabitzer,Dortmund,6.8,12,7,6,6,0,7,14,50.0,7,13,6,7,5,17,11,0
1911,Falaye Sacko,Montpellier,10.7,21,13,10,9,2,15,22,68.2,7,15,6,9,18,39,25,0
1912,Umar Sadiq,Real Sociedad,3.2,3,1,0,1,2,0,0,0.0,0,1,0,1,0,3,1,0
1913,Alexis Saelemaekers,Bologna,4.4,7,5,3,3,1,3,8,37.5,5,5,1,4,3,10,3,1
1914,Wesley Said,Lens,2.8,0,0,0,0,0,0,1,0.0,1,2,0,2,2,2,0,0
1915,Theo Sainte-Luce,Montpellier,1.8,10,3,6,3,1,6,10,60.0,4,3,3,0,2,12,11,0
1916,Bukayo Saka,Arsenal,10.5,25,15,8,7,10,9,20,45.0,11,19,1,18,3,28,5,1
1917,Mamadou Sakho,Montpellier,0.1,1,1,1,0,0,1,1,100.0,0,0,0,0,0,1,1,0
1918,Ibrahim Salah,Rennes,2.7,5,4,0,2,3,3,3,100.0,0,2,0,2,4,9,2,0
1919,Mohamed Salah,Liverpool,11.6,9,6,0,2,7,4,12,33.3,8,5,1,4,1,10,0,0
1920,Amine Salama,Reims,2.0,0,0,0,0,0,0,0,0.0,0,1,0,1,0,0,1,0
1921,Kike Salas,Sevilla,1.9,5,4,3,1,1,3,5,60.0,2,1,1,0,4,9,10,0
1922,William Saliba,Arsenal,12.0,10,4,7,3,0,7,8,87.5,1,12,6,6,9,19,25,1
1924,Roland Sallai,Freiburg,6.8,5,2,3,0,2,2,8,25.0,6,9,1,8,3,8,12,0
1925,Yoann Salmier,Le Havre,10.0,14,7,7,5,2,8,10,80.0,2,13,8,5,15,29,36,0
1926,Salvi,Rayo Vallecano,0.3,0,0,0,0,0,0,4,0.0,4,0,0,0,1,1,0,0
1927,Lazar Samardzic,Udinese,9.4,8,4,4,3,1,3,12,25.0,9,7,3,4,3,11,6,0
1928,Diadie Samassekou,Hoffenheim,0.0,0,0,0,0,0,0,0,0.0,0,0,0,0,1,1,0,0
1929,Mama Samba Balde,Lyon,3.9,4,2,0,1,3,1,4,25.0,3,0,0,0,1,5,1,1
1930,Brice Samba,Lens,12.0,0,0,0,0,0,0,0,0.0,0,0,0,0,0,0,3,1
1931,Albert Sambi Lokonga,Luton Town,1.4,1,0,0,1,0,1,1,100.0,0,0,0,0,0,1,0,0
1932,Junior Sambia,Salernitana,0.6,1,1,1,0,0,1,2,50.0,1,0,0,0,0,1,2,0
1933,Fede San Emeterio,Cádiz,1.5,3,2,2,1,0,1,4,25.0,3,3,2,1,1,4,1,0
1934,Antonio Sanabria,Torino,5.6,4,4,1,3,0,0,0,0.0,0,1,0,1,2,6,3,0
1935,Marciano Sanca,Almería,0.4,0,0,0,0,0,0,0,0.0,0,0,0,0,0,0,0,0
1936,Oihan Sancet,Athletic Club,8.8,7,5,1,2,4,3,10,30.0,7,3,1,2,2,9,1,0
1937,Renato Sanches,Roma,1.1,2,1,1,1,0,2,3,66.7,1,1,0,1,0,2,1,0
1938,Ricard Sanchez,Granada,10.1,10,4,3,3,4,3,6,50.0,3,9,0,9,8,18,21,0
1939,Alexis Sanchez,Inter,1.4,1,1,0,1,0,0,0,0.0,0,1,0,1,1,2,1,0
1940,Antonio Sanchez,Mallorca,4.5,14,4,10,3,1,10,16,62.5,6,9,3,6,2,16,1,0
1941,Davinson Sanchez,Tottenham,0.9,0,0,0,0,0,0,0,0.0,0,3,2,1,1,1,2,0
1942,Juanlu Sanchez,Sevilla,4.0,22,13,12,9,1,17,25,68.0,8,10,4,6,2,24,12,0
1943,Manu Sanchez,Celta Vigo,7.6,21,13,11,9,1,11,22,50.0,11,5,1,4,10,31,29,0
1944,Robert Sanchez,Chelsea,12.0,0,0,0,0,0,0,0,0.0,0,0,0,0,0,0,9,1
1945,Jadon Sancho,Manchester Utd,0.9,1,0,1,0,0,1,3,33.3,2,1,0,1,1,2,0,0
1946,Alex Sandro,Juventus,2.0,2,1,0,2,0,1,1,100.0,0,2,1,1,5,7,5,0
1947,Ibou Sane,Metz,0.3,2,1,1,0,1,0,0,0.0,0,2,0,2,0,2,1,0
1948,Leroy Sane,Bayern Munich,10.6,8,4,3,3,2,4,8,50.0,4,5,0,5,2,10,2,0
1950,Sadibou Sane,Metz,0.5,1,0,1,0,0,0,0,0.0,0,0,0,0,1,2,0,0
1951,Arouna Sangante,Le Havre,10.0,15,10,7,8,0,3,7,42.9,4,14,11,3,24,39,37,0
1952,Ibrahim Sangare,Nott'ham Forest,7.1,25,13,14,8,3,8,18,44.4,10,16,5,11,9,34,14,0
1953,Morgan Sanson,Nice,9.3,14,10,4,6,4,8,17,47.1,9,10,2,8,12,26,4,0
1954,Nicola Sansone,Lecce,1.3,5,3,4,1,0,2,5,40.0,3,2,0,2,1,6,1,0
1955,Baptiste Santamaria,Rennes,4.8,8,3,5,1,2,3,7,42.9,4,4,1,3,3,11,7,0
1956,Andrey Santos,Nott'ham Forest,0.1,0,0,0,0,0,0,0,0.0,0,1,0,1,0,0,0,0
1957,Tiago santos,Lille,7.2,11,10,4,5,2,5,13,38.5,8,8,0,8,7,18,10,0
1958,Riccardo Saponara,Hellas Verona,1.8,2,0,1,0,1,0,2,0.0,2,3,0,3,0,2,0,0
1959,Pablo Sarabia,Wolves,2.1,3,2,2,1,0,2,6,33.3,4,4,1,3,1,4,1,0
1960,Amin Sarr,Lyon,1.1,1,0,0,1,0,0,0,0.0,0,1,0,1,0,1,1,0
1961,Amin Sarr,Wolfsburg,1.1,0,0,0,0,0,0,0,0.0,0,1,1,0,0,0,0,0
1962,Bouna Sarr,Bayern Munich,1.2,2,0,1,1,0,2,2,100.0,0,3,0,3,0,2,1,0
1963,Ismaila Sarr,Marseille,7.3,6,3,1,4,1,0,9,0.0,9,9,3,6,7,13,2,0
1964,Martin Satriano,Brest,5.8,5,5,2,3,0,1,4,25.0,3,8,3,5,2,7,11,0
1965,Teji Savanier,Montpellier,10.4,8,7,1,4,3,3,16,18.8,13,12,1,11,7,15,5,0
1966,Stefan Savic,Atlético Madrid,6.6,7,5,4,3,0,3,11,27.3,8,16,8,8,14,21,19,0
1967,Savio,Girona,11.5,15,11,5,8,2,4,8,50.0,4,17,0,17,4,19,5,1
1968,Saba Sazonov,Torino,1.4,3,3,2,1,0,1,1,100.0,0,2,2,0,1,4,7,0
1969,Joe Scally,M'Gladbach,8.1,18,13,5,11,2,9,14,64.3,5,13,5,8,6,24,31,0
1970,Giorgio Scalvini,Atalanta,9.0,24,14,16,8,0,8,12,66.7,4,23,8,15,20,44,25,0
1971,Gianluca Scamacca,Atalanta,5.6,4,4,2,1,1,3,4,75.0,1,2,0,2,1,5,2,0
1972,Kevin Schade,Brentford,2.9,2,1,1,1,0,0,3,0.0,3,0,0,0,1,3,3,0
1973,Fabian Schar,Newcastle Utd,12.0,17,13,13,3,1,7,12,58.3,5,10,8,2,11,28,42,0
1974,Patrik Schick,Leverkusen,0.0,0,0,0,0,0,0,0,0.0,0,0,0,0,0,0,0,0
1976,Stefan Schimmer,Heidenheim,0.5,0,0,0,0,0,0,3,0.0,3,1,0,1,1,1,3,0
1977,Xaver Schlager,RB Leipzig,9.7,35,21,15,18,2,9,21,42.9,12,12,2,10,7,42,8,0
1978,Keven Schlotterbeck,Bochum,5.0,5,2,5,0,0,2,2,100.0,0,10,7,3,4,9,19,0
1979,Nico Schlotterbeck,Dortmund,10.0,20,14,9,10,1,13,21,61.9,8,11,4,7,13,33,28,2
1980,Jeffrey Schlupp,Crystal Palace,8.4,17,10,7,8,2,6,8,75.0,2,9,1,8,3,20,14,0
1981,Romano Schmid,Werder Bremen,9.8,14,7,4,8,2,8,19,42.1,11,15,1,14,1,15,9,1
1982,Kenneth Schmidt,Freiburg,0.8,2,2,2,0,0,2,4,50.0,2,1,0,1,1,3,2,0
1983,Niklas Schmidt,Toulouse,7.0,21,15,8,12,1,9,15,60.0,6,8,5,3,4,25,8,0
1984,Benno Schmitz,Köln,4.8,9,4,7,2,0,6,13,46.2,7,8,1,7,2,11,9,0
1985,Fabian Schnellhardt,Darmstadt 98,1.4,2,0,1,1,0,1,3,33.3,2,1,0,1,3,5,5,0
1986,Jan Schoppner,Heidenheim,2.3,6,1,3,3,0,4,8,50.0,4,0,0,0,3,9,6,0
1987,Marcel Schuhen,Darmstadt 98,11.0,0,0,0,0,0,0,0,0.0,0,0,0,0,0,0,4,2
1988,Perr Schuurs,Torino,8.6,20,12,11,8,1,3,9,33.3,6,10,2,8,9,29,23,0
1989,Marvin Schwabe,Köln,11.0,0,0,0,0,0,0,0,0.0,0,0,0,0,0,0,5,0
1990,Alex Scott,Bournemouth,2.1,1,1,1,0,0,1,3,33.3,2,2,1,1,2,3,1,0
1991,Simone Scuffet,Cagliari,5.0,0,0,0,0,0,0,0,0.0,0,0,0,0,0,0,1,0
1992,Jeremy Sebas,Strasbourg,0.4,1,0,1,0,0,1,1,100.0,0,0,0,0,0,1,0,0
1993,Demba Seck,Torino,4.5,5,3,1,4,0,3,4,75.0,1,1,0,1,1,6,0,0
1994,Aleksandar Sedlar,Alavés,10.5,14,10,10,4,0,10,16,62.5,6,8,4,4,13,27,43,0
1995,Alidu Seidu,Clermont Foot,9.1,23,16,11,12,0,15,22,68.2,7,8,4,4,16,39,21,0
1996,Nicolas Seiwald,RB Leipzig,1.4,10,6,6,3,1,4,6,66.7,2,4,1,3,1,11,0,0
1997,Davie Selke,Köln,7.9,2,1,1,1,0,0,1,0.0,1,2,1,1,0,2,14,0
1998,Matz Sels,Strasbourg,11.0,0,0,0,0,0,0,0,0.0,0,0,0,0,0,0,8,0
1999,Nelson Semedo,Wolves,10.7,29,17,22,4,3,14,20,70.0,6,14,5,9,13,42,29,0
2000,Vivaldo Semedo,Udinese,0.1,0,0,0,0,0,0,0,0.0,0,0,0,0,0,0,0,0
2002,Antoine Semenyo,Bournemouth,4.7,7,3,3,2,2,3,3,100.0,0,3,0,3,2,9,1,0
2003,Marvin Senaya,Strasbourg,6.8,24,15,14,8,2,14,25,56.0,11,15,7,8,12,36,14,0
2004,Marcos Senesi,Bournemouth,6.4,20,10,10,9,1,5,21,23.8,16,10,5,5,5,25,27,1
2005,Stefano Sensi,Inter,0.2,0,0,0,0,0,0,1,0.0,1,0,0,0,1,1,0,0
2006,Suat Serdar,Hellas Verona,2.1,6,4,2,3,1,0,2,0.0,2,1,0,1,2,8,4,0
2007,Benjamin Sesko,RB Leipzig,3.3,5,2,2,3,0,1,2,50.0,1,7,1,6,0,5,5,0
2008,Kevin Sessa,Heidenheim,1.5,0,0,0,0,0,0,3,0.0,3,3,0,3,0,0,3,0
2009,Aaron Seydel,Darmstadt 98,0.3,0,0,0,0,0,0,0,0.0,0,0,0,0,0,0,0,0
2010,Stephan El Shaarawy,Roma,5.4,5,3,4,1,0,0,3,0.0,3,4,1,3,0,5,5,0
2011,Luke Shaw,Manchester Utd,2.0,3,2,2,1,0,2,3,66.7,1,7,3,4,2,5,10,0
2012,Eldor Shomurodov,Cagliari,3.4,2,1,0,1,1,2,5,40.0,3,1,0,1,1,3,0,0
2013,Steven Shpendi,Empoli,2.3,0,0,0,0,0,0,1,0.0,1,2,1,1,1,1,0,0
2014,Vincent Sierro,Toulouse,7.5,4,2,1,3,0,3,20,15.0,17,8,2,6,10,14,5,0
2015,Tim Siersleben,Heidenheim,9.0,25,9,19,6,0,8,19,42.1,11,15,10,5,17,42,24,1
2016,Kiliann Sildillia,Freiburg,7.6,18,9,10,5,3,14,21,66.7,7,8,4,4,7,25,15,0
2017,Andre Silva,Real Sociedad,0.3,0,0,0,0,0,0,1,0.0,1,0,0,0,0,0,0,0
2018,Bernardo Silva,Manchester City,8.1,11,6,4,3,4,5,11,45.5,6,10,2,8,1,12,2,1
2019,Caio Henrique Oliveira Silva,Monaco,5.9,12,6,3,6,3,6,9,66.7,3,7,1,6,3,15,8,0
2020,Fabio Silva,Wolves,2.9,7,4,3,4,0,2,3,66.7,1,1,0,1,2,9,0,0
2021,Rui Silva,Betis,4.5,0,0,0,0,0,0,1,0.0,1,0,0,0,1,1,3,0
2022,Thiago Silva,Chelsea,12.0,13,5,11,1,1,10,15,66.7,5,11,9,2,11,24,46,0
2023,Marco Silvestri,Udinese,12.0,0,0,0,0,0,0,3,0.0,3,1,0,1,0,0,4,2
2024,Mohamed Simakan,RB Leipzig,10.4,21,15,14,7,0,14,20,70.0,6,13,3,10,17,38,28,0
2025,Giovanni Simeone,Napoli,2.9,3,0,1,0,2,1,7,14.3,6,4,0,4,0,3,2,0
2026,Moses Simon,Nantes,10.9,2,1,0,2,0,1,2,50.0,1,7,1,6,3,5,4,0
2028,Unai Simon,Athletic Club,13.0,0,0,0,0,0,0,1,0.0,1,0,0,0,0,0,6,0
2029,Xavi Simons,RB Leipzig,9.6,5,2,2,3,0,4,9,44.4,5,9,0,9,3,8,0,0
2030,Wilfried Singo,Monaco,11.0,14,12,9,5,0,5,10,50.0,5,8,5,3,21,35,36,1
2031,Luis Sinisterra,Bournemouth,1.4,6,3,3,2,1,2,4,50.0,2,2,0,2,2,8,0,0
2032,Daley Sinkgraven,Las Palmas,1.6,3,2,2,1,0,0,5,0.0,5,2,1,1,2,5,3,0
2033,Ayanda Sishuba,Lens,0.4,1,0,0,0,1,0,0,0.0,0,1,0,1,0,1,0,0
2034,Ibrahima Sissoko,Strasbourg,2.8,11,7,4,5,2,5,7,71.4,2,2,2,0,1,12,4,0
2035,Moussa Sissoko,Nantes,1.1,1,0,1,0,0,0,0,0.0,0,0,0,0,0,1,5,0
2036,Antonio Sivera,Alavés,13.0,0,0,0,0,0,0,1,0.0,1,0,0,0,0,0,7,0
2037,Tim Skarke,Darmstadt 98,7.6,7,5,5,1,1,4,10,40.0,6,5,1,4,4,11,5,0
2038,Ellyes Skhiri,Eint Frankfurt,11.0,20,12,7,10,3,9,19,47.4,10,19,2,17,16,36,26,1
2039,Oliver Skipp,Tottenham,2.0,7,4,4,3,0,2,3,66.7,1,4,0,4,0,7,0,0
2040,Leo Skiri Ostigard,Napoli,7.5,14,6,8,6,0,3,5,60.0,2,6,5,1,8,22,26,0
2041,Lukasz Skorupski,Bologna,12.0,1,1,1,0,0,1,1,100.0,0,0,0,0,0,1,5,0
2042,Robert Skov,Hoffenheim,6.7,11,6,7,4,0,8,19,42.1,11,10,1,9,6,17,11,1
2043,Milan Skriniar,Paris S-G,11.0,17,14,11,6,0,10,15,66.7,5,13,7,6,8,25,22,0
2044,Naatan Skytta,Toulouse,0.2,0,0,0,0,0,0,0,0.0,0,0,0,0,0,0,0,0
2045,Chris Smalling,Roma,2.7,1,1,1,0,0,1,3,33.3,2,1,0,1,4,5,3,0
2046,Adam Smith,Bournemouth,1.4,1,0,1,0,0,1,3,33.3,2,1,1,0,0,1,5,0
2047,Emile Smith Rowe,Arsenal,1.2,1,0,1,0,0,1,2,50.0,1,3,1,2,1,2,0,0
2048,Hrvoje Smolcic,Eint Frankfurt,2.5,4,0,4,0,0,3,4,75.0,1,2,0,2,3,7,16,0
2049,Danilo Soares,Bochum,3.4,10,6,5,3,2,5,6,83.3,1,6,0,6,7,17,11,0
2050,Eduard Sobol,Strasbourg,0.2,0,0,0,0,0,0,0,0.0,0,0,0,0,0,0,1,0
2051,Ruben Sobrino,Cádiz,4.1,13,8,7,5,1,7,15,46.7,8,7,1,6,4,17,5,0
2052,Emran Soglo,Marseille,0.8,2,1,0,2,0,1,1,100.0,0,4,0,4,1,3,3,0
2054,Alex Sola,Alavés,5.7,12,7,5,4,3,7,9,77.8,2,8,0,8,3,15,5,0
2055,Alex Sola,Real Sociedad,0.3,0,0,0,0,0,0,0,0.0,0,0,0,0,1,1,2,0
2056,Dominic Solanke,Bournemouth,11.9,5,3,0,4,1,4,5,80.0,1,9,1,8,2,7,16,0
2057,Ola Solbakken,Roma,0.3,0,0,0,0,0,0,0,0.0,0,0,0,0,0,0,0,0
2058,Carlos Soler,Paris S-G,3.2,4,3,0,1,3,2,8,25.0,6,3,1,2,2,6,3,0
2059,Jhon Solis,Girona,0.1,0,0,0,0,0,0,1,0.0,1,0,0,0,0,0,0,0
2060,Manor Solomon,Tottenham,2.2,3,3,1,1,1,1,2,50.0,1,4,0,4,3,6,2,0
2061,Yann Sommer,Inter,12.0,1,1,1,0,0,1,1,100.0,0,1,0,1,0,1,3,1
2062,Brandon Soppy,Torino,1.3,2,2,1,1,0,2,3,66.7,1,1,0,1,0,2,1,0
2063,David Soria,Getafe,13.0,0,0,0,0,0,0,0,0.0,0,0,0,0,0,0,6,5
2064,Alberto Soro,Granada,0.1,0,0,0,0,0,0,0,0.0,0,0,0,0,0,0,0,0
2065,Alessandro Sorrentino,Monza,1.0,0,0,0,0,0,0,0,0.0,0,0,0,0,0,0,0,0
2066,Borna Sosa,Stuttgart,0.5,0,0,0,0,0,0,1,0.0,1,0,0,0,0,0,0,0
2067,Hugo Sotelo,Celta Vigo,3.0,7,6,1,5,1,1,5,20.0,4,5,1,4,1,8,1,0
2068,Florian Sotoca,Lens,11.2,11,5,3,7,1,6,12,50.0,6,9,0,9,5,16,16,0
2069,Riccardo Sottil,Fiorentina,2.7,4,3,1,1,2,0,2,0.0,2,3,0,3,1,5,0,0
2070,Tomas Soucek,West Ham,9.0,14,10,2,11,1,6,14,42.9,8,13,9,4,10,24,30,0
2071,Matias Soule,Frosinone,9.5,20,14,8,9,3,8,16,50.0,8,16,2,14,7,27,4,0
2072,Boubakary Soumare,Sevilla,4.4,12,8,6,6,0,2,2,100.0,0,2,0,2,5,17,6,0
2073,Issa Soumare,Le Havre,2.6,2,0,2,0,0,0,4,0.0,4,0,0,0,0,2,2,0
2074,Vinicius Souza,Sheffield Utd,10.3,38,17,15,14,9,13,24,54.2,11,17,4,13,13,51,24,0
2075,Djibril Sow,Sevilla,7.0,11,8,6,4,1,5,13,38.5,8,9,0,9,7,18,4,0
2076,Caglar Soyuncu,Atlético Madrid,0.7,1,1,1,0,0,0,0,0.0,0,1,0,1,1,2,4,0
2077,Stijn Spierings,Toulouse,5.4,18,14,8,7,3,11,18,61.1,7,7,0,7,12,30,12,0
2078,Stijn Spierings,Lens,1.3,1,0,0,1,0,1,1,100.0,0,2,1,1,2,3,1,0
2080,Leonardo Spinazzola,Roma,8.0,9,4,5,4,0,6,12,50.0,6,5,1,4,1,10,7,0
2081,Marco Sportiello,Milan,2.0,0,0,0,0,0,0,0,0.0,0,0,0,0,0,0,1,0
2082,Anton Stach,Hoffenheim,6.9,22,11,16,5,1,13,22,59.1,9,7,3,4,19,41,14,0
2083,Anton Stach,Mainz 05,1.9,3,0,2,0,1,2,4,50.0,2,5,0,5,2,5,5,0
2084,Jens Stage,Werder Bremen,10.0,17,6,10,6,1,4,13,30.8,9,13,6,7,9,26,10,0
2085,Josip Stanisic,Leverkusen,1.8,3,2,2,1,0,2,3,66.7,1,1,0,1,3,6,4,0
2086,Carl Starfelt,Celta Vigo,12.0,12,10,10,1,1,5,10,50.0,5,19,15,4,14,26,80,2
2087,Niklas Stark,Werder Bremen,4.0,13,6,5,7,1,4,6,66.7,2,5,5,0,3,16,24,1
2088,Jason Steele,Brighton,7.0,0,0,0,0,0,0,1,0.0,1,0,0,0,0,0,2,0
2089,Pascal Stenzel,Stuttgart,6.6,11,6,3,7,1,8,22,36.4,14,11,3,8,9,20,18,0
2090,Leonidas Stergiou,Stuttgart,0.2,3,2,2,1,0,2,2,100.0,0,0,0,0,0,3,1,0
2091,Raheem Sterling,Chelsea,11.0,11,6,5,2,4,7,17,41.2,10,4,0,4,4,15,2,0
2092,Trivante Stewart,Salernitana,1.1,0,0,0,0,0,0,0,0.0,0,1,0,1,0,0,0,0
2093,Angelo Stiller,Hoffenheim,0.9,0,0,0,0,0,0,1,0.0,1,2,0,2,0,0,3,0
2094,Angelo Stiller,Stuttgart,9.0,20,12,7,12,1,12,21,57.1,9,11,5,6,11,31,6,0
2095,Kevin Stoger,Bochum,9.6,20,14,8,9,3,11,28,39.3,17,10,0,10,9,29,5,0
2096,Filip Stojilkovic,Darmstadt 98,1.6,1,1,0,0,1,0,0,0.0,0,0,0,0,0,1,1,0
2097,John Stones,Manchester City,2.9,2,1,1,0,1,0,1,0.0,1,2,0,2,2,4,4,0
2098,Thomas Strakosha,Brentford,1.5,0,0,0,0,0,0,0,0.0,0,0,0,0,0,0,0,0
2099,Jorgen Strand Larsen,Celta Vigo,11.1,7,4,0,7,0,4,14,28.6,10,4,1,3,2,9,5,0
2100,Gabriel Strefezza,Lecce,7.8,14,11,6,4,4,7,12,58.3,5,11,0,11,4,18,5,0
2101,Kevin Strootman,Genoa,5.5,20,9,8,10,2,8,16,50.0,8,9,3,6,2,22,9,0
2102,Cristhian Stuani,Girona,4.9,9,8,2,5,2,4,6,66.7,2,1,0,1,1,10,7,0
2103,Alex Suarez,Las Palmas,11.8,25,17,16,8,1,15,17,88.2,2,9,6,3,10,35,46,0
2104,Damian Suarez,Getafe,10.3,30,19,14,12,4,21,30,70.0,9,8,1,7,8,38,24,0
2106,Denis Suarez,Villarreal,1.5,0,0,0,0,0,0,2,0.0,2,2,2,0,0,0,4,0
2107,Gabriel Suazo,Toulouse,9.2,21,12,12,7,2,10,27,37.0,17,18,3,15,9,30,16,0
2108,Isaac Success,Udinese,6.0,3,3,0,2,1,1,2,50.0,1,2,1,1,1,4,6,0
2109,Niklas Sule,Dortmund,4.6,4,4,3,1,0,2,2,100.0,0,11,6,5,4,8,16,1
2110,Ibrahim Sulemana,Cagliari,4.8,6,1,4,1,1,4,7,57.1,3,12,1,11,3,9,7,0
2111,Tomas Suslov,Hellas Verona,3.6,4,2,0,3,1,0,4,0.0,4,3,0,3,0,4,1,0
2112,Suso,Sevilla,6.8,10,7,6,4,0,3,7,42.9,4,2,0,2,3,13,0,0
2113,Mattias Svanberg,Wolfsburg,8.8,18,8,5,10,3,4,15,26.7,11,10,2,8,9,27,10,0
2114,Williot Swedberg,Celta Vigo,0.5,2,1,1,1,0,2,2,100.0,0,0,0,0,0,2,1,0
2115,Abakar Sylla,Strasbourg,4.0,26,9,12,11,3,17,20,85.0,3,7,1,6,6,32,15,1
2116,Dembo Sylla,Lorient,0.5,1,1,0,1,0,0,0,0.0,0,0,0,0,1,2,2,0
2117,Issiaga Sylla,Montpellier,8.0,15,9,9,4,2,8,18,44.4,10,5,1,4,11,26,20,0
2118,Mamadou Sylla,Alavés,0.2,0,0,0,0,0,0,0,0.0,0,1,1,0,0,0,1,0
2119,Attila Szalai,Hoffenheim,2.2,1,0,1,0,0,0,3,0.0,3,5,1,4,0,1,5,0
2120,Wojciech Szczesny,Juventus,10.0,0,0,0,0,0,0,0,0.0,0,0,0,0,0,0,4,1
2121,Dominik Szoboszlai,Liverpool,11.7,14,10,3,6,5,7,30,23.3,23,24,1,23,7,21,11,1
2122,Przemyslaw Szyminski,Frosinone,0.1,0,0,0,0,0,0,0,0.0,0,1,1,0,0,0,0,0
2123,Alexander Sorloth,Villarreal,10.8,3,2,0,0,3,1,4,25.0,3,5,2,3,0,3,12,0
2124,Musa Al-Taamari,Montpellier,9.0,12,11,7,2,3,7,12,58.3,5,10,1,9,2,14,4,0
2125,Nicolas Tagliafico,Lyon,9.9,24,12,11,10,3,12,23,52.2,11,10,4,6,7,31,18,0
2126,Jonathan Tah,Leverkusen,10.8,11,6,7,4,0,4,10,40.0,6,16,13,3,4,15,48,0
2127,Montassar Talbi,Lorient,12.0,18,8,12,5,1,10,17,58.8,7,20,12,8,20,38,53,0
2128,Adrien Tameze,Torino,7.9,8,6,2,5,1,5,14,35.7,9,12,5,7,17,25,5,0
2129,Renato Tapia,Celta Vigo,2.2,11,5,3,8,0,2,5,40.0,3,3,0,3,1,12,6,0
2130,Edmond Tapsoba,Leverkusen,9.8,11,9,4,6,1,2,4,50.0,2,5,2,3,6,17,29,1
2132,Matt Targett,Newcastle Utd,0.9,2,0,1,1,0,1,1,100.0,0,1,0,1,0,2,2,0
2133,Oussama Targhalline,Le Havre,1.0,2,2,2,0,0,1,2,50.0,1,3,0,3,2,4,1,0
2134,James Tarkowski,Everton,12.0,16,11,12,4,0,5,10,50.0,5,26,20,6,18,34,46,1
2135,Cesar Tarrega,Valencia,0.1,0,0,0,0,0,0,0,0.0,0,0,0,0,0,0,2,0
2136,Nuno Tavares,Nott'ham Forest,1.1,2,2,2,0,0,2,2,100.0,0,1,0,1,0,2,4,0
2137,Marcus Tavernier,Bournemouth,6.9,18,10,9,6,3,8,13,61.5,5,10,1,9,2,20,5,0
2138,Charlie Taylor,Burnley,9.0,12,6,6,6,0,9,16,56.3,7,13,6,7,7,19,27,0
2139,Loum Tchaouna,Salernitana,2.7,2,0,0,2,0,1,2,50.0,1,3,0,3,0,2,3,1
2140,Jackson Tchatchoua,Hellas Verona,0.8,3,1,3,0,0,2,3,66.7,1,4,1,3,2,5,1,0
2141,Enzo Tchato,Montpellier,0.3,1,1,1,0,0,1,1,100.0,0,1,1,0,0,1,0,0
2142,Aurelien Tchouameni,Real Madrid,9.3,19,10,11,7,1,3,6,50.0,3,10,4,6,14,33,13,0
2143,Mathys Tel,Bayern Munich,2.3,2,0,0,1,1,0,0,0.0,0,4,0,4,2,4,2,0
2144,Nathan Tella,Leverkusen,0.7,0,0,0,0,0,0,0,0.0,0,2,0,2,1,1,0,0
2145,Nahuel Tenaglia,Alavés,1.1,2,2,2,0,0,2,3,66.7,1,0,0,0,1,3,8,0
2146,Marc-Andre ter Stegen,Barcelona,13.0,0,0,0,0,0,0,0,0.0,0,0,0,0,0,0,2,1
2147,Filippo Terracciano,Hellas Verona,9.6,25,15,18,6,1,14,24,58.3,10,18,4,14,9,34,11,0
2148,Pietro Terracciano,Fiorentina,10.0,0,0,0,0,0,0,1,0.0,1,1,0,1,0,0,1,0
2149,Ramon Terrats,Villarreal,5.1,7,5,2,5,0,1,7,14.3,6,3,0,3,1,8,2,0
2150,Martin Terrier,Rennes,1.5,1,0,1,0,0,0,1,0.0,1,2,0,2,2,3,4,0
2151,Kenny Tete,Fulham,4.7,9,6,6,3,0,3,5,60.0,2,2,1,1,7,16,18,0
2152,Benjamin Tetteh,Metz,1.9,2,2,0,2,0,2,4,50.0,2,0,0,0,0,2,1,0
2153,Teddy Teuma,Reims,7.8,19,15,4,8,7,10,23,43.5,13,11,2,9,9,28,2,0
2154,Florian Thauvin,Udinese,7.3,5,2,2,2,1,4,10,40.0,6,3,0,3,0,5,1,0
2155,Arthur Theate,Rennes,9.0,5,2,4,1,0,4,7,57.1,3,11,6,5,10,15,33,1
2156,Norman Theuerkauf,Heidenheim,6.5,11,7,8,2,1,6,9,66.7,3,5,2,3,9,20,8,0
2158,Malick Thiaw,Milan,9.3,13,11,5,8,0,6,11,54.5,5,13,5,8,7,20,27,0
2159,Jan Thielmann,Köln,0.6,3,2,1,1,1,1,1,100.0,0,7,0,7,1,4,0,0
2160,Denis Thomalla,Heidenheim,3.6,6,4,2,4,0,5,8,62.5,3,1,0,1,3,9,7,0
2161,Luke Thomas,Sheffield Utd,8.0,13,7,8,4,1,7,11,63.6,4,21,4,17,7,20,25,0
2162,Adrien Thomasson,Lens,7.5,14,7,3,9,2,8,21,38.1,13,8,0,8,7,21,7,0
2163,Morten Thorsby,Genoa,6.0,7,5,3,3,1,4,8,50.0,4,8,0,8,2,9,8,0
2164,Kristian Thorstvedt,Sassuolo,5.1,6,1,0,6,0,3,6,50.0,3,6,2,4,7,13,7,0
2165,Khephren Thuram,Nice,8.1,14,12,3,8,3,7,17,41.2,10,8,3,5,5,19,6,0
2166,Marcus Thuram,Inter,10.0,7,5,3,3,1,1,5,20.0,4,6,0,6,2,9,4,0
2167,Cheikh Tidiane Sabaly,Metz,7.5,22,10,13,5,4,9,26,34.6,17,12,2,10,5,27,5,0
2168,Youri Tielemans,Aston Villa,3.2,5,1,3,2,0,1,5,20.0,4,6,0,6,3,8,1,0
2169,Kieran Tierney,Real Sociedad,2.6,5,4,3,2,0,4,5,80.0,1,4,1,3,2,7,4,0
2170,Phillip Tietz,Augsburg,7.7,5,2,4,1,0,2,7,28.6,5,6,0,6,1,6,12,0
2171,Steffen Tigges,Köln,2.9,1,0,0,0,1,0,0,0.0,0,2,1,1,1,2,3,0
2172,Jurrien Timber,Arsenal,0.5,1,1,0,1,0,0,0,0.0,0,0,0,0,0,1,1,0
2173,Jean-Clair Todibo,Nice,10.7,22,12,11,8,3,11,21,52.4,10,18,8,10,15,37,34,0
2174,Harry Toffolo,Nott'ham Forest,4.4,8,2,7,1,0,6,10,60.0,4,10,5,5,6,14,12,0
2175,Umut Tohumcu,Hoffenheim,0.1,2,2,2,0,0,2,2,100.0,0,0,0,0,0,2,1,0
2176,Corentin Tolisso,Lyon,7.0,18,13,2,8,8,9,19,47.4,10,7,2,5,4,22,9,0
2177,Jeremy Toljan,Sassuolo,11.0,6,4,3,2,1,3,7,42.9,4,10,2,8,6,12,20,0
2178,Rafael Toloi,Atalanta,4.8,6,2,3,1,2,3,6,50.0,3,1,0,1,7,13,15,0
2179,Raul de Tomas,Rayo Vallecano,6.1,6,3,2,2,2,1,4,25.0,3,1,0,1,0,6,5,0
2180,Tiago Tomas,Wolfsburg,5.8,3,1,2,0,1,1,5,20.0,4,6,0,6,1,4,5,0
2181,Takehiro Tomiyasu,Arsenal,4.7,4,2,4,0,0,3,6,50.0,3,1,0,1,6,10,13,0
2182,James Tomkins,Crystal Palace,0.0,0,0,0,0,0,0,0,0.0,0,0,0,0,0,0,0,0
2184,Fikayo Tomori,Milan,10.7,18,11,16,2,0,9,17,52.9,8,13,9,4,17,35,33,0
2185,Sandro Tonali,Newcastle Utd,4.9,7,7,4,2,1,3,9,33.3,6,3,0,3,2,9,4,0
2186,Pablo Torre,Girona,1.4,0,0,0,0,0,0,2,0.0,2,1,0,1,0,0,2,0
2187,Raul Torrente,Granada,6.5,14,9,9,5,0,10,13,76.9,3,7,3,4,5,19,28,2
2188,Ferran Torres,Barcelona,6.4,3,2,1,1,1,3,9,33.3,6,4,0,4,2,5,4,0
2189,Oliver Torres,Sevilla,5.7,11,5,4,4,3,5,16,31.3,11,12,0,12,0,11,0,0
2190,Pau Torres,Aston Villa,11.7,12,7,8,4,0,6,16,37.5,10,12,4,8,5,17,27,0
2191,Lucas Torro,Osasuna,8.5,11,7,4,4,3,4,9,44.4,5,4,1,3,16,27,11,0
2192,Ahmed Touba,Lecce,1.3,2,2,1,1,0,1,1,100.0,0,2,2,0,2,4,11,0
2193,Abdoulaye Toure,Le Havre,10.6,20,13,8,10,2,12,24,50.0,12,9,1,8,11,31,11,0
2194,Souleymane Toure,Lorient,7.5,11,5,7,4,0,4,7,57.1,3,16,11,5,19,30,39,1
2195,Lucas Tousart,Union Berlin,3.4,6,5,2,3,1,3,4,75.0,1,3,2,1,2,8,7,0
2196,Andros Townsend,Luton Town,1.9,8,7,3,1,4,6,8,75.0,2,2,0,2,2,10,2,0
2197,James Trafford,Burnley,12.0,2,1,2,0,0,2,2,100.0,0,0,0,0,1,3,7,0
2198,Adama Traore,Fulham,0.5,0,0,0,0,0,0,1,0.0,1,0,0,0,0,0,1,0
2199,Bertrand Traore,Aston Villa,0.1,1,1,1,0,0,0,0,0.0,0,0,0,0,0,1,1,0
2200,Boubacar Traore,Wolves,2.9,12,10,6,5,1,3,8,37.5,5,5,1,4,1,13,3,0
2201,Hamari Traore,Real Sociedad,11.2,21,13,13,6,2,13,24,54.2,11,10,2,8,12,33,20,0
2202,Ismael Traore,Metz,8.0,10,7,5,5,0,6,9,66.7,3,13,7,6,12,22,35,0
2203,Omar Traore,Heidenheim,9.9,19,9,13,4,2,10,18,55.6,8,11,3,8,14,33,15,0
2204,Kevin Trapp,Eint Frankfurt,10.0,0,0,0,0,0,0,0,0.0,0,0,0,0,1,1,6,1
2205,Oscar Trejo,Rayo Vallecano,5.9,14,10,8,2,4,8,11,72.7,3,7,0,7,3,17,6,0
2206,Mike Tresor,Burnley,2.5,4,2,4,0,0,3,7,42.9,4,1,0,1,0,4,1,0
2207,Manu Trigueros,Villarreal,1.2,1,1,1,0,0,1,3,33.3,2,0,0,0,1,2,2,0
2208,Christopher Trimmel,Union Berlin,7.2,5,4,1,4,0,3,9,33.3,6,3,1,2,7,12,19,0
2210,Kieran Trippier,Newcastle Utd,11.5,17,9,6,9,2,13,28,46.4,15,20,6,14,7,24,16,1
2211,Leandro Trossard,Arsenal,3.4,4,3,2,2,0,2,3,66.7,1,8,0,8,2,6,1,0
2212,Adrien Truffert,Rennes,8.6,17,11,11,3,3,11,14,78.6,3,11,3,8,5,22,20,0
2213,Auston Trusty,Sheffield Utd,5.2,16,10,11,4,1,3,7,42.9,4,7,4,3,6,22,26,1
2214,Kostas Tsimikas,Liverpool,3.0,6,3,3,2,1,2,5,40.0,3,4,0,4,1,7,2,0
2215,Viktor Tsyhankov,Girona,7.8,7,5,3,2,2,6,10,60.0,4,8,0,8,3,10,7,0
2216,Stefano Turati,Frosinone,11.0,0,0,0,0,0,0,0,0.0,0,0,0,0,0,0,4,1
2217,Matt Turner,Nott'ham Forest,10.0,0,0,0,0,0,0,0,0.0,0,0,0,0,0,0,2,2
2218,Benat Turrientes,Real Sociedad,5.0,8,5,3,3,2,2,3,66.7,1,2,0,2,1,9,3,0
2219,Tuta,Eint Frankfurt,9.1,21,13,12,8,1,16,20,80.0,4,5,4,1,9,30,37,0
2220,Destiny Udogie,Tottenham,8.7,27,15,13,8,6,9,19,47.4,10,8,2,6,11,38,27,1
2221,Matthieu Udol,Metz,10.0,7,7,4,2,1,5,10,50.0,5,29,9,20,20,27,35,0
2222,Manuel Ugarte Ribeiro,Paris S-G,7.0,33,21,6,19,8,13,27,48.1,14,6,0,6,10,43,5,1
2223,Lesley Ugochukwu,Chelsea,1.6,5,5,1,4,0,3,6,50.0,3,4,1,3,0,5,2,0
2224,Lukas Ullrich,M'Gladbach,0.2,1,0,1,0,0,1,3,33.3,2,0,0,0,0,1,1,0
2225,Sven Ulreich,Bayern Munich,8.0,1,0,1,0,0,1,1,100.0,0,0,0,0,0,1,3,2
2226,Samuel Umtiti,Lille,2.0,1,1,0,1,0,1,4,25.0,3,0,0,0,2,3,4,0
2227,Deniz Undav,Stuttgart,4.4,5,1,2,1,2,2,4,50.0,2,2,0,2,1,6,1,0
2228,Dayot Upamecano,Bayern Munich,7.7,11,5,7,4,0,8,14,57.1,6,5,2,3,5,16,18,0
2229,Kacper Urbanski,Bologna,0.3,1,1,0,1,0,1,2,50.0,1,0,0,0,0,1,0,0
2230,Mark Uth,Köln,1.5,2,1,0,1,1,1,4,25.0,3,2,0,2,1,3,0,0
2231,Myrto Uzuni,Granada,10.4,9,7,2,5,2,4,12,33.3,8,3,0,3,1,10,2,0
2232,Josha Vagnoman,Stuttgart,0.3,0,0,0,0,0,0,0,0.0,0,0,0,0,0,0,1,0
2233,Oscar Valentin,Rayo Vallecano,11.2,33,19,14,17,2,9,28,32.1,19,23,5,18,10,43,21,0
2234,Martin Valjent,Mallorca,11.5,17,11,12,5,0,10,15,66.7,5,16,7,9,19,36,50,1
2236,Jesus Vallejo,Granada,1.1,2,1,0,2,0,1,1,100.0,0,2,1,1,0,2,0,1
2237,Alvaro Valles,Las Palmas,13.0,2,1,2,0,0,2,3,66.7,1,0,0,0,0,2,11,0
2238,Federico Valverde,Real Madrid,11.4,18,14,9,6,3,11,14,78.6,3,6,1,5,16,34,11,0
2239,Kevin Van Den Kerkhof,Metz,4.4,10,7,4,3,3,2,8,25.0,6,5,2,3,2,12,7,0
2240,Siebe Van Der Heyden,Mallorca,2.6,9,2,7,2,0,4,6,66.7,2,1,1,0,6,15,12,0
2241,Virgil van Dijk,Liverpool,9.3,13,5,10,3,0,3,3,100.0,0,17,13,4,14,27,54,0
2242,Vanderson,Monaco,6.5,17,10,2,8,7,10,22,45.5,12,9,0,9,9,26,8,0
2243,Raphael Varane,Manchester Utd,3.8,5,4,1,4,0,1,3,33.3,2,4,2,2,1,6,21,0
2244,Ruben Vargas,Augsburg,6.3,6,3,2,3,1,3,7,42.9,4,9,3,6,1,7,9,0
2245,Johan Vasquez,Genoa,9.9,21,13,16,5,0,16,19,84.2,3,22,7,15,10,31,38,0
2246,Jose Luis Garcia Vaya,Valencia,12.7,29,22,13,13,3,12,23,52.2,11,13,4,9,15,44,23,0
2247,Jesus Vazquez,Valencia,0.3,1,1,0,0,1,0,0,0.0,0,1,0,1,0,1,0,0
2248,Kevin Vazquez,Celta Vigo,2.9,4,4,2,2,0,3,9,33.3,6,4,1,3,3,7,15,0
2249,Lucas Vazquez,Real Madrid,1.8,4,3,4,0,0,2,3,66.7,1,3,1,2,1,5,5,0
2250,Matias Vecino,Lazio,3.2,5,3,0,5,0,2,5,40.0,3,5,2,3,3,8,5,0
2251,Gabriel Veiga,Celta Vigo,0.2,0,0,0,0,0,0,0,0.0,0,0,0,0,0,0,0,0
2252,Alejo Veliz,Tottenham,0.1,0,0,0,0,0,0,0,0.0,0,0,0,0,0,0,0,0
2253,Milos Veljkovic,Werder Bremen,8.5,10,6,6,4,0,6,10,60.0,4,8,6,2,3,13,21,0
2254,Joel Veltman,Brighton,7.7,24,19,11,10,3,14,24,58.3,10,7,5,2,7,31,22,1
2255,Micky van de Ven,Tottenham,10.5,18,12,12,4,2,8,10,80.0,2,7,5,2,4,22,33,0
2256,Lorenzo Venuti,Lecce,0.7,1,1,1,0,0,1,1,100.0,0,3,2,1,2,3,5,0
2257,Bart Verbruggen,Brighton,5.0,0,0,0,0,0,0,0,0.0,0,0,0,0,0,0,1,1
2258,Simone Verdi,Torino,0.0,0,0,0,0,0,0,0,0.0,0,0,0,0,0,0,0,0
2259,Jordan Veretout,Marseille,7.8,18,11,11,5,2,8,15,53.3,7,9,4,5,6,24,10,0
2260,Mikel Vesga,Athletic Club,8.3,20,9,5,13,2,9,21,42.9,12,9,2,7,14,34,18,1
2262,Guglielmo Vicario,Tottenham,12.0,0,0,0,0,0,0,1,0.0,1,0,0,0,0,0,11,0
2263,Nacho Vidal,Osasuna,0.7,4,4,2,1,1,2,2,100.0,0,2,0,2,0,4,3,0
2264,Fabio Vieira,Arsenal,2.7,3,2,2,0,1,3,3,100.0,0,0,0,0,2,5,1,0
2265,Jonathan Viera,Las Palmas,6.9,6,3,1,2,3,1,9,11.1,8,0,0,0,0,6,1,0
2266,Samuele Vignato,Monza,3.7,5,4,1,3,1,2,3,66.7,1,2,0,2,0,5,1,0
2267,Oscar Vilhelmsson,Darmstadt 98,3.5,5,3,0,3,2,2,2,100.0,0,4,1,3,1,6,2,0
2268,Asier Villalibre,Athletic Club,1.6,0,0,0,0,0,0,0,0.0,0,1,0,1,0,0,2,0
2269,Gonzalo Villar,Granada,6.6,13,10,6,6,1,8,17,47.1,9,14,4,10,2,15,12,0
2270,Ivan Villar,Celta Vigo,9.3,0,0,0,0,0,0,1,0.0,1,0,0,0,0,0,5,0
2271,Matias Vina,Sassuolo,9.1,31,18,19,7,5,17,32,53.1,15,11,1,10,8,39,28,0
2272,Carlos Vinicius,Fulham,2.6,3,2,0,1,2,0,2,0.0,2,3,0,3,0,3,1,0
2273,Nicolas Viola,Cagliari,2.6,1,1,0,1,0,1,3,33.3,2,2,0,2,0,1,2,0
2274,Alan Virginius,Lille,0.8,1,1,1,0,0,0,1,0.0,1,0,0,0,0,1,0,0
2275,Ricardo Visus,Betis,0.3,0.0,0,0.0,0.0,0.0,0.0,0.0,0.0,0.0,0.0,0.0,0.0,1,0.0,0.0,0.0
2276,Mattia Viti,Sassuolo,2.0,1,0,0,1,0,0,4,0.0,4,4,2,2,2,3,12,0
2277,Vitinha,Marseille,5.0,8,4,3,1,4,1,8,12.5,7,4,1,3,3,11,1,0
2278,Vitinha,Paris S-G,8.2,12,9,4,2,6,9,18,50.0,9,9,1,8,7,19,5,2
2279,Vitinho,Burnley,4.7,5,5,3,2,0,3,9,33.3,6,5,1,4,2,7,10,1
2280,Daniel Vivian,Athletic Club,12.8,14,10,12,2,0,13,20,65.0,7,19,10,9,11,25,48,0
2281,Odisseas Vlachodimos,Nott'ham Forest,2.0,0,0,0,0,0,0,0,0.0,0,0,0,0,0,0,0,0
2282,Dusan Vlahovic,Juventus,6.4,1,1,0,0,1,0,2,0.0,2,0,0,0,0,1,5,0
2283,Nikola Vlasic,Torino,8.2,10,7,0,4,6,2,9,22.2,7,7,2,5,2,12,4,0
2284,Alessandro Vogliacco,Genoa,0.0,0,0,0,0,0,0,0,0.0,0,0,0,0,0,0,0,0
2285,Kevin Vogt,Hoffenheim,9.7,7,6,4,3,0,5,10,50.0,5,9,7,2,7,14,44,0
2286,Mergim Vojvoda,Torino,5.2,1,0,0,1,0,1,4,25.0,3,4,0,4,5,6,6,0
2288,Kevin Volland,Union Berlin,1.9,6,2,1,1,4,1,2,50.0,1,1,0,1,1,7,1,0
2289,Cristian Volpato,Sassuolo,0.7,1,1,0,1,0,0,1,0.0,1,1,0,1,0,1,0,0
2290,Aster Vranckx,Wolfsburg,2.9,6,2,4,0,2,4,6,66.7,2,1,1,0,5,11,2,0
2291,Stefan de Vrij,Inter,7.1,9,5,6,3,0,2,6,33.3,4,12,6,6,8,17,22,0
2292,Elye Wahi,Montpellier,0.2,0,0,0,0,0,0,0,0.0,0,0,0,0,0,0,0,0
2293,Elye Wahi,Lens,5.1,1,0,0,1,0,0,2,0.0,2,1,0,1,0,1,0,0
2294,Walace,Udinese,11.2,17,10,12,5,0,8,20,40.0,12,12,2,10,14,31,13,1
2295,Luca Waldschmidt,Köln,7.1,13,7,2,9,2,3,12,25.0,9,14,3,11,5,18,7,0
2296,Kyle Walker,Manchester City,12.0,15,8,6,8,1,7,14,50.0,7,9,2,7,6,21,15,1
2297,Sebastian Walukiewicz,Empoli,5.8,8,6,8,0,0,6,10,60.0,4,14,6,8,7,15,31,0
2298,Aaron Wan-Bissaka,Manchester Utd,4.8,14,10,8,5,1,7,11,63.6,4,9,4,5,8,22,19,0
2299,Joel Ward,Crystal Palace,10.7,26,15,15,10,1,18,28,64.3,10,7,3,4,7,33,37,1
2300,James Ward-Prowse,West Ham,10.7,13,9,5,7,1,5,13,38.5,8,13,4,9,14,27,18,0
2301,Deivid Washington,Chelsea,0.1,1,1,1,0,0,0,1,0.0,1,0,0,0,0,1,0,0
2302,Ollie Watkins,Aston Villa,11.5,3,2,0,1,2,0,3,0.0,3,12,2,10,0,3,8,0
2303,Timothy Weah,Juventus,4.6,9,7,5,2,2,6,8,75.0,2,6,1,5,3,12,9,0
2304,Adam Webster,Brighton,6.0,9,9,7,2,0,5,13,38.5,8,6,3,3,5,14,23,1
2305,Wout Weghorst,Hoffenheim,8.1,8,5,3,4,1,5,7,71.4,2,12,4,8,1,9,8,0
2306,Julian Weigl,M'Gladbach,11.0,22,16,10,10,2,12,22,54.5,10,16,4,12,10,32,23,1
2307,Nelson Weiper,Mainz 05,1.2,1,0,1,0,0,1,2,50.0,1,1,0,1,1,2,0,0
2308,Mitchell Weiser,Werder Bremen,10.4,25,11,10,12,3,12,22,54.5,10,15,2,13,1,26,12,0
2309,Noah Weisshaupt,Freiburg,3.1,0,0,0,0,0,0,3,0.0,3,4,0,4,4,4,4,0
2310,Shon Weissman,Granada,0.5,0,0,0,0,0,0,3,0.0,3,3,0,3,0,0,1,0
2311,Danny Welbeck,Brighton,4.5,7,3,3,4,0,3,4,75.0,1,5,0,5,2,9,6,0
2312,Timo Werner,RB Leipzig,2.3,2,1,0,1,1,0,0,0.0,0,1,0,1,1,3,0,0
2314,Ben White,Arsenal,10.5,12,10,4,7,1,7,11,63.6,4,16,10,6,9,21,22,1
2315,Mateusz Wieteska,Cagliari,4.5,7,7,4,1,2,1,4,25.0,3,4,2,2,5,12,15,0
2316,Mateusz Wieteska,Clermont Foot,1.9,4,1,3,1,0,3,5,60.0,2,4,2,2,5,9,8,0
2317,Inaki Williams,Athletic Club,12.7,10,7,3,2,5,5,12,41.7,7,18,3,15,4,14,13,0
2318,Neco Williams,Nott'ham Forest,1.4,9,4,8,0,1,5,9,55.6,4,3,1,2,7,16,2,0
2319,Nico Williams,Athletic Club,8.0,9,3,4,1,4,3,12,25.0,9,9,1,8,0,9,2,0
2320,Willian,Fulham,8.6,4,1,1,1,2,1,9,11.1,8,7,0,7,4,8,4,0
2321,Joe Willock,Newcastle Utd,1.5,3,2,2,1,0,2,5,40.0,3,2,0,2,0,3,1,0
2322,Callum Wilson,Newcastle Utd,5.4,2,2,0,0,2,0,1,0.0,1,3,0,3,0,2,1,0
2323,Harry Wilson,Fulham,7.6,9,6,4,3,2,4,8,50.0,4,8,0,8,3,12,0,0
2324,Josh Wilson-Esbrand,Reims,4.3,5,4,2,3,0,2,8,25.0,6,5,2,3,6,11,7,0
2325,Patrick Wimmer,Wolfsburg,3.1,7,3,5,2,0,6,7,85.7,1,8,0,8,2,9,3,0
2326,Jonas Wind,Wolfsburg,10.7,3,2,1,0,2,3,8,37.5,5,5,2,3,1,4,8,0
2327,Florian Wirtz,Leverkusen,9.2,6,3,2,2,2,3,10,30.0,7,7,0,7,1,7,1,0
2328,Yoane Wissa,Brentford,11.0,10,8,4,5,1,0,7,0.0,7,12,2,10,5,15,7,0
2329,Axel Witsel,Atlético Madrid,10.2,10,5,8,2,0,6,8,75.0,2,15,7,8,5,15,37,0
2330,Maximilian Wittek,Bochum,4.2,8,7,3,5,0,4,9,44.4,5,5,0,5,3,11,9,0
2331,Maximilian Wober,M'Gladbach,10.7,24,10,17,7,0,8,16,50.0,8,24,14,10,25,49,52,0
2332,Marius Wolf,Dortmund,5.9,8,5,3,4,1,3,9,33.3,6,2,0,2,3,11,5,0
2333,Nick Woltemade,Werder Bremen,2.5,6,5,1,4,1,4,5,80.0,1,0,0,0,0,6,6,0
2334,Jeong Woo-yeong,Stuttgart,3.8,6,4,2,4,0,3,5,60.0,2,3,0,3,5,11,0,0
2335,Chris Wood,Nott'ham Forest,2.8,1,1,0,1,0,0,1,0.0,1,1,0,1,1,2,5,0
2336,Cauley Woodrow,Luton Town,0.9,6,4,3,2,1,5,6,83.3,1,0,0,0,0,6,1,0
2337,Christopher Wooh,Rennes,2.4,2,2,2,0,0,0,0,0.0,0,0,0,0,6,8,9,0
2338,Joe Worrall,Nott'ham Forest,4.9,7,5,6,1,0,3,6,50.0,3,5,4,1,3,10,27,1
2340,Xeber,Alavés,3.0,4,4,2,2,0,2,6,33.3,4,1,0,1,1,5,2,0
2341,Granit Xhaka,Leverkusen,10.7,14,9,6,8,0,6,15,40.0,9,14,3,11,9,23,13,0
2342,Abduqodir Xusanov,Lens,1.5,1,1,0,1,0,1,3,33.3,2,1,0,1,1,2,2,0
2343,Lamine Yamal,Barcelona,7.2,16,10,7,5,4,3,13,23.1,10,7,0,7,5,21,5,0
2344,Roman Yaremchuk,Valencia,1.9,1,1,0,0,1,0,0,0.0,0,1,0,1,0,1,2,0
2345,Yehor Yarmoliuk,Brentford,0.7,0.0,2,0.0,0.0,0.0,0.0,0.0,0.0,0.0,0.0,0.0,0.0,1,0.0,0.0,0.0
2346,Ryan Yates,Nott'ham Forest,4.1,13,7,8,3,2,3,6,50.0,3,14,4,10,6,19,13,0
2347,Yusuf Yazici,Lille,5.9,12,9,5,3,4,3,11,27.3,8,4,0,4,2,14,4,0
2348,Kelvin Yeboah,Montpellier,1.4,3,1,2,1,0,1,3,33.3,2,2,2,0,0,3,1,0
2349,Kenan Yildiz,Juventus,0.5,1,1,0,1,0,0,1,0.0,1,0,0,0,0,1,0,0
2350,Darlin Yongwa,Lorient,5.7,14,11,8,5,1,6,8,75.0,2,6,1,5,7,21,17,0
2351,Leny Yoro,Lille,9.6,18,13,14,2,2,10,14,71.4,4,6,3,3,13,31,36,1
2352,Ashley Young,Everton,10.2,17,11,11,4,2,10,23,43.5,13,9,3,6,9,26,20,2
2353,Etienne Youte Kinkoue,Le Havre,3.0,0,0,0,0,0,0,0,0.0,0,0,0,0,8,8,20,0
2354,Illia Zabarnyi,Bournemouth,12.0,16,11,7,8,1,6,16,37.5,10,19,13,6,13,29,43,3
2355,Mattia Zaccagni,Lazio,8.6,13,10,6,7,0,2,7,28.6,5,10,1,9,12,25,4,0
2356,Dan-Axel Zagadou,Stuttgart,8.3,11,6,8,3,0,1,3,33.3,2,11,10,1,11,22,41,1
2357,Warren Zaire-Emery,Paris S-G,10.0,22,13,5,12,5,13,22,59.1,9,16,5,11,6,28,7,0
2358,Denis Zakaria,Monaco,9.1,16,10,7,7,2,5,11,45.5,6,20,7,13,20,36,13,0
2359,Arsen Zakharyan,Real Sociedad,2.0,5,3,2,3,0,3,4,75.0,1,1,0,1,0,5,1,0
2360,Joseba Zaldua,Cádiz,0.7,3,2,2,1,0,2,3,66.7,1,2,2,0,0,3,3,0
2361,Nicola Zalewski,Roma,3.2,8,6,3,5,0,3,7,42.9,4,4,2,2,2,10,2,0
2362,Andre-Frank Zambo Anguissa,Napoli,8.3,17,7,4,9,4,9,24,37.5,15,13,2,11,12,29,5,0
2363,Nicolo Zaniolo,Aston Villa,4.7,5,3,2,2,1,3,8,37.5,5,9,0,9,1,6,5,0
2364,Alessandro Zanoli,Napoli,0.4,0,0,0,0,0,0,0,0.0,0,0,0,0,0,0,1,0
2366,Duvan Zapata,Torino,7.6,1,1,0,1,0,0,2,0.0,2,5,1,4,2,3,3,0
2367,Duvan Zapata,Atalanta,1.2,0,0,0,0,0,0,1,0.0,1,0,0,0,0,0,1,0
2368,Gabriele Zappa,Cagliari,8.8,12,7,7,4,1,9,15,60.0,6,10,1,9,6,18,27,1
2369,Davide Zappacosta,Atalanta,7.1,4,4,1,1,2,2,8,25.0,6,9,2,7,0,4,8,0
2370,Bryan Zaragoza,Granada,10.4,10,5,6,3,1,4,13,30.8,9,2,0,2,1,11,2,0
2371,Anass Zaroury,Burnley,1.4,0,0,0,0,0,0,4,0.0,4,1,0,1,0,0,1,1
2372,Oier Zarraga,Udinese,0.6,0,0,0,0,0,0,0,0.0,0,0,0,0,0,0,2,1
2373,Mehdi Zeffane,Clermont Foot,4.4,8,7,4,3,1,3,12,25.0,9,2,1,1,6,14,9,0
2374,Jordan Zemura,Udinese,4.5,14,9,7,5,2,4,9,44.4,5,3,1,2,4,18,4,0
2375,Robin Zentner,Mainz 05,11.0,0,0,0,0,0,0,2,0.0,2,0,0,0,0,0,5,0
2376,Alessio Zerbin,Napoli,0.1,0,0,0,0,0,0,3,0.0,3,0,0,0,0,0,0,0
2377,Cedric Zesiger,Wolfsburg,7.0,2,0,1,1,0,1,4,25.0,3,12,6,6,6,8,33,0
2378,Michael Zetterer,Werder Bremen,4.0,0,0,0,0,0,0,0,0.0,0,0,0,0,0,0,1,0
2379,Nathan Zeze,Nantes,1.0,0,0,0,0,0,0,0,0.0,0,0,0,0,1,1,2,0
2380,Edon Zhegrova,Lille,8.0,7,4,2,4,1,4,7,57.1,3,7,0,7,1,8,4,0
2381,Piotr Zielinski,Napoli,10.5,15,10,2,9,4,9,18,50.0,9,9,1,8,7,22,9,0
2382,David Zima,Torino,0.9,1,1,1,0,0,0,0,0.0,0,0,0,0,3,4,5,0
2383,Christoph Zimmermann,Darmstadt 98,4.3,12,10,9,3,0,8,13,61.5,5,10,8,2,10,22,19,1
2384,Oleksandr Zinchenko,Arsenal,7.4,22,13,8,12,2,17,20,85.0,3,7,1,6,7,29,4,1
2385,Joshua Zirkzee,Bologna,11.5,11,6,3,6,2,3,10,30.0,7,6,0,6,3,14,20,0
2386,Zito,Cagliari,9.3,3,2,3,0,0,0,3,0.0,3,7,0,7,0,3,0,0
2387,Simon Zoller,Bochum,0.5,0,0,0,0,0,0,0,0.0,0,1,0,1,0,0,0,0
2388,Nadir Zortea,Atalanta,1.4,5,4,3,1,1,1,4,25.0,3,2,0,2,1,6,2,0
2389,Kurt Zouma,West Ham,11.0,7,6,4,3,0,2,3,66.7,1,14,7,7,14,21,64,0
2390,Igor Zubeldia,Real Sociedad,11.0,11,8,8,3,0,7,11,63.6,4,13,10,3,8,19,35,1
2392,Martin Zubimendi,Real Sociedad,11.9,20,9,6,13,1,8,18,44.4,10,9,3,6,17,37,26,0
2393,Martin Odegaard,Arsenal,8.7,18,5,3,12,3,7,18,38.9,11,9,0,9,3,21,1,0
2394,Milan Duric,Hellas Verona,6.3,1,0,0,0,1,0,2,0.0,2,0,0,0,0,1,7,0
2395,Mateusz Legowski,Salernitana,4.9,8,4,2,5,1,6,14,42.9,8,6,1,5,1,9,8,0
