,Player,Squad,90s,Tackles - Tkl,Tackles - TklW,Tackles - Def 3rd,Tackles - Mid 3rd,Tackles - Att 3rd,Challenges - Tkl,Challenges - Att,Challenges - Tkl%,Challenges - Lost,Blocks - Blocks,Blocks - Sh,Blocks - Pass,Int,Tkl+Int,Clr,Err
0,Keyliane Abdallah,Marseille,0.0,1,1,1,0,0,1,1,100.0,0,0,0,0,0,1,0,0
1,Yunis Abdelhamid,Saint-Étienne,4.0,3,1,3,0,0,2,4,50.0,2,9,8,1,2,5,22,0
2,Himad Abdelli,Angers,4.0,10,6,2,3,5,4,6,66.7,2,3,0,3,4,14,4,0
3,Mohamed Abdelmoneim,Nice,1.3,5,4,3,1,1,4,9,44.4,5,1,1,0,0,5,2,1
4,Ali Abdi,Nice,0.2,1,1,0,0,1,1,2,50.0,1,0,0,0,0,1,1,0
5,Abel,Osasuna,3.7,11,9,5,5,1,6,10,60.0,4,5,1,4,2,13,8,0
6,Nabil Aberdin,Getafe,2.5,5,4,3,2,0,1,1,100.0,0,2,0,2,0,5,4,0
7,Oliver Abildgaard,Como,0.1,0,0,0,0,0,0,0,0.0,0,1,0,1,0,0,0,0
8,Matthis Abline,Nantes,3.5,0,0,0,0,0,0,1,0.0,1,1,0,1,0,0,7,0
9,Abner,Lyon,3.3,9,6,3,4,2,7,9,77.8,2,7,1,6,3,12,11,0
10,Zakaria Aboukhlal,Toulouse,3.6,0,0,0,0,0,0,1,0.0,1,2,0,2,2,2,0,0
11,Abdel Abqar,Alavés,4.7,6,4,2,4,0,2,4,50.0,2,3,1,2,11,17,22,0
12,Tammy Abraham,Roma,0.0,0,0,0,0,0,0,1,0.0,1,0,0,0,0,0,0,0
13,Tammy Abraham,Milan,1.0,2,0,0,2,0,0,0,0.0,0,1,0,1,1,3,2,0
14,Federico Accornero,Genoa,0.1,0,0,0,0,0,0,0,0.0,0,0,0,0,0,0,0,0
15,Francesco Acerbi,Inter,3.0,5,3,4,1,0,2,3,66.7,1,3,3,0,5,10,13,0
16,Akor Adams,Montpellier,3.1,1,1,0,1,0,0,1,0.0,1,1,0,1,0,1,1,0
17,Che Adams,Torino,3.2,2,1,0,1,1,0,0,0.0,0,2,2,0,0,2,0,0
18,Junior Adamu,Freiburg,3.0,0,0,0,0,0,0,0,0.0,0,2,0,2,2,2,4,0
19,Tosin Adarabioyo,Chelsea,0.3,1,1,1,0,0,1,1,100.0,0,0,0,0,0,1,1,0
20,Martin Adeline,Reims,0.3,1,1,0,1,0,1,2,50.0,1,0,0,0,0,1,2,0
21,Karim Adeyemi,Dortmund,1.9,6,4,3,1,2,2,2,100.0,0,5,0,5,0,6,0,0
22,Simon Adingra,Brighton,0.8,2,1,0,2,0,2,3,66.7,1,0,0,0,2,4,0,0
23,Amine Adli,Leverkusen,0.4,1,0,0,0,1,0,0,0.0,0,0,0,0,0,1,1,0
24,Yacine Adli,Fiorentina,0.4,1,1,1,0,0,0,0,0.0,0,0,0,0,1,2,0,0
26,Adryelson,Lyon,0.0,0,0,0,0,0,0,0,0.0,0,0,0,0,1,1,1,0
27,Michel Aebischer,Bologna,2.0,4,3,0,2,2,3,6,50.0,3,2,0,2,4,8,1,0
28,Oladapo Afolayan,St. Pauli,1.1,1,0,0,0,1,0,1,0.0,1,1,0,1,0,1,0,0
29,Emmanuel Agbadou,Reims,4.0,12,6,9,1,2,9,11,81.8,2,13,9,4,6,18,19,1
30,Julen Agirrezabala,Athletic Club,3.0,0,0,0,0,0,0,1,0.0,1,0,0,0,0,0,0,0
31,Lucien Agoume,Sevilla,3.1,6,3,4,1,1,3,4,75.0,1,6,3,3,3,9,3,0
32,Felix Agu,Werder Bremen,2.7,2,1,1,1,0,1,1,100.0,0,0,0,0,3,5,8,0
33,Alvaro Aguado,Espanyol,2.3,3,2,1,2,0,2,3,66.7,1,5,0,5,1,4,5,0
34,Nayef Aguerd,Real Sociedad,1.8,4,3,1,3,0,2,2,100.0,0,3,1,2,0,4,5,0
35,Ruben Aguilar,Lens,2.7,8,5,5,3,0,6,8,75.0,2,4,1,3,5,13,2,0
36,Jean-Eudes Aholou,Angers,2.5,7,5,2,3,2,3,8,37.5,5,2,1,1,5,12,3,0
37,Joseph Aidoo,Celta Vigo,0.0,1,0,1,0,0,0,0,0.0,0,0,0,0,0,1,0,0
38,Ayman Aiki,Saint-Étienne,1.0,3,3,1,2,0,1,1,100.0,0,1,0,1,1,4,0,0
39,Ola Aina,Nott'ham Forest,3.6,5,5,3,2,0,3,3,100.0,0,4,1,3,9,14,9,1
40,Rayan Ait-Nouri,Wolves,3.3,8,6,6,2,0,3,4,75.0,1,3,0,3,2,10,9,0
41,Kristoffer Ajer,Brentford,3.2,3,2,3,0,0,0,2,0.0,2,1,0,1,2,5,9,0
42,Ludovic Ajorque,Brest,3.3,3,2,0,2,1,1,3,33.3,2,0,0,0,0,3,3,0
43,Manuel Akanji,Manchester City,4.0,2,1,0,1,1,1,3,33.3,2,4,2,2,1,3,10,0
44,Nathan Ake,Manchester City,0.0,1,1,1,0,0,1,1,100.0,0,0,0,0,1,2,0,0
45,Ilias Akhomach,Villarreal,2.2,4,2,1,2,1,2,5,40.0,3,4,0,4,1,5,7,0
46,Sergio Akieme,Reims,2.0,3,2,2,1,0,3,4,75.0,1,2,1,1,0,3,8,0
47,Maghnes Akliouche,Monaco,3.2,7,6,4,2,1,2,6,33.3,4,1,0,1,0,7,1,0
48,Clement Akpa,Auxerre,2.1,3,1,1,0,2,2,4,50.0,2,3,1,2,1,4,10,1
49,Kevin Akpoguma,Hoffenheim,3.0,7,2,5,1,1,3,4,75.0,1,10,6,4,0,7,11,0
50,Andreas Albers,St. Pauli,0.2,0,0,0,0,0,0,0,0.0,0,0,0,0,0,0,0,0
52,Raul Albiol,Villarreal,4.1,2,2,2,0,0,1,2,50.0,1,6,6,0,1,3,36,0
53,Carlos Alcaraz,Southampton,0.1,0,0,0,0,0,0,0,0.0,0,0,0,0,1,1,0,0
54,Omar Alderete,Getafe,3.0,2,1,2,0,0,0,1,0.0,1,3,2,1,0,2,13,0
55,Carles Alena,Getafe,1.9,4,2,1,2,1,4,5,80.0,1,3,0,3,0,4,2,0
56,Trent Alexander-Arnold,Liverpool,3.5,9,4,5,3,1,7,11,63.6,4,5,1,4,0,9,4,0
57,Alfon,Celta Vigo,1.2,1,0,0,1,0,0,1,0.0,1,0,0,0,0,1,1,0
58,Mohamed Ali Cho,Nice,3.1,3,2,0,1,2,0,3,0.0,3,2,0,2,1,4,1,0
59,Faride Alidou,Hellas Verona,0.7,0,0,0,0,0,0,0,0.0,0,1,0,1,0,0,2,1
60,Alisson,Liverpool,4.0,0,0,0,0,0,0,0,0.0,0,0,0,0,0,0,1,0
61,Jim Allevinah,Angers,0.8,1,1,0,0,1,0,0,0.0,0,0,0,0,0,1,1,0
62,Domingos Andre Ribeiro Almeida,Valencia,3.0,7,4,3,2,2,2,4,50.0,2,5,1,4,1,8,2,0
63,Iker Almena,Girona,0.5,0,0,0,0,0,0,1,0.0,1,1,0,1,0,0,2,0
64,Miguel Almiron,Newcastle Utd,0.0,0,0,0,0,0,0,0,0.0,0,0,0,0,0,0,0,0
65,Pontus Almqvist,Parma,1.1,3,1,3,0,0,1,3,33.3,2,1,0,1,5,8,1,0
66,Marcos Alonso,Celta Vigo,0.2,0,0,0,0,0,0,1,0.0,1,0,0,0,0,0,0,0
67,Giorgio Altare,Venezia,2.2,5,4,4,1,0,1,4,25.0,3,3,2,1,4,9,9,0
68,Adria Altimira,Leganés,1.2,3,2,1,2,0,0,3,0.0,3,1,1,0,3,6,3,0
69,Sergi Altimira,Betis,0.9,1,1,1,0,0,1,2,50.0,1,3,0,3,0,1,2,0
70,Edson Alvarez,West Ham,1.9,7,4,5,1,1,3,4,75.0,1,3,1,2,3,10,4,0
71,Hugo Alvarez,Celta Vigo,4.4,7,1,3,3,1,3,4,75.0,1,2,0,2,4,11,8,0
72,Julian Alvarez,Atlético Madrid,2.6,2,1,1,0,1,1,1,100.0,0,4,0,4,0,2,1,0
73,Yeray Alvarez,Athletic Club,4.0,6,4,3,2,1,3,5,60.0,2,3,1,2,9,15,15,1
74,Skelly Alvero,Werder Bremen,0.0,2,2,2,0,0,0,0,0.0,0,0,0,0,1,3,0,0
75,Selim Amallah,Valladolid,3.7,6,4,2,4,0,0,3,0.0,3,12,0,12,5,11,0,0
76,Amath,Valladolid,2.0,0,0,0,0,0,0,3,0.0,3,3,0,3,1,1,1,0
78,Jordan Amavi,Brest,2.7,13,9,5,6,2,9,12,75.0,3,3,1,2,5,18,5,0
79,Aurele Amenda,Eint Frankfurt,0.1,0,0,0,0,0,0,0,0.0,0,2,2,0,1,1,2,0
80,Kelvin Amian,Nantes,3.2,14,9,12,2,0,5,7,71.4,2,3,1,2,1,15,11,0
81,Michael Amir Murillo,Marseille,4.0,8,3,5,1,2,5,10,50.0,5,1,1,0,3,11,9,0
82,Nadiem Amiri,Mainz 05,3.0,5,1,3,2,0,0,4,0.0,4,1,1,0,2,7,6,0
83,Samuel Amo-Ameyaw,Southampton,0.1,0,0,0,0,0,0,0,0.0,0,0,0,0,0,0,0,0
84,Mathis Amougou,Saint-Étienne,3.8,2,1,0,2,0,1,2,50.0,1,4,0,4,5,7,2,0
85,Mohamed Amoura,Wolfsburg,0.5,0,0,0,0,0,0,0,0.0,0,0,0,0,0,0,0,0
86,Sofyan Amrabat,Fiorentina,2.0,3,2,1,2,0,2,2,100.0,0,1,1,0,0,3,2,0
87,Joachim Andersen,Crystal Palace,1.0,1,1,1,0,0,1,2,50.0,1,0,0,0,0,1,7,0
88,Joachim Andersen,Fulham,1.0,3,2,3,0,0,3,4,75.0,1,1,0,1,1,4,9,0
89,Elliot Anderson,Nott'ham Forest,2.7,10,8,5,3,2,7,10,70.0,3,6,1,5,3,13,7,0
90,Andre,Wolves,0.9,3,1,0,2,1,2,3,66.7,1,2,1,1,0,3,0,0
91,Benjamin Andre,Lille,3.0,9,5,3,5,1,4,7,57.1,3,4,0,4,4,13,2,0
92,Marcos Andre,Valladolid,1.5,0,0,0,0,0,0,2,0.0,2,1,1,0,0,0,1,0
93,Robert Andrich,Leverkusen,1.8,4,2,0,4,0,3,3,100.0,0,1,0,1,1,5,4,0
94,Angelino,Roma,4.0,5,2,1,2,2,1,1,100.0,0,2,1,1,3,8,12,0
95,Lorenzo Anghele,Juventus,0.1,0,0,0,0,0,0,0,0.0,0,0,0,0,0,0,0,0
96,Faustino Anjorin,Empoli,0.2,0,0,0,0,0,0,0,0.0,0,0,0,0,0,0,1,0
97,Waldemar Anton,Dortmund,3.0,4,3,2,2,0,2,3,66.7,1,5,4,1,6,10,14,1
98,Michail Antonio,West Ham,2.8,0,0,0,0,0,0,1,0.0,1,1,0,1,0,0,1,0
99,Antoniu,Espanyol,0.3,1,0,0,0,1,1,1,100.0,0,0,0,0,1,2,1,0
100,Antony,Manchester Utd,0.0,1,0,1,0,0,1,2,50.0,1,0,0,0,0,1,0,0
101,Dennis Appiah,Saint-Étienne,1.9,8,7,6,2,0,5,11,45.5,6,3,1,2,1,9,8,0
102,Aritz Arambarri,Leganés,2.0,1,1,1,0,0,1,1,100.0,0,2,2,0,3,4,8,0
104,Mauro Arambarri,Getafe,1.6,2,1,0,1,1,1,1,100.0,0,2,1,1,0,2,0,0
105,Jon Aramburu,Real Sociedad,1.9,6,3,3,2,1,3,6,50.0,3,1,0,1,1,7,11,0
106,Julian Araujo,Bournemouth,2.3,4,2,2,2,0,2,3,66.7,1,1,0,1,2,6,4,0
107,Cameron Archer,Southampton,1.6,2,1,0,1,1,0,0,0.0,0,1,0,1,0,2,0,0
108,Carlens Arcus,Angers,3.2,10,5,6,3,1,6,11,54.5,5,4,0,4,4,14,6,1
109,Alphonse Areola,West Ham,3.5,1,1,1,0,0,1,2,50.0,1,0,0,0,0,1,1,0
110,Adu Ares,Athletic Club,0.2,0,0,0,0,0,0,1,0.0,1,0,0,0,0,0,0,0
111,Jesus Areso,Osasuna,3.9,4,3,2,1,1,4,6,66.7,2,6,2,4,1,5,7,0
112,Joe Aribo,Southampton,2.5,2,1,0,0,2,1,1,100.0,0,2,2,0,2,4,2,0
113,Adam Armstrong,Southampton,2.3,3,1,1,1,1,1,1,100.0,0,0,0,0,0,3,1,0
114,Harrison Armstrong,Everton,0.0,0,0,0,0,0,0,1,0.0,1,0,0,0,0,0,0,0
115,Jose Arnaiz,Osasuna,0.2,1,1,1,0,0,0,0,0.0,0,0,0,0,0,1,0,0
116,Hakon Arnar Haraldsson,Lille,1.9,5,2,2,2,1,3,7,42.9,4,0,0,0,1,6,0,0
117,Marko Arnautovic,Inter,0.4,2,2,1,1,0,1,1,100.0,0,0,0,0,0,2,1,0
118,Maximilian Arnold,Wolfsburg,3.0,8,6,1,5,2,3,6,50.0,3,2,1,1,2,10,5,0
119,Jann-Fiete Arp,Holstein Kiel,1.0,2,2,2,0,0,0,1,0.0,1,0,0,0,0,2,0,0
120,Kepa Arrizabalaga,Bournemouth,1.0,0,0,0,0,0,0,0,0.0,0,0,0,0,0,0,0,0
121,Arthur,Leverkusen,0.1,0,0,0,0,0,0,0,0.0,0,0,0,0,1,1,1,0
122,Takuma Asano,Mallorca,3.5,5,3,1,3,1,2,3,66.7,1,3,0,3,2,7,4,0
123,Marco Asensio,Paris S-G,2.9,1,1,0,1,0,0,3,0.0,3,1,0,1,0,1,0,0
124,Kristjan Asllani,Inter,1.3,4,0,3,1,0,2,5,40.0,3,2,0,2,1,5,3,0
125,Iago Aspas,Celta Vigo,4.2,2,1,2,0,0,2,4,50.0,2,3,0,3,0,2,4,0
126,Yaser Asprilla,Girona,1.0,3,1,2,1,0,0,2,0.0,2,0,0,0,0,3,1,0
127,Lorenz Assignon,Rennes,2.6,1,1,0,1,0,1,3,33.3,2,3,1,2,6,7,13,0
128,Dehmaine Assoumani,Nantes,0.1,1,1,0,0,1,0,0,0.0,0,0,0,0,0,1,0,0
130,Valentin Atangana Edoa,Reims,3.8,6,3,1,4,1,2,3,66.7,1,5,2,3,4,10,7,0
131,Noah Atubolu,Freiburg,1.0,0,0,0,0,0,0,0,0.0,0,0,0,0,0,0,0,0
132,Emil Audero,Como,1.0,0,0,0,0,0,0,0,0.0,0,0,0,0,0,0,0,0
133,Tommaso Augello,Cagliari,3.9,8,4,4,2,2,6,7,85.7,1,6,2,4,5,13,20,0
134,Carlos Augusto,Inter,1.7,1,1,1,0,0,0,2,0.0,2,1,1,0,1,2,4,0
135,Yann Aurel Bisseck,Inter,1.0,0,0,0,0,0,0,1,0.0,1,0,0,0,2,2,3,0
136,Ezequiel Avila,Betis,1.2,1,0,0,1,0,1,2,50.0,1,1,0,1,1,2,0,0
137,Taiwo Awoniyi,Nott'ham Forest,0.4,1,0,0,1,0,1,1,100.0,0,1,0,1,0,1,1,0
138,Yasin Ayari,Brighton,1.9,7,3,1,6,0,2,4,50.0,2,2,1,1,1,8,0,0
139,Florian Aye,Auxerre,0.9,0,0,0,0,0,0,0,0.0,0,1,0,1,1,1,0,0
140,Jordan Ayew,Crystal Palace,0.2,1,0,0,0,1,0,0,0.0,0,0,0,0,0,1,0,0
141,Jordan Ayew,Leicester City,2.0,5,2,1,4,0,0,2,0.0,2,3,0,3,1,6,1,0
142,Neil El Aynaoui,Lens,0.1,0,0,0,0,0,0,0,0.0,0,0,0,0,0,0,0,0
143,Cesar Azpilicueta,Atlético Madrid,3.8,8,3,4,4,0,8,12,66.7,4,1,0,1,1,9,10,0
144,Paulo Azzi,Cagliari,3.4,8,7,1,6,1,3,5,60.0,2,3,1,2,3,11,7,0
145,Shavy Babicka,Toulouse,1.0,4,3,3,1,0,2,2,100.0,0,0,0,0,0,4,0,0
146,Loic Bade,Sevilla,3.0,5,4,4,1,0,3,4,75.0,1,1,1,0,2,7,14,0
147,Milan Badelj,Genoa,3.2,4,3,2,2,0,3,4,75.0,1,5,3,2,1,5,4,0
148,Alex Baena,Villarreal,3.6,1,1,0,0,1,1,2,50.0,1,7,0,7,3,4,1,0
149,Leon Bailey,Aston Villa,2.0,2,0,0,1,1,0,0,0.0,0,1,0,1,0,2,3,0
150,Eric Bailly,Villarreal,2.6,2,0,1,1,0,1,2,50.0,1,4,1,3,3,5,6,0
151,Theo Bair,Auxerre,1.9,0,0,0,0,0,0,0,0.0,0,2,1,1,0,0,2,0
152,Mitchel Bakker,Atalanta,0.2,1,0,1,0,0,1,1,100.0,0,0,0,0,0,1,0,0
153,Mitchel Bakker,Lille,0.2,1,1,0,1,0,0,0,0.0,0,0,0,0,0,1,0,0
154,Ridle Baku,Wolfsburg,2.9,3,2,0,2,1,1,4,25.0,3,8,0,8,4,7,4,0
156,Dilane Bakwa,Strasbourg,4.0,8,5,5,1,2,4,4,100.0,0,2,0,2,3,11,6,0
157,Tommaso Baldanzi,Roma,1.1,5,1,3,1,1,0,1,0.0,1,2,0,2,1,6,2,0
158,Alejandro Balde,Barcelona,4.0,3,3,2,0,1,1,2,50.0,1,1,1,0,2,5,2,0
159,Aliou Balde,Bochum,0.9,1,1,1,0,0,0,0,0.0,0,2,0,2,0,1,0,0
160,Carlos Baleba,Brighton,2.2,7,5,0,5,2,3,7,42.9,4,0,0,0,4,11,0,0
161,Leonardo Balerdi,Marseille,2.0,2,2,2,0,0,1,2,50.0,1,2,2,0,3,5,7,1
162,Ivan Balliu,Rayo Vallecano,2.4,5,4,2,2,1,3,7,42.9,4,2,1,1,2,7,7,0
163,Botond Balogh,Parma,3.8,9,2,7,2,0,7,8,87.5,1,7,6,1,4,13,27,0
164,Folarin Balogun,Monaco,1.8,0,0,0,0,0,0,0,0.0,0,0,0,0,0,0,0,0
165,Abdoulaye Bamba,Angers,2.7,5,2,4,1,0,2,3,66.7,1,1,1,0,4,9,12,0
166,Jonathan Bamba,Celta Vigo,1.8,2,1,1,1,0,1,2,50.0,1,1,0,1,2,4,1,0
167,Samuel Bamba,Bochum,0.1,0,0,0,0,0,0,0,0.0,0,0,0,0,0,0,0,0
168,Lameck Banda,Lecce,2.0,2,2,2,0,0,1,2,50.0,1,4,0,4,0,2,3,0
169,Daniel Bandeira,Hellas Verona,1.0,2,0,1,1,0,1,2,50.0,1,0,0,0,3,5,1,0
170,Mattia Bani,Genoa,1.5,1,0,1,0,0,1,1,100.0,0,1,0,1,3,4,4,0
171,Antonin Barak,Fiorentina,0.6,2,0,0,2,0,0,2,0.0,2,1,1,0,0,2,0,0
172,Federico Barba,Como,2.0,0,0,0,0,0,0,1,0.0,1,1,1,0,3,3,9,0
173,Valentin Barco,Sevilla,1.0,6,3,4,1,1,6,8,75.0,2,0,0,0,1,7,1,0
174,Bradley Barcola,Paris S-G,2.4,5,4,3,1,1,1,3,33.3,2,3,0,3,0,5,0,0
175,Melvin Bard,Nice,2.9,6,3,3,3,0,3,5,60.0,2,4,1,3,1,7,2,1
176,Nicolo Barella,Inter,2.7,2,2,1,0,1,0,5,0.0,5,4,0,4,0,2,0,0
177,Gabriel Bares,Montpellier,0.1,1,1,1,0,0,1,1,100.0,0,0,0,0,0,1,0,0
178,Ross Barkley,Aston Villa,1.0,0,0,0,0,0,0,1,0.0,1,2,1,1,0,0,1,0
179,Aymen Barkok,Mainz 05,0.1,0,0,0,0,0,0,0,0.0,0,0,0,0,0,0,0,0
180,Harvey Barnes,Newcastle Utd,1.8,1,1,0,1,0,1,1,100.0,0,0,0,0,1,2,2,0
182,Enzo Barrenechea,Valencia,0.5,0,0,0,0,0,0,1,0.0,1,0,0,0,0,0,1,0
183,Ander Barrenetxea,Real Sociedad,2.1,3,3,0,3,0,0,4,0.0,4,2,0,2,4,7,5,0
184,Pablo Barrios,Atlético Madrid,3.5,9,5,4,5,0,4,8,50.0,4,1,1,0,7,16,5,2
185,Thierno Barry,Villarreal,2.6,0,0,0,0,0,0,2,0.0,2,2,0,2,0,0,4,0
186,Marc Bartra,Betis,1.9,2,2,2,0,0,2,2,100.0,0,4,3,1,2,4,5,0
187,Federico Baschirotto,Lecce,4.0,5,4,5,0,0,4,5,80.0,1,7,4,3,4,9,10,0
188,Daniele Baselli,Como,0.2,0,0,0,0,0,0,0,0.0,0,0,0,0,1,1,1,0
189,Calvin Bassey,Fulham,4.0,3,3,2,1,0,1,2,50.0,1,7,3,4,2,5,12,1
190,Aboubacar Bassinga,Las Palmas,0.0,0,0,0,0,0,0,0,0.0,0,0,0,0,0,0,0,0
191,Alessandro Bastoni,Inter,2.7,5,3,3,1,1,5,5,100.0,0,1,0,1,2,7,3,0
192,Augusto Batalla,Rayo Vallecano,1.0,0,0,0,0,0,0,0,0.0,0,0,0,0,0,0,0,0
193,Dylan Batubinsika,Saint-Étienne,4.0,4,2,4,0,0,4,6,66.7,2,4,2,2,7,11,18,0
194,Maximilian Bauer,Augsburg,1.3,4,2,1,2,1,1,2,50.0,1,1,0,1,1,5,10,1
195,Oliver Baumann,Hoffenheim,3.0,0,0,0,0,0,0,1,0.0,1,0,0,0,0,0,3,0
196,Christoph Baumgartner,RB Leipzig,0.2,2,2,1,1,0,2,4,50.0,2,2,1,1,0,2,0,0
197,Adrian Beck,Heidenheim,2.1,2,2,1,1,0,0,4,0.0,4,8,0,8,2,4,4,0
198,Sheraldo Becker,Real Sociedad,3.8,1,1,0,1,0,0,1,0.0,1,2,0,2,0,1,6,0
199,Timo Becker,Holstein Kiel,3.0,5,3,4,1,0,4,6,66.7,2,2,2,0,0,5,7,0
200,Jan Bednarek,Southampton,3.9,1,0,1,0,0,1,4,25.0,3,8,6,2,4,5,19,1
201,Donny van de Beek,Girona,0.4,1,1,1,0,0,0,0,0.0,0,2,0,2,0,1,0,0
202,Kevin Behrens,Wolfsburg,0.4,1,1,0,1,0,0,1,0.0,1,0,0,0,0,1,0,0
203,Maximilian Beier,Dortmund,1.3,2,1,0,1,1,1,3,33.3,2,0,0,0,0,2,2,0
204,Reda Belahyane,Hellas Verona,3.8,6,5,3,2,1,2,2,100.0,0,3,1,2,2,8,1,0
205,Haris Belkebla,Angers,1.0,4,3,4,0,0,2,2,100.0,0,2,0,2,1,5,1,1
206,Yassin Belkhdim,Angers,2.8,9,4,3,3,3,3,5,60.0,2,4,0,4,4,13,3,0
208,Stefan Bell,Mainz 05,1.2,2,2,1,1,0,0,1,0.0,1,0,0,0,2,4,8,0
209,Raoul Bellanova,Torino,1.0,0,0,0,0,0,0,1,0.0,1,0,0,0,0,0,4,0
210,Raoul Bellanova,Atalanta,1.6,3,1,0,2,1,1,1,100.0,0,0,0,0,2,5,4,0
211,Jean-Ricner Bellegarde,Wolves,3.0,5,3,2,2,1,1,2,50.0,1,4,0,4,4,9,1,0
212,Hector Bellerin,Betis,0.3,0,0,0,0,0,0,0,0.0,0,0,0,0,0,0,0,0
213,Jude Bellingham,Real Madrid,1.0,6,5,5,1,0,3,3,100.0,0,2,0,2,0,6,0,0
214,Andrea Belotti,Como,2.1,3,2,1,1,1,0,1,0.0,1,1,0,1,0,3,2,0
215,Fran Beltran,Celta Vigo,3.6,7,2,3,3,1,2,3,66.7,1,0,0,0,2,9,4,0
216,Lucas Beltran,Fiorentina,0.8,0,0,0,0,0,0,0,0.0,0,0,0,0,0,0,0,0
217,Eliesse Ben Seghir,Monaco,3.1,8,7,3,3,2,5,7,71.4,2,6,0,6,0,8,0,0
218,Carlos Benavidez,Alavés,0.8,2,2,0,1,1,0,0,0.0,0,1,1,0,1,3,2,0
219,Laszlo Benes,Union Berlin,1.1,0,0,0,0,0,0,1,0.0,1,0,0,0,0,0,1,0
220,Iker Benito,Osasuna,0.4,0,0,0,0,0,0,1,0.0,1,0,0,0,1,1,2,0
221,Ismael Bennacer,Milan,0.6,1,1,0,1,0,0,0,0.0,0,0,0,0,0,1,0,0
222,Said Benrahma,Lyon,1.9,2,1,1,1,0,1,1,100.0,0,0,0,0,1,3,0,0
223,Ramy Bensebaini,Dortmund,1.2,1,0,1,0,0,0,1,0.0,1,5,0,5,2,3,5,1
224,Rodrigo Bentancur,Tottenham,1.7,3,3,1,2,0,2,3,66.7,1,1,0,1,4,7,2,0
225,Lucas Beraldo,Paris S-G,3.0,7,6,6,1,0,4,8,50.0,4,1,0,1,1,8,4,0
226,Yuri Berchiche,Athletic Club,4.0,5,5,3,1,1,3,5,60.0,2,6,2,4,3,8,13,0
227,Alex Berenguer,Athletic Club,2.0,5,2,2,1,2,4,6,66.7,2,2,1,1,2,7,2,0
228,Sander Berge,Fulham,0.5,2,1,1,1,0,0,0,0.0,0,2,0,2,2,4,0,0
229,Lucas Bergvall,Tottenham,0.4,4,1,0,2,2,4,6,66.7,2,0,0,0,0,4,0,0
230,Medon Berisha,Lecce,0.9,2,1,1,1,0,1,1,100.0,0,0,0,0,0,2,0,0
231,Mergim Berisha,Hoffenheim,1.5,1,1,1,0,0,0,1,0.0,1,0,0,0,0,1,1,0
232,Adrian Bernabe,Parma,3.9,8,6,7,1,0,5,10,50.0,5,10,6,4,4,12,5,0
234,Marc Bernal,Barcelona,2.7,8,6,2,5,1,7,8,87.5,1,5,1,4,1,9,4,0
235,Juan Bernat,Villarreal,0.2,1,1,1,0,0,0,1,0.0,1,0,0,0,0,1,0,0
236,Alexander Bernhardsson,Holstein Kiel,1.7,1,1,0,0,1,1,1,100.0,0,2,0,2,0,1,2,0
237,Victor Bernth Kristiansen,Leicester City,3.9,9,7,6,3,0,3,5,60.0,2,8,4,4,6,15,14,0
238,Matus Bero,Bochum,2.8,7,5,3,1,3,5,12,41.7,7,4,0,4,0,7,3,1
239,Juan Berrocal,Getafe,1.0,4,1,3,1,0,2,3,66.7,1,0,0,0,3,7,4,0
240,Beto,Everton,0.5,1,0,0,0,1,0,0,0.0,0,1,0,1,0,1,0,0
241,Sam Beukema,Bologna,4.0,4,1,1,2,1,2,6,33.3,4,3,2,1,3,7,6,0
242,Alessandro Bianco,Monza,0.2,0,0,0,0,0,0,0,0.0,0,0,0,0,0,0,0,0
243,Alessandro Bianco,Fiorentina,0.2,0,0,0,0,0,0,1,0.0,1,0,0,0,0,0,0,0
244,Jaka Bijol,Udinese,4.0,8,4,6,2,0,2,6,33.3,4,9,6,3,5,13,27,0
245,El Bilal Toure,Stuttgart,0.4,1,1,0,1,0,1,1,100.0,0,0,0,0,0,1,0,0
246,Philip Billing,Bournemouth,0.3,1,0,1,0,0,0,0,0.0,0,0,0,0,1,2,0,0
247,Cristiano Biraghi,Fiorentina,4.0,4,4,1,3,0,2,6,33.3,4,2,0,2,4,8,6,0
248,Samuele Birindelli,Monza,1.9,4,4,2,2,0,1,1,100.0,0,2,1,1,0,4,2,0
249,Tom Bischof,Hoffenheim,0.2,0,0,0,0,0,0,1,0.0,1,1,1,0,0,0,0,0
250,Yves Bissouma,Tottenham,1.7,3,3,0,3,0,3,5,60.0,2,2,0,2,2,5,2,0
251,Leonardo Bittencourt,Werder Bremen,0.0,0,0,0,0,0,0,0,0.0,0,1,0,1,0,0,0,0
252,Emmanuel Biumla,Angers,1.1,4,3,3,1,0,3,5,60.0,2,0,0,0,1,5,3,0
253,Marco Bizot,Brest,4.0,0,0,0,0,0,0,0,0.0,0,0,0,0,0,0,2,0
254,Antonio Blanco,Alavés,3.7,5,1,2,3,0,4,7,57.1,3,5,1,4,4,9,2,0
255,Ludovic Blas,Rennes,3.7,4,3,0,2,2,3,8,37.5,5,1,0,1,1,5,2,0
256,Daley Blind,Girona,5.0,9,4,6,3,0,5,5,100.0,0,9,2,7,8,17,17,0
257,Myron Boadu,Bochum,1.5,0,0,0,0,0,0,1,0.0,1,0,0,0,0,0,2,0
258,Augustine Boakye,Saint-Étienne,0.6,3,1,1,2,0,2,4,50.0,2,0,0,0,0,3,0,0
260,Sacha Boey,Bayern Munich,1.4,3,0,2,0,1,2,3,66.7,1,1,0,1,0,3,4,0
261,Jeremie Boga,Nice,1.1,1,1,0,1,0,0,1,0.0,1,0,0,0,0,1,0,0
262,Lamare Bogarde,Aston Villa,1.9,8,4,2,5,1,5,9,55.6,4,1,0,1,1,9,4,0
263,Emil Bohinen,Genoa,0.1,0,0,0,0,0,0,1,0.0,1,1,0,1,0,0,0,0
264,Adama Boiro,Athletic Club,0.9,2,2,0,2,0,1,1,100.0,0,1,1,0,1,3,2,0
265,Willy Boly,Nott'ham Forest,1.0,4,0,3,1,0,3,3,100.0,0,3,1,2,1,5,8,0
266,Moise Bombito,Nice,1.7,1,1,0,1,0,0,1,0.0,1,4,4,0,1,2,9,1
267,Warren Bondo,Monza,4.0,4,3,3,0,1,2,5,40.0,3,4,2,2,2,6,2,0
268,Victor Boniface,Leverkusen,2.7,1,1,0,1,0,1,1,100.0,0,1,0,1,0,1,2,0
269,Ange-Yoan Bonny,Parma,3.3,5,3,1,4,0,1,4,25.0,3,0,0,0,0,5,2,0
270,Sebastiaan Bornauw,Wolfsburg,3.0,1,0,0,0,1,0,2,0.0,2,4,4,0,1,2,8,0
271,Ayyoub Bouaddi,Lille,0.8,5,2,2,2,1,2,4,50.0,2,1,0,1,0,5,0,0
272,Badredine Bouanani,Nice,1.4,0,0,0,0,0,0,1,0.0,1,2,0,2,1,1,0,0
273,Hicham Boudaoui,Nice,3.0,8,4,5,2,1,4,9,44.4,5,4,0,4,3,11,1,0
274,Carlo Boukhalfa,St. Pauli,1.2,0,0,0,0,0,0,1,0.0,1,1,0,1,0,0,2,0
275,Benjamin Bourigeaud,Rennes,0.9,1,0,0,1,0,0,2,0.0,2,2,1,1,2,3,1,0
276,Edoardo Bove,Fiorentina,1.2,3,2,2,1,0,2,3,66.7,1,0,0,0,1,4,0,0
277,Jarrod Bowen,West Ham,3.7,6,3,2,1,3,1,6,16.7,5,5,1,4,1,7,6,0
278,Enzo Boyomo,Osasuna,2.0,3,3,1,1,1,3,3,100.0,0,4,3,1,2,5,9,0
279,Enzo Boyomo,Valladolid,3.0,6,2,4,2,0,3,3,100.0,0,4,3,1,1,7,7,0
280,Domagoj Bradaric,Hellas Verona,0.0,0,0,0,0,0,0,1,0.0,1,0,0,0,0,0,0,0
281,Conor Bradley,Liverpool,0.9,0,0,0,0,0,0,1,0.0,1,0,0,0,2,2,5,0
282,Bilal Brahimi,Nice,0.8,0,0,0,0,0,0,0,0.0,0,1,0,1,0,0,2,0
283,Julian Brandt,Dortmund,2.6,2,0,1,1,0,0,0,0.0,0,0,0,0,0,2,3,0
284,Darko Brasanac,Leganés,3.9,4,2,0,3,1,0,1,0.0,1,5,4,1,3,7,11,0
286,Lilian Brassier,Marseille,3.0,3,3,3,0,0,1,1,100.0,0,4,2,2,2,5,13,0
287,Matthias Braunoder,Como,1.5,5,2,3,1,1,5,7,71.4,2,0,0,0,0,5,3,0
288,Iker Bravo,Udinese,0.2,1,1,0,1,0,0,1,0.0,1,0,0,0,0,1,1,0
289,Tim Breithaupt,Augsburg,1.3,1,1,0,1,0,0,4,0.0,4,1,0,1,2,3,0,0
290,Gleison Bremer,Juventus,4.0,9,5,6,2,1,3,4,75.0,1,8,8,0,2,11,9,0
291,Brenner,Udinese,2.5,3,1,1,2,0,2,5,40.0,3,2,0,2,1,4,4,0
292,Ben Brereton,Southampton,3.5,2,2,0,1,1,1,6,16.7,5,2,1,1,0,2,1,0
293,Marco Brescianini,Atalanta,3.1,2,1,1,1,0,1,2,50.0,1,5,1,4,0,2,0,0
294,Maximilian Breunig,Heidenheim,1.4,1,0,0,1,0,0,1,0.0,1,3,2,1,0,1,1,0
295,Moritz Broschinski,Bochum,2.2,3,2,1,2,0,0,2,0.0,2,3,0,3,0,3,3,0
296,Jacob Bruun Larsen,Hoffenheim,0.8,1,0,1,0,0,1,2,50.0,1,3,0,3,1,2,1,0
297,Ante Budimir,Osasuna,3.6,5,2,1,4,0,0,1,0.0,1,2,1,1,1,6,0,0
298,Emi Buendia,Aston Villa,0.1,0,0,0,0,0,0,1,0.0,1,1,0,1,0,0,0,0
299,Marius Bulter,Hoffenheim,2.2,4,4,1,2,1,4,4,100.0,0,0,0,0,0,4,1,0
300,Facundo Buonanotte,Leicester City,1.9,7,2,2,3,2,4,6,66.7,2,3,0,3,1,8,0,0
301,Alessandro Buongiorno,Napoli,3.0,10,7,8,2,0,6,6,100.0,0,9,6,3,2,12,8,0
302,Jonathan Burkardt,Mainz 05,3.0,0,0,0,0,0,0,1,0.0,1,1,0,1,0,0,2,0
303,Dan Burn,Newcastle Utd,4.0,5,2,4,1,0,4,5,80.0,1,6,5,1,4,9,23,1
304,Wes Burns,Ipswich Town,1.3,0,0,0,0,0,0,0,0.0,0,2,0,2,0,0,1,1
305,Marnon Busch,Heidenheim,0.0,0,0,0,0,0,0,0,0.0,0,0,0,0,0,0,0,0
306,Gianluca Busio,Venezia,0.9,1,1,0,1,0,1,2,50.0,1,3,1,2,0,1,1,0
307,Aurelio Buta,Reims,1.9,4,3,4,0,0,3,6,50.0,3,1,0,1,3,7,4,0
308,Marcin Bulka,Nice,4.0,0,0,0,0,0,0,0,0.0,0,0,0,0,0,0,0,2
309,Remy Cabella,Lille,1.9,4,2,1,1,2,3,5,60.0,2,0,0,0,2,6,0,0
310,Leandro Cabrera,Espanyol,3.0,3,1,2,1,0,1,2,50.0,1,4,3,1,4,7,18,1
312,Liberato Cacace,Empoli,0.5,1,1,1,0,0,1,1,100.0,0,3,2,1,0,1,2,0
313,Anthony Caci,Mainz 05,2.6,3,1,1,1,1,1,1,100.0,0,1,0,1,2,5,3,1
314,Mathieu Cafaro,Saint-Étienne,3.5,3,2,2,0,1,1,4,25.0,3,2,1,1,2,5,2,0
315,Moises Caicedo,Chelsea,3.8,13,7,5,7,1,9,14,64.3,5,6,0,6,8,21,4,0
316,Tom Cairney,Fulham,0.8,2,1,1,0,1,0,1,0.0,1,0,0,0,0,2,0,0
317,Jens Cajuste,Ipswich Town,0.2,0,0,0,0,0,0,0,0.0,0,0,0,0,0,0,2,0
318,Davide Calabria,Milan,1.6,4,2,4,0,0,3,5,60.0,2,0,0,0,3,7,4,0
319,Riccardo Calafiori,Arsenal,0.5,0,0,0,0,0,0,1,0.0,1,1,0,1,1,1,2,0
320,Luca Caldirola,Monza,2.1,0,0,0,0,0,0,1,0.0,1,1,1,0,0,0,7,0
321,Fernando Calero,Espanyol,2.0,3,2,3,0,0,0,1,0.0,1,3,3,0,5,8,14,0
322,Duje Caleta-Car,Lyon,4.0,7,2,5,2,0,2,3,66.7,1,7,7,0,7,14,22,0
323,Hakan Calhanoglu,Inter,2.4,7,4,0,4,3,1,1,100.0,0,1,1,0,0,7,3,0
324,Dominic Calvert-Lewin,Everton,3.6,3,2,1,1,1,0,0,0.0,0,1,1,0,2,5,1,0
325,Drissa Camara,Parma,0.3,0,0,0,0,0,0,2,0.0,2,0,0,0,0,0,1,0
326,Issiaga Camara,Nice,0.0,0,0,0,0,0,0,0,0.0,0,0,0,0,1,1,0,0
327,Lamine Camara,Monaco,3.0,15,12,7,6,2,6,11,54.5,5,2,0,2,7,22,1,0
328,Mahdi Camara,Brest,3.9,13,6,1,8,4,5,8,62.5,3,7,0,7,7,20,4,0
329,Nicolo Cambiaghi,Bologna,0.2,1,0,0,1,0,0,0,0.0,0,1,0,1,0,1,0,0
330,Andrea Cambiaso,Juventus,3.9,3,3,2,1,0,1,5,20.0,4,2,0,2,1,4,7,0
331,Axel Camblan,Brest,0.3,1,1,0,0,1,1,2,50.0,1,1,0,1,0,1,0,0
332,Sergio Camello,Rayo Vallecano,2.9,1,0,0,1,0,0,0,0.0,0,2,1,1,0,1,5,0
333,Jose Campana,Las Palmas,2.1,2,2,1,1,0,2,4,50.0,2,2,0,2,7,9,4,0
334,Emre Can,Dortmund,2.0,2,0,1,1,0,2,4,50.0,2,2,1,1,1,3,6,0
335,Matteo Cancellieri,Parma,1.5,3,2,3,0,0,0,1,0.0,1,1,0,1,1,4,4,0
336,Antonio Candela,Venezia,3.0,5,4,3,1,1,4,6,66.7,2,0,0,0,1,6,2,0
338,Sergi Canos,Valencia,0.3,0,0,0,0,0,0,1,0.0,1,0,0,0,0,0,0,0
339,Pierrick Capelle,Angers,1.9,6,3,3,2,1,3,6,50.0,3,1,1,0,2,8,0,1
340,Gianluca Caprari,Monza,1.9,2,1,0,2,0,0,0,0.0,0,2,0,2,1,3,0,0
341,Francesco Caputo,Empoli,0.1,0,0,0,0,0,0,0,0.0,0,0,0,0,0,0,0,0
342,Maxence Caqueret,Lyon,3.8,12,6,4,5,3,0,7,0.0,7,8,1,7,5,17,0,0
343,Andrea Carboni,Monza,1.9,5,1,4,1,0,4,6,66.7,2,2,0,2,1,6,7,0
344,Franco Carboni,Venezia,0.0,0,0,0,0,0,0,0,0.0,0,0,0,0,0,0,1,0
345,Valentin Carboni,Marseille,0.4,2,2,0,1,1,0,1,0.0,1,0,0,0,0,2,1,0
346,Cardenas,Rayo Vallecano,4.0,0,0,0,0,0,0,0,0.0,0,0,0,0,0,0,3,0
347,Irvin Cardona,Espanyol,2.0,4,3,2,2,0,3,9,33.3,6,3,1,2,3,7,4,0
348,Marc Cardona,Las Palmas,0.2,0,0,0,0,0,0,0,0.0,0,0,0,0,0,0,0,0
349,Sergi Cardona,Villarreal,4.9,12,6,8,3,1,8,14,57.1,6,12,2,10,5,17,18,0
350,Johnny Cardoso,Betis,0.5,2,2,1,1,0,2,3,66.7,1,2,1,1,1,3,1,0
351,Carmona,Sevilla,4.9,13,10,7,6,0,8,11,72.7,3,1,1,0,10,23,8,0
352,Marco Carnesecchi,Atalanta,3.0,0,0,0,0,0,0,0,0.0,0,0,0,0,0,0,1,1
353,Sergio Carreira,Celta Vigo,1.1,4,3,2,1,1,1,2,50.0,1,1,0,1,1,5,6,0
354,Dani Carvajal,Real Madrid,4.1,6,4,3,1,2,4,7,57.1,3,5,3,2,5,11,13,0
355,Fabio Carvalho,Brentford,0.7,3,1,1,1,1,0,0,0.0,0,2,0,2,0,3,0,0
356,William Carvalho,Betis,2.7,3,2,0,3,0,2,4,50.0,2,4,1,3,3,6,4,0
357,Marc Casado,Barcelona,2.7,5,2,0,4,1,4,7,57.1,3,1,0,1,0,5,3,0
358,Nicolo Casale,Bologna,0.9,0,0,0,0,0,0,1,0.0,1,2,2,0,1,1,1,1
359,Nicolo Casale,Lazio,1.5,5,3,4,1,0,0,0,0.0,0,4,3,1,1,6,2,0
360,Casemiro,Manchester Utd,2.5,10,6,5,3,2,5,9,55.6,4,7,1,6,1,11,6,2
361,Matty Cash,Aston Villa,1.1,3,1,0,3,0,0,2,0.0,2,1,0,1,1,4,6,0
362,Josue Casimir,Le Havre,3.1,6,4,2,3,1,1,2,50.0,1,1,0,1,0,6,5,0
364,Federico Cassa,Atalanta,0.2,0,0,0,0,0,0,0,0.0,0,1,0,1,0,0,0,0
365,Cristian Casseres Jr.,Toulouse,3.1,17,12,9,7,1,7,9,77.8,2,4,1,3,5,22,3,0
366,Valentin Castellanos,Lazio,3.6,3,1,0,0,3,0,2,0.0,2,4,1,3,0,3,1,0
367,Jean-Charles Castelletto,Nantes,3.0,1,0,1,0,0,0,2,0.0,2,5,4,1,0,1,30,0
368,Santiago Castro,Bologna,3.2,1,1,0,1,0,0,0,0.0,0,2,0,2,1,2,3,0
369,Gaetano Castrovilli,Lazio,0.3,1,0,1,0,0,0,0,0.0,0,0,0,0,1,2,0,0
370,Danilo Cataldi,Fiorentina,1.6,3,2,0,2,1,2,3,66.7,1,0,0,0,1,4,1,0
371,Catena,Osasuna,5.0,6,2,3,3,0,4,5,80.0,1,5,2,3,5,11,30,0
372,Dani Ceballos,Real Madrid,0.8,4,3,1,3,0,1,3,33.3,2,1,0,1,0,4,0,0
373,Zeki Celik,Roma,2.8,8,5,3,4,1,6,10,60.0,4,3,2,1,1,9,7,0
374,Alberto Cerri,Como,0.7,0,0,0,0,0,0,0,0.0,0,1,0,1,0,0,1,0
375,Julian Chabot,Stuttgart,3.0,6,5,5,1,0,3,4,75.0,1,3,1,2,4,10,17,0
376,El Chadaille Bitshiabu,RB Leipzig,1.0,5,3,1,4,0,3,4,75.0,1,1,1,0,3,8,5,1
377,Fares Chaibi,Eint Frankfurt,1.5,3,2,1,0,2,2,4,50.0,2,1,0,1,0,3,3,0
378,Conor Chaplin,Ipswich Town,0.8,3,3,3,0,0,1,3,33.3,2,2,0,2,0,3,0,0
379,Brendan Chardonnet,Brest,4.0,10,7,4,4,2,6,11,54.5,5,2,2,0,2,12,17,0
380,Gabriel Charpentier,Parma,0.2,1,1,1,0,0,1,1,100.0,0,1,0,1,0,1,4,0
381,Anrie Chase,Stuttgart,2.3,2,0,0,2,0,0,0,0.0,0,5,3,2,5,7,9,0
382,Pep Chavarria,Rayo Vallecano,2.1,3,3,2,1,0,1,4,25.0,3,3,0,3,2,5,8,0
383,Jhoanner Chavez,Lens,2.5,3,1,1,1,1,1,2,50.0,1,4,1,3,2,5,5,0
384,Walid Cheddira,Napoli,0.1,0,0,0,0,0,0,0,0.0,0,0,0,0,0,0,0,0
385,Walid Cheddira,Espanyol,0.9,0,0,0,0,0,0,0,0.0,0,0,0,0,0,0,2,0
386,Theo Chennahi,Montpellier,0.0,0,0,0,0,0,0,0,0.0,0,1,0,1,0,0,0,0
387,Sidiki Cherif,Angers,2.9,4,4,0,3,1,3,3,100.0,0,2,0,2,0,4,0,1
388,Lucas Chevalier,Lille,4.0,0,0,0,0,0,0,0,0.0,0,0,0,0,0,0,0,0
390,Fabio Chiarodia,Gladbach,0.0,1,1,1,0,0,1,1,100.0,0,0,0,0,0,1,0,0
391,Julian Chicco,Leganés,1.2,6,4,0,6,0,3,5,60.0,2,0,0,0,2,8,1,0
392,Leandro Chichizola,Parma,1.0,0,0,0,0,0,0,0,0.0,0,0,0,0,0,0,2,0
393,Chiquinho,Wolves,0.1,0,0,0,0,0,0,0,0.0,0,0,0,0,0,0,0,0
394,Pedro Chirivella,Nantes,4.0,8,8,5,3,0,5,7,71.4,2,2,0,2,1,9,11,0
395,Joris Chotard,Montpellier,2.4,6,3,1,5,0,3,5,60.0,2,3,0,3,1,7,2,0
396,Hamza Choudhury,Leicester City,0.2,0,0,0,0,0,0,0,0.0,0,0,0,0,1,1,1,0
397,Andreas Christensen,Barcelona,0.3,0,0,0,0,0,0,0,0.0,0,0,0,0,0,0,2,0
398,Ryan Christie,Bournemouth,2.5,3,1,0,3,0,0,2,0.0,2,6,2,4,2,5,4,1
399,Samuel Chukwueze,Milan,1.6,3,2,1,1,1,1,3,33.3,2,0,0,0,0,3,0,0
400,Aaron Ciammaglichella,Torino,0.0,0,0,0,0,0,0,0,0.0,0,0,0,0,0,0,0,0
401,Jasper Cillessen,Las Palmas,5.0,0,0,0,0,0,0,0,0.0,0,0,0,0,0,0,4,0
402,Alessandro Circati,Parma,4.0,4,2,3,1,0,1,1,100.0,0,5,4,1,2,6,29,1
403,Pathe Ciss,Rayo Vallecano,1.6,3,1,2,1,0,0,3,0.0,3,1,1,0,2,5,6,0
404,Alphadjo Cisse,Hellas Verona,0.0,0,0,0,0,0,0,0,0.0,0,0,0,0,0,0,0,0
405,Seydouba Cisse,Leganés,3.1,2,2,2,0,0,0,1,0.0,1,6,0,6,1,3,5,0
406,Jack Clarke,Ipswich Town,0.5,1,0,0,1,0,0,2,0.0,2,0,0,0,0,1,0,0
407,Jonathan Clauss,Nice,3.7,15,12,6,8,1,7,12,58.3,5,3,0,3,6,21,13,0
408,Nathaniel Clyne,Crystal Palace,1.7,7,4,4,2,1,5,6,83.3,1,0,0,0,1,8,8,1
409,Conor Coady,Leicester City,0.1,0,0,0,0,0,0,0,0.0,0,2,1,1,1,1,2,0
410,Marcus Coco,Nantes,2.1,8,8,4,3,1,4,8,50.0,4,5,2,3,0,8,6,0
411,Saul Coco,Torino,4.0,7,4,4,3,0,1,2,50.0,1,6,4,2,8,15,20,0
412,Seamus Coleman,Everton,1.0,1,0,0,1,0,1,2,50.0,1,2,1,1,0,1,2,0
413,Nathan Collins,Brentford,4.0,8,4,4,3,1,6,7,85.7,1,16,14,2,4,12,14,0
414,Nnamdi Collins,Eint Frankfurt,0.0,0,0,0,0,0,0,0,0.0,0,0,0,0,0,0,0,0
416,Toby Collyer,Manchester Utd,0.5,4,3,1,3,0,2,2,100.0,0,0,0,0,0,4,1,0
417,Lorenzo Colombo,Empoli,3.2,3,1,0,2,1,1,4,25.0,3,2,0,2,0,3,0,0
418,Andrea Colpani,Fiorentina,2.5,3,2,1,2,0,0,0,0.0,0,1,0,1,1,4,3,0
419,Levi Colwill,Chelsea,4.0,3,2,3,0,0,0,2,0.0,2,6,4,2,4,7,16,0
420,Kingsley Coman,Bayern Munich,1.4,5,3,3,1,1,3,3,100.0,0,3,0,3,0,5,4,0
421,Eray Comert,Valladolid,3.6,3,1,1,2,0,3,5,60.0,2,4,3,1,4,7,13,0
422,Santi Comesana,Villarreal,4.7,6,4,2,4,0,1,6,16.7,5,7,3,4,4,10,6,0
423,Pietro Comuzzo,Fiorentina,2.5,5,2,2,2,1,3,3,100.0,0,3,2,1,1,6,3,0
424,Francisco Conceicao,Juventus,0.5,2,1,1,1,0,2,2,100.0,0,0,0,0,1,3,0,0
425,Diego Conde,Villarreal,5.0,0,0,0,0,0,0,2,0.0,2,0,0,0,1,1,2,1
426,Tomas Conechny,Alavés,3.0,4,2,2,2,0,2,7,28.6,5,5,0,5,3,7,2,0
427,Sirlord Conteh,Heidenheim,1.1,2,1,2,0,0,0,0,0.0,0,0,0,0,0,2,1,0
428,Lewis Cook,Bournemouth,3.9,10,5,6,4,0,4,13,30.8,9,5,2,3,6,16,5,0
429,Copete,Mallorca,1.2,2,2,2,0,0,0,0,0.0,0,3,1,2,0,2,12,0
430,Diego Coppola,Hellas Verona,4.0,5,2,2,2,1,3,6,50.0,3,3,1,2,9,14,18,0
431,Derek Cornelius,Marseille,2.8,5,3,3,2,0,4,5,80.0,1,4,1,3,0,5,12,0
432,Maxwel Cornet,Southampton,0.3,2,2,0,2,0,0,1,0.0,1,0,0,0,0,2,1,0
433,Pierre Cornud,Saint-Étienne,1.9,3,3,2,0,1,3,4,75.0,1,3,1,2,2,5,10,1
434,Angel Correa,Atlético Madrid,1.3,1,0,1,0,0,1,3,33.3,2,0,0,0,1,2,1,0
435,Joaquin Correa,Inter,0.2,1,0,0,1,0,0,0,0.0,0,0,0,0,0,1,0,0
436,Thierry Correia,Valencia,3.9,10,6,6,2,2,3,8,37.5,5,5,0,5,2,12,5,0
437,David Pereira da Costa,Lens,1.5,1,0,0,1,0,1,2,50.0,1,4,1,3,1,2,0,0
438,Logan Costa,Villarreal,2.4,1,0,1,0,0,1,1,100.0,0,0,0,0,1,2,19,0
439,Logan Costa,Toulouse,1.0,2,1,0,2,0,1,1,100.0,0,2,2,0,2,4,4,0
440,Samu Costa,Mallorca,6.0,16,10,9,6,1,7,15,46.7,8,2,0,2,5,21,19,0
442,Vladimir Coufal,West Ham,2.2,0,0,0,0,0,0,3,0.0,3,2,2,0,2,2,4,0
443,Lassana Coulibaly,Lecce,1.2,2,2,0,2,0,0,1,0.0,1,2,1,1,0,2,3,0
444,Lasso Coulibaly,Auxerre,0.4,0,0,0,0,0,0,0,0.0,0,0,0,0,0,0,0,0
445,Soumaila Coulibaly,Brest,0.2,0,0,0,0,0,0,0,0.0,0,0,0,0,0,0,1,0
446,Tanguy Coulibaly,Montpellier,1.5,1,0,1,0,0,1,2,50.0,1,1,0,1,1,2,0,0
447,Woyo Coulibaly,Parma,4.0,4,2,2,1,1,0,1,0.0,1,9,0,9,1,5,9,0
448,Thibaut Courtois,Real Madrid,5.0,0,0,0,0,0,0,0,0.0,0,0,0,0,1,1,1,0
449,Yan Couto,Dortmund,0.2,0,0,0,0,0,0,0,0.0,0,2,0,2,0,0,1,0
450,Nicolas Cozza,Nantes,0.0,0,0,0,0,0,0,0,0.0,0,0,0,0,0,0,0,0
451,Aaron Cresswell,West Ham,0.0,0,0,0,0,0,0,0,0.0,0,0,0,0,0,0,0,0
452,Charlie Cresswell,Toulouse,2.8,5,1,1,4,0,4,9,44.4,5,3,2,1,3,8,11,1
453,Bryan Cristante,Roma,3.7,7,5,3,4,0,1,4,25.0,3,5,4,1,8,15,8,0
454,Domen Crnigoj,Venezia,0.2,3,1,0,0,3,1,1,100.0,0,0,0,0,1,4,1,0
455,Juan Cruz Armada,Osasuna,1.3,1,0,0,1,0,0,0,0.0,0,1,0,1,0,1,2,0
456,Juan Cruz,Leganés,2.7,2,1,1,1,0,2,4,50.0,2,2,0,2,3,5,4,0
457,Pau Cubarsi,Barcelona,4.0,3,2,3,0,0,2,5,40.0,3,1,1,0,0,3,11,0
458,Marc Cucurella,Chelsea,3.8,4,3,3,1,0,1,4,25.0,3,4,3,1,3,7,9,0
459,Matheus Cunha,Wolves,3.1,4,3,2,1,1,0,2,0.0,2,0,0,0,2,6,8,0
460,Patrick Cutrone,Como,3.5,5,4,0,2,3,2,3,66.7,1,1,0,1,1,6,2,0
461,Tomas Cvancara,Gladbach,0.5,0,0,0,0,0,0,0,0.0,0,1,1,0,0,0,1,0
462,Wylan Cyprien,Parma,0.3,0,0,0,0,0,0,1,0.0,1,1,0,1,1,1,0,0
463,Danilo D'Ambrosio,Monza,0.1,0,0,0,0,0,0,0,0.0,0,0,0,0,0,0,0,0
464,Lucas Da Cunha,Como,2.1,5,2,3,1,1,2,3,66.7,1,5,0,5,0,5,1,0
465,Thijs Dallinga,Bologna,1.1,2,1,0,0,2,0,0,0.0,0,0,0,0,0,2,1,0
466,Diogo Dalot,Manchester Utd,4.0,8,7,4,3,1,4,5,80.0,1,4,3,1,9,17,7,0
468,Mikkel Damsgaard,Brentford,2.3,4,3,1,0,3,2,5,40.0,3,6,1,5,4,8,3,0
469,Flavius Daniliuc,Hellas Verona,1.3,1,1,1,0,0,0,3,0.0,3,2,1,1,2,3,3,0
470,Danilo,Nott'ham Forest,0.2,0,0,0,0,0,0,0,0.0,0,0,0,0,0,0,0,0
471,Danilo,Juventus,0.1,1,0,0,0,1,0,0,0.0,0,0,0,0,0,1,0,0
472,Arnaut Danjuma,Villarreal,2.2,2,1,0,1,1,0,1,0.0,1,1,0,1,0,2,0,0
473,Arnaut Danjuma,Girona,1.1,2,1,0,1,1,0,2,0.0,2,1,0,1,1,3,0,0
474,Kevin Danois,Auxerre,0.6,1,1,1,0,0,0,1,0.0,1,0,0,0,1,2,1,0
475,Kevin Danso,Lens,2.0,3,0,2,1,0,1,2,50.0,1,2,2,0,2,5,12,0
476,Dante,Nice,3.8,4,1,1,3,0,4,4,100.0,0,2,1,1,4,8,8,0
477,Pape Daouda Diongue,Strasbourg,0.5,1,0,0,1,0,0,0,0.0,0,0,0,0,1,2,0,0
478,Bence Dardai,Wolfsburg,0.1,0,0,0,0,0,0,0,0.0,0,0,0,0,1,1,0,0
479,Sergi Darder,Mallorca,4.1,8,4,3,1,4,1,4,25.0,3,1,0,1,2,10,4,0
480,Matteo Darmian,Inter,3.1,10,5,3,4,3,3,6,50.0,3,0,0,0,0,10,5,0
481,Lukas Daschner,Bochum,1.3,1,1,0,0,1,0,4,0.0,4,1,0,1,0,1,1,0
482,Juan David Cabal,Juventus,2.3,3,1,3,0,0,2,6,33.3,4,1,0,1,1,4,7,1
483,Jonathan David,Lille,2.1,3,0,0,2,1,2,3,66.7,1,2,0,2,0,3,0,0
484,Alphonso Davies,Bayern Munich,1.3,2,0,0,0,2,1,1,100.0,0,1,0,1,0,2,1,0
485,Keinan Davis,Udinese,0.7,1,1,0,1,0,0,0,0.0,0,0,0,0,1,2,0,0
486,Leif Davis,Ipswich Town,4.0,12,8,11,0,1,7,11,63.6,4,4,1,3,1,13,14,0
487,Zuriko Davitashvili,Saint-Étienne,3.7,5,4,2,3,0,4,8,50.0,4,2,0,2,2,7,1,0
488,Pawel Dawidowicz,Hellas Verona,4.0,8,6,2,6,0,3,4,75.0,1,2,1,1,3,11,9,0
489,Craig Dawson,Wolves,2.3,2,1,1,0,1,2,2,100.0,0,5,4,1,2,4,10,0
490,Kevin De Bruyne,Manchester City,4.0,2,1,2,0,0,0,3,0.0,3,2,0,2,2,4,0,0
491,Charles De Ketelaere,Atalanta,2.8,0,0,0,0,0,0,0,0.0,0,1,1,0,0,0,0,0
492,Rodrigo De Paul,Atlético Madrid,2.5,1,1,0,1,0,1,4,25.0,3,1,0,1,0,1,3,0
494,Lorenzo De Silvestri,Bologna,0.1,0,0,0,0,0,0,2,0.0,2,0,0,0,0,0,0,0
495,Thibault De Smet,Reims,0.1,0,0,0,0,0,0,0,0.0,0,0,0,0,1,1,0,0
496,Koni De Winter,Genoa,4.0,7,5,3,3,1,2,2,100.0,0,0,0,0,3,10,17,0
497,Alessandro Deiola,Cagliari,3.2,5,1,3,2,0,2,5,40.0,3,4,2,2,1,6,5,0
498,Romain Del Castillo,Brest,3.7,8,5,3,1,4,4,5,80.0,1,8,0,8,1,9,0,0
499,Enrico Del Prato,Parma,2.2,1,1,1,0,0,1,2,50.0,1,4,3,1,1,2,14,0
500,Liam Delap,Ipswich Town,3.3,2,1,1,1,0,0,0,0.0,0,1,0,1,1,3,8,0
501,Fisayo Dele-Bashiru,Lazio,1.8,2,2,0,1,1,0,0,0.0,0,2,0,2,0,2,0,0
502,Ali Dembele,Torino,0.5,1,1,1,0,0,1,1,100.0,0,0,0,0,0,1,2,0
503,Ousmane Dembele,Paris S-G,2.6,2,1,0,1,1,1,1,100.0,0,1,0,1,3,5,0,0
504,Ermedin Demirovic,Stuttgart,2.0,0,0,0,0,0,0,0,0.0,0,2,0,2,0,0,0,0
505,Sepp van den Berg,Brentford,1.2,3,3,3,0,0,1,1,100.0,0,2,0,2,0,3,4,0
506,Arthur Desmas,Le Havre,4.0,0,0,0,0,0,0,0,0.0,0,0,0,0,0,0,0,0
507,Kiernan Dewsbury-Hall,Chelsea,0.4,0,0,0,0,0,0,0,0.0,0,1,0,1,1,1,0,1
508,Michele Di Gregorio,Juventus,3.0,0,0,0,0,0,0,0,0.0,0,0,0,0,0,0,0,0
509,Giovanni Di Lorenzo,Napoli,4.0,12,8,7,5,0,7,9,77.8,2,2,1,1,4,16,15,0
510,Boulaye Dia,Lazio,2.2,3,1,1,0,2,2,2,100.0,0,0,0,0,0,3,0,0
511,Mamadou Diakhon,Reims,0.2,2,2,1,0,1,2,2,100.0,0,0,0,0,0,2,1,0
512,Bafode Diakite,Lille,4.0,5,2,2,2,1,4,6,66.7,2,4,2,2,1,6,8,1
513,Oumar Diakite,Reims,3.1,3,2,0,3,0,2,3,66.7,1,2,0,2,0,3,3,0
514,Amad Diallo,Manchester Utd,2.9,9,5,2,4,3,5,6,83.3,1,1,0,1,2,11,0,0
515,Assane Diao,Betis,0.2,1,0,0,1,0,1,3,33.3,2,0,0,0,0,1,1,0
516,Habib Diarra,Strasbourg,3.3,3,1,0,2,1,1,3,33.3,2,3,0,3,0,3,3,0
517,Moussa Diarra,Alavés,1.7,2,2,1,1,0,1,1,100.0,0,0,0,0,1,3,1,0
518,Ruben Dias,Manchester City,3.1,2,0,1,1,0,1,1,100.0,0,1,1,0,6,8,9,0
520,Kandet Diawara,Le Havre,0.0,0,0,0,0,0,0,0,0.0,0,1,0,1,0,0,1,0
521,Mahamadou Diawara,Lyon,0.2,1,0,0,1,0,1,3,33.3,2,2,0,2,0,1,0,0
522,Brahim Diaz,Real Madrid,1.3,2,2,2,0,0,0,3,0.0,3,0,0,0,1,3,0,0
523,Luis Diaz,Liverpool,3.2,7,5,4,3,0,4,7,57.1,3,4,0,4,1,8,1,0
524,Pedro Diaz,Rayo Vallecano,0.1,1,1,0,1,0,1,1,100.0,0,1,0,1,1,2,0,0
525,Tyler Dibling,Southampton,1.4,2,2,0,1,1,2,4,50.0,2,3,0,3,1,3,0,0
526,Diego,Leganés,1.1,0,0,0,0,0,0,0,0.0,0,0,0,0,0,0,3,0
527,Justin Diehl,Stuttgart,0.3,0,0,0,0,0,0,0,0.0,0,2,0,2,0,0,0,0
528,Bamba Dieng,Angers,1.5,0,0,0,0,0,0,0,0.0,0,1,0,1,0,0,1,0
529,Eric Dier,Bayern Munich,0.1,0,0,0,0,0,0,0,0.0,0,0,0,0,0,0,1,0
530,Lucas Digne,Aston Villa,3.4,13,8,7,3,3,8,12,66.7,4,1,1,0,5,18,9,0
531,Federico Dimarco,Inter,3.6,2,1,1,1,0,2,3,66.7,1,1,0,1,2,4,5,0
532,Eren Dinkci,Freiburg,0.9,0,0,0,0,0,0,4,0.0,4,1,0,1,0,0,0,0
533,Sinaly Diomande,Auxerre,1.3,1,0,0,1,0,0,0,0.0,0,0,0,0,1,2,3,0
534,Lois Diony,Angers,0.2,0,0,0,0,0,0,0,0.0,0,0,0,0,0,0,0,0
535,Issa Diop,Fulham,3.0,6,4,3,3,0,3,5,60.0,2,3,2,1,0,6,8,0
536,Sofiane Diop,Nice,0.0,0,0,0,0,0,0,0,0.0,0,0,0,0,0,0,0,0
537,Andy Diouf,Lens,3.1,9,5,1,6,2,6,8,75.0,2,5,1,4,2,11,2,0
538,Yehvann Diouf,Reims,4.0,0,0,0,0,0,0,0,0.0,0,0,0,0,0,0,1,1
539,Assane Diousse,Auxerre,0.1,0,0,0,0,0,0,0,0.0,0,0,0,0,0,0,0,0
540,Axel Disasi,Chelsea,0.7,0,0,0,0,0,0,2,0.0,2,0,0,0,1,1,2,0
541,Roman Dixon,Everton,1.0,5,5,3,2,0,4,4,100.0,0,1,0,1,1,6,3,0
542,Alvaro djalo,Athletic Club,0.9,0,0,0,0,0,0,1,0.0,1,1,0,1,0,0,1,0
543,Djene,Getafe,4.0,2,0,1,1,0,0,3,0.0,3,2,1,1,4,6,21,0
544,Berat Djimsiti,Atalanta,4.0,7,4,3,4,0,2,2,100.0,0,5,4,1,7,14,17,1
546,Ritsu Doan,Freiburg,2.7,6,6,4,2,0,4,6,66.7,2,6,0,6,3,9,2,0
547,Dodo,Fiorentina,4.0,4,4,2,1,1,2,3,66.7,1,5,0,5,5,9,3,0
548,Danilho Doekhi,Union Berlin,3.0,5,4,3,0,2,3,5,60.0,2,6,2,4,2,7,12,0
549,Matt Doherty,Wolves,2.3,8,6,6,2,0,4,5,80.0,1,4,1,3,2,10,8,0
550,Jeremy Doku,Manchester City,2.5,4,2,2,0,2,1,1,100.0,0,2,0,2,0,4,1,0
551,Marc Domenech,Mallorca,1.3,0,0,0,0,0,0,2,0.0,2,2,0,2,0,0,0,0
552,Carlos Dominguez,Celta Vigo,2.5,6,3,3,3,0,3,4,75.0,1,2,2,0,3,9,13,0
553,Nicolas Dominguez,Nott'ham Forest,1.2,7,3,1,4,2,3,7,42.9,4,2,0,2,1,8,3,0
554,Sergi Dominguez,Barcelona,0.3,0,0,0,0,0,0,0,0.0,0,0,0,0,0,0,1,0
555,Gianluigi Donnarumma,Paris S-G,4.0,0,0,0,0,0,0,0,0.0,0,0,0,0,0,0,0,0
556,Patrick Dorgu,Lecce,2.5,3,0,0,1,2,2,4,50.0,2,0,0,0,1,4,2,0
557,Niklas Dorsch,Augsburg,0.4,0,0,0,0,0,0,0,0.0,0,1,0,1,0,0,0,0
558,Niklas Dorsch,Heidenheim,0.3,0,0,0,0,0,0,0,0.0,0,2,0,2,0,0,1,0
559,Alberto Dossena,Como,2.7,3,2,3,0,0,2,4,50.0,2,1,0,1,6,9,9,0
560,Abdoulaye Doucoure,Everton,1.4,1,0,1,0,0,1,1,100.0,0,0,0,0,0,1,1,0
561,Cheick Doucoure,Crystal Palace,1.0,6,3,1,4,1,1,2,50.0,1,2,0,2,2,8,1,0
562,Desire Doue,Paris S-G,0.9,1,1,0,1,0,0,2,0.0,2,1,0,1,0,1,1,0
563,Guela Doue,Strasbourg,4.0,7,5,5,1,1,4,6,66.7,2,3,0,3,6,13,24,0
564,Douglas,Nantes,2.9,7,4,2,3,2,2,5,40.0,3,4,1,3,2,9,5,0
565,Ismael Doukoure,Strasbourg,3.5,10,3,4,6,0,7,7,100.0,0,2,0,2,4,14,5,0
566,Issa Doumbia,Venezia,0.7,0,0,0,0,0,0,1,0.0,1,0,0,0,1,1,0,0
567,Kamory Doumbia,Brest,0.3,2,2,1,0,1,2,3,66.7,1,1,0,1,1,3,1,0
568,Anastasios Douvikas,Celta Vigo,2.3,3,1,0,3,0,1,1,100.0,0,0,0,0,2,5,3,0
569,Artem Dovbyk,Roma,3.8,0,0,0,0,0,0,0,0.0,0,0,0,0,0,0,2,0
570,Flynn Downes,Southampton,4.0,11,6,4,5,2,4,8,50.0,4,6,1,5,8,19,7,0
572,Tommy Doyle,Wolves,0.5,0,0,0,0,0,0,1,0.0,1,0,0,0,0,0,1,0
573,Radu Dragusin,Tottenham,1.0,1,0,1,0,0,1,1,100.0,0,2,1,1,1,2,2,0
574,Patrick Drewes,Bochum,3.0,0,0,0,0,0,0,0,0.0,0,0,0,0,0,0,4,0
575,Tim Drexler,Hoffenheim,2.3,11,5,7,4,0,7,8,87.5,1,2,2,0,1,12,5,0
576,Marvin Ducksch,Werder Bremen,2.6,1,1,0,0,1,0,3,0.0,3,2,0,2,0,1,6,0
577,Ondrej Duda,Hellas Verona,2.9,4,2,2,2,0,2,5,40.0,3,3,1,2,4,8,2,1
578,Denzel Dumfries,Inter,0.9,2,2,1,0,1,1,3,33.3,2,0,0,0,0,2,0,0
579,Alfred Duncan,Venezia,3.7,9,3,3,6,0,2,7,28.6,5,1,0,1,5,14,2,0
580,Lewis Dunk,Brighton,3.8,1,0,1,0,0,1,1,100.0,0,3,2,1,3,4,8,0
581,Jhon Duran,Aston Villa,1.2,1,1,0,0,1,1,2,50.0,1,1,0,1,0,1,1,0
582,Pablo Duran,Celta Vigo,0.9,1,1,0,1,0,0,1,0.0,1,0,0,0,0,1,0,0
583,Hugo Duro,Valencia,3.8,3,3,1,2,0,0,0,0.0,0,3,0,3,3,6,2,0
584,Jean-Kevin Duverne,Nantes,3.0,10,7,6,2,2,8,17,47.1,9,5,0,5,4,14,15,0
585,Paulo Dybala,Roma,2.3,3,1,0,1,2,0,1,0.0,1,1,0,1,1,4,0,0
586,Stefan Dzodic,Montpellier,1.0,5,2,3,2,0,3,4,75.0,1,0,0,0,2,7,5,0
587,Adam Dzwigala,St. Pauli,0.6,1,1,1,0,0,0,0,0.0,0,0,0,0,0,1,0,0
588,Aron Donnum,Toulouse,3.1,5,3,2,3,0,1,3,33.3,2,0,0,0,1,6,5,0
589,Ederson,Manchester City,4.0,0,0,0,0,0,0,0,0.0,0,0,0,0,1,1,2,1
590,Ederson,Atalanta,3.9,1,1,0,1,0,1,2,50.0,1,1,0,1,3,4,4,0
591,George Edmundson,Ipswich Town,0.0,0,0,0,0,0,0,0,0.0,0,0,0,0,0,0,0,0
592,Odsonne Edouard,Crystal Palace,1.3,1,0,0,1,0,0,2,0.0,2,1,0,1,0,1,1,0
593,Samuel Edozie,Southampton,0.7,3,1,0,1,2,2,2,100.0,0,0,0,0,0,3,0,0
594,Johannes Eggestein,St. Pauli,2.8,0,0,0,0,0,0,0,0.0,0,1,0,1,0,0,0,0
595,Maximilian Eggestein,Freiburg,2.8,5,4,1,3,1,0,3,0.0,3,3,0,3,6,11,6,0
596,Kingsley Ehizibue,Udinese,4.0,7,5,4,3,0,3,9,33.3,6,7,4,3,5,12,12,1
598,Chidera Ejuke,Sevilla,2.9,2,1,0,2,0,1,4,25.0,3,5,0,5,0,2,2,0
599,Jeff Ekhator,Genoa,0.3,0,0,0,0,0,0,0,0.0,0,1,0,1,0,0,0,0
600,Hugo Ekitike,Eint Frankfurt,2.4,3,1,1,1,1,1,1,100.0,0,2,0,2,1,4,1,0
601,Jurgen Ekkelenkamp,Udinese,1.2,1,1,0,1,0,0,1,0.0,1,2,0,2,0,1,1,0
602,Jacques Ekomie,Angers,2.5,5,5,2,2,1,2,4,50.0,2,6,0,6,2,7,6,0
603,Emmanuel Ekong,Empoli,0.3,0,0,0,0,0,0,0,0.0,0,1,0,1,1,1,1,0
604,Caleb Ekuban,Genoa,1.5,0,0,0,0,0,0,0,0.0,0,2,0,2,0,0,2,0
605,Pierre Ekwah Elimby,Saint-Étienne,1.0,2,1,1,1,0,1,1,100.0,0,2,1,1,1,3,4,0
606,Anthony Elanga,Nott'ham Forest,2.9,2,1,0,1,1,1,4,25.0,3,0,0,0,2,4,2,0
607,Mikael Ellertsson,Venezia,2.7,3,0,0,1,2,1,1,100.0,0,2,1,1,0,3,7,0
608,Harvey Elliott,Liverpool,0.1,0,0,0,0,0,0,0,0.0,0,0,0,0,0,0,0,0
609,Aritz Elustondo,Real Sociedad,2.7,4,2,2,1,1,1,1,100.0,0,5,5,0,1,5,7,0
610,Nico Elvedi,Gladbach,3.0,5,3,1,1,3,3,3,100.0,0,6,4,2,7,12,10,0
611,Adri Embarba,Rayo Vallecano,3.8,9,4,5,3,1,6,7,85.7,1,1,0,1,3,12,3,0
612,Breel Embolo,Monaco,2.7,0,0,0,0,0,0,2,0.0,2,1,0,1,1,1,0,0
613,Emanuel Emegha,Strasbourg,3.6,2,2,0,1,1,1,1,100.0,0,4,4,0,0,2,2,0
614,Emerson,Milan,2.0,4,4,2,1,1,2,4,50.0,2,1,0,1,3,7,5,0
615,Julio Enciso,Brighton,0.5,0,0,0,0,0,0,0,0.0,0,0,0,0,0,0,0,0
616,Wataru Endo,Liverpool,0.0,0,0,0,0,0,0,0,0.0,0,0,0,0,0,0,0,0
617,Endrick,Real Madrid,0.1,0,0,0,0,0,0,1,0.0,1,0,0,0,0,0,0,0
618,Yannik Engelhardt,Como,0.8,0,0,0,0,0,0,2,0.0,2,0,0,0,0,0,0,0
619,Arne Engels,Augsburg,0.9,0,0,0,0,0,0,0,0.0,0,1,1,0,0,0,0,0
620,Christian Eriksen,Manchester Utd,0.9,1,0,0,1,0,1,1,100.0,0,2,1,1,0,1,0,0
621,Martin Erlic,Bologna,1.2,1,0,0,1,0,0,1,0.0,1,0,0,0,0,1,3,0
622,Patrick Erras,Holstein Kiel,2.5,4,3,3,1,0,1,7,14.3,6,5,4,1,2,6,18,0
624,Alfonso Espino,Rayo Vallecano,3.4,16,9,10,5,1,9,20,45.0,11,6,2,4,7,23,7,0
625,Sebastiano Esposito,Empoli,2.3,8,4,2,4,2,3,5,60.0,2,2,0,2,4,12,1,0
626,Samuel Essende,Augsburg,2.9,0,0,0,0,0,0,0,0.0,0,2,1,1,0,0,1,0
627,Nahuel Estevez,Parma,1.8,3,1,3,0,0,1,6,16.7,5,2,2,0,2,5,6,0
628,Pervis Estupinan,Brighton,0.2,0,0,0,0,0,0,0,0.0,0,0,0,0,0,0,0,0
629,Evanilson,Bournemouth,2.3,1,1,0,0,1,1,2,50.0,1,2,1,1,0,1,3,0
630,Jonny Evans,Manchester Utd,0.3,1,0,0,1,0,1,1,100.0,0,1,0,1,1,2,1,0
631,Eberechi Eze,Crystal Palace,4.0,6,5,1,4,1,2,4,50.0,2,4,0,4,0,6,1,0
632,Abde Ezzalzouli,Betis,2.6,9,6,6,3,0,2,3,66.7,1,1,0,1,2,11,1,0
633,Giovanni Fabbian,Bologna,2.3,3,2,0,1,2,2,4,50.0,2,0,0,0,1,4,1,0
634,Lukasz Fabianski,West Ham,0.5,0,0,0,0,0,0,0,0.0,0,0,0,0,0,0,0,0
635,Alieu Fadera,Como,1.2,6,5,3,2,1,3,8,37.5,5,3,1,2,0,6,0,0
636,Wout Faes,Leicester City,4.0,1,1,1,0,0,1,3,33.3,2,14,10,4,5,6,23,1
637,Nicolo Fagioli,Juventus,2.3,6,4,3,2,1,3,3,100.0,0,1,0,1,2,8,2,0
638,Romain Faivre,Brest,2.0,3,3,1,1,1,2,3,66.7,1,1,0,1,3,6,0,0
639,Wladimiro Falcone,Lecce,4.0,0,0,0,0,0,0,0,0.0,0,0,0,0,0,0,3,0
640,Davide Faraoni,Hellas Verona,0.3,1,1,0,1,0,0,2,0.0,2,0,0,0,0,1,1,0
641,Abdul Fatawu Issahaku,Leicester City,3.0,15,12,10,0,5,7,11,63.6,4,3,0,3,3,18,6,0
642,Khalil Fayad,Montpellier,1.0,3,3,0,3,0,2,2,100.0,0,1,0,1,0,3,1,0
643,Jacopo Fazzini,Empoli,2.6,7,3,3,4,0,3,4,75.0,1,4,0,4,1,8,6,0
644,Peter Federico,Getafe,1.0,1,0,0,1,0,0,0,0.0,0,0,0,0,0,1,1,0
645,Nabil Fekir,Betis,2.0,3,2,1,1,1,1,2,50.0,1,2,0,2,0,3,0,0
646,Mattia Felici,Cagliari,0.3,0,0,0,0,0,0,0,0.0,0,0,0,0,2,2,0,0
647,Joao Felix,Chelsea,0.9,0,0,0,0,0,0,1,0.0,1,1,0,1,0,0,2,0
648,Kiko Femenia,Villarreal,5.0,5,3,3,1,1,3,9,33.3,6,7,3,4,5,10,13,0
650,Evan Ferguson,Brighton,0.1,0,0,0,0,0,0,0,0.0,0,0,0,0,0,0,0,0
651,Zinedine Ferhat,Angers,0.6,1,0,0,1,0,0,1,0.0,1,0,0,0,0,1,0,0
652,Bruno Fernandes,Manchester Utd,3.9,11,7,1,8,2,3,9,33.3,6,3,0,3,0,11,0,0
653,Edimilson Fernandes,Brest,0.9,2,2,1,1,0,2,2,100.0,0,3,1,2,3,5,3,0
654,Mateus Fernandes,Southampton,1.6,5,3,1,1,3,1,1,100.0,0,2,0,2,2,7,0,0
655,Enzo Fernandez,Chelsea,3.0,9,5,1,4,4,5,9,55.6,4,2,1,1,0,9,1,1
656,Valery Fernandez,Mallorca,0.5,1,1,1,0,0,1,2,50.0,1,1,1,0,0,1,0,0
657,Matias Fernandez-Pardo,Lille,0.3,0,0,0,0,0,0,0,0.0,0,2,0,2,0,0,0,0
658,Jordan Ferri,Montpellier,3.0,6,6,2,4,0,5,6,83.3,1,2,0,2,1,7,2,0
659,Karol Fila,Strasbourg,0.1,0,0,0,0,0,0,0,0.0,0,0,0,0,0,0,0,0
660,Kilian Fischer,Wolfsburg,3.0,9,8,6,1,2,6,12,50.0,6,4,0,4,3,12,7,0
661,Mark Flekken,Brentford,4.0,1,1,1,0,0,1,1,100.0,0,0,0,0,0,1,4,0
662,Phil Foden,Manchester City,0.5,0,0,0,0,0,0,0,0.0,0,1,1,0,2,2,1,0
663,Malick Fofana,Lyon,1.5,3,3,1,2,0,1,1,100.0,0,0,0,0,1,4,2,0
664,Wesley Fofana,Chelsea,4.0,3,3,0,3,0,0,4,0.0,4,7,4,3,5,8,14,0
665,Yahia Fofana,Angers,4.0,0,0,0,0,0,0,0,0.0,0,0,0,0,0,0,5,0
666,Youssouf Fofana,Milan,2.1,1,0,1,0,0,1,4,25.0,3,0,0,0,2,3,2,0
667,Jonas Fohrenbach,Heidenheim,3.0,6,5,3,3,0,3,5,60.0,2,4,1,3,1,7,10,0
668,Lamine Fomba,Saint-Étienne,0.8,2,1,1,1,0,1,2,50.0,1,4,1,3,2,4,3,1
669,Carlos Forbs,Wolves,0.1,1,1,0,0,1,0,0,0.0,0,0,0,0,0,1,0,0
670,Pablo Fornals,Betis,3.3,6,4,3,3,0,1,5,20.0,4,4,0,4,4,10,1,1
671,Hector Fort,Barcelona,0.3,0,0,0,0,0,0,1,0.0,1,2,0,2,0,0,1,0
672,Dimitri Foulquier,Valencia,2.4,8,5,4,3,1,6,9,66.7,3,2,0,2,0,8,5,1
673,Alejandro Frances,Girona,2.9,8,4,5,2,1,8,11,72.7,3,4,2,2,5,13,6,0
674,Przemyslaw Frankowski,Lens,1.3,3,2,2,1,0,3,5,60.0,2,3,0,3,0,3,6,0
676,Enric Franquesa,Leganés,2.8,9,5,7,2,0,6,7,85.7,1,3,1,2,1,10,7,0
677,Ryan Fraser,Southampton,0.3,1,1,0,1,0,1,2,50.0,1,0,0,0,0,1,0,0
678,Davide Frattesi,Inter,1.6,3,2,1,2,0,2,2,100.0,0,1,1,0,1,4,0,0
679,Morten Frendrup,Genoa,3.9,10,6,2,4,4,4,9,44.4,5,6,0,6,5,15,5,0
680,Martin Frese,Hellas Verona,2.0,7,3,3,4,0,4,5,80.0,1,0,0,0,3,10,9,1
681,Remo Freuler,Bologna,4.0,11,7,7,3,1,6,12,50.0,6,5,1,4,3,14,9,0
682,Marco Friedl,Werder Bremen,2.7,6,5,3,3,0,2,4,50.0,2,2,2,0,5,11,15,0
683,Jeremie Frimpong,Leverkusen,2.2,4,3,2,1,1,3,7,42.9,4,2,0,2,3,7,0,0
684,Jorge de Frutos,Rayo Vallecano,3.3,6,4,2,2,2,3,8,37.5,5,2,0,2,1,7,3,0
685,Chris Fuhrich,Stuttgart,1.6,2,2,0,1,1,2,3,66.7,1,0,0,0,0,2,2,0
686,Angelo Fulgini,Lens,1.0,2,2,1,0,1,1,2,50.0,1,1,0,1,0,2,0,0
687,Niclas Fullkrug,West Ham,0.7,0,0,0,0,0,0,0,0.0,0,0,0,0,0,0,2,0
688,Manuel Fuster,Las Palmas,0.9,1,0,0,1,0,1,2,50.0,1,1,0,1,0,1,0,0
689,Matteo Gabbia,Milan,1.0,0,0,0,0,0,0,0,0.0,0,1,1,0,0,0,4,1
690,Alessandro Gabrielloni,Como,0.5,0,0,0,0,0,0,1,0.0,1,0,0,0,0,0,0,0
691,Gianluca Gaetano,Cagliari,0.6,2,1,1,1,0,1,2,50.0,1,2,0,2,0,2,0,0
692,Roberto Gagliardini,Monza,1.0,1,0,0,1,0,0,2,0.0,2,0,0,0,1,2,4,0
693,Cody Gakpo,Liverpool,1.0,3,2,3,0,0,1,1,100.0,0,0,0,0,0,3,2,0
694,Inigo Ruiz de Galarreta,Athletic Club,0.6,1,1,0,1,0,0,1,0.0,1,1,0,1,0,1,0,0
695,Conor Gallagher,Atlético Madrid,2.1,7,5,2,5,0,3,6,50.0,3,3,0,3,1,8,5,0
696,Antonino Gallo,Lecce,4.0,7,5,5,2,0,3,5,60.0,2,3,0,3,3,10,20,0
697,Idrissa Gana Gueye,Everton,3.7,14,8,6,6,2,3,6,50.0,3,7,1,6,6,20,4,0
698,Ignatius Ganago,Nantes,0.1,0,0,0,0,0,0,0,0.0,0,0,0,0,0,0,0,0
699,Aleix Garcia,Leverkusen,1.2,3,0,1,1,1,2,2,100.0,0,1,0,1,1,4,1,0
700,Alvaro Garcia,Rayo Vallecano,2.7,6,5,4,2,0,3,4,75.0,1,2,0,2,4,10,7,0
702,Eric Garcia,Barcelona,1.0,3,0,1,2,0,1,1,100.0,0,2,1,1,1,4,3,0
703,Fran Garcia,Real Madrid,1.8,4,4,2,0,2,1,2,50.0,1,1,0,1,2,6,2,0
704,Joan Garcia,Espanyol,5.0,0,0,0,0,0,0,0,0.0,0,0,0,0,0,0,2,2
705,Ruben Garcia,Osasuna,3.7,7,6,3,3,1,5,8,62.5,3,10,1,9,3,10,5,0
706,Ulisses Garcia,Marseille,0.1,1,1,1,0,0,0,0,0.0,0,0,0,0,0,1,1,0
707,Alejandro Garnacho,Manchester Utd,1.6,2,2,1,1,0,0,1,0.0,1,1,0,1,1,3,1,0
708,James Garner,Everton,0.7,2,2,1,1,0,2,2,100.0,0,1,1,0,1,3,2,0
709,Yarek Gasiorowski,Valencia,2.0,4,4,4,0,0,3,5,60.0,2,4,2,2,1,5,8,0
710,Gaspar,Lecce,4.0,7,3,6,1,0,3,3,100.0,0,8,6,2,9,16,21,0
711,Federico Gatti,Juventus,3.9,7,4,6,1,0,5,6,83.3,1,6,3,3,4,11,10,0
712,Paulo Gazzaniga,Girona,5.0,0,0,0,0,0,0,0,0.0,0,0,0,0,0,0,1,0
713,Jean-Philippe Gbamin,Nantes,0.1,0,0,0,0,0,0,0,0.0,0,0,0,0,0,0,0,0
714,Yann Gboho,Toulouse,3.8,4,1,0,2,2,2,5,40.0,3,0,0,0,0,4,0,0
715,David de Gea,Fiorentina,1.0,0,0,0,0,0,0,0,0.0,0,0,0,0,0,0,0,0
716,Lutsharel Geertruida,RB Leipzig,1.0,1,1,0,1,0,0,2,0.0,2,1,0,1,1,2,4,0
717,Dennis Geiger,Hoffenheim,1.9,6,5,2,3,1,3,5,60.0,2,1,0,1,1,7,0,0
718,Valentin Gendrey,Lecce,2.0,2,2,1,0,1,1,1,100.0,0,3,1,2,2,4,1,0
719,Valentin Gendrey,Hoffenheim,0.3,1,1,1,0,0,1,1,100.0,0,0,0,0,1,2,0,0
720,Yannick Gerhardt,Wolfsburg,0.3,1,1,1,0,0,1,1,100.0,0,1,0,1,1,2,1,0
721,Max Geschwill,Holstein Kiel,1.0,3,3,0,3,0,3,3,100.0,0,0,0,0,3,6,4,0
722,Lautaro Gianetti,Udinese,3.3,6,4,5,0,1,1,6,16.7,5,7,3,4,8,14,12,0
723,Dimitris Giannoulis,Augsburg,2.8,6,4,4,2,0,6,8,75.0,2,3,0,3,4,10,8,0
724,Morgan Gibbs-White,Nott'ham Forest,3.9,7,1,1,6,0,0,1,0.0,1,0,0,0,2,9,2,0
725,Armin Gigovic,Holstein Kiel,0.5,0,0,0,0,0,0,1,0.0,1,0,0,0,0,0,0,0
726,Bryan Gil,Girona,4.3,13,9,6,4,3,6,10,60.0,4,5,0,5,3,16,3,1
728,Mario Gila,Lazio,1.0,2,1,2,0,0,2,2,100.0,0,0,0,0,1,3,2,0
729,Billy Gilmour,Brighton,1.1,3,3,2,1,0,3,4,75.0,1,1,0,1,0,3,1,0
730,Billy Gilmour,Napoli,0.2,2,1,0,0,2,1,2,50.0,1,0,0,0,0,2,0,0
731,Benedikt Gimber,Heidenheim,3.0,7,6,5,2,0,4,5,80.0,1,10,2,8,3,10,18,0
732,Gvidas Gineitis,Torino,0.2,0,0,0,0,0,0,0,0.0,0,0,0,0,0,0,0,0
733,Matthias Ginter,Freiburg,0.7,1,0,0,1,0,1,1,100.0,0,2,2,0,0,1,1,0
734,Jamie Gittens,Dortmund,1.1,4,2,1,2,1,0,1,0.0,1,1,0,1,1,5,0,0
735,Serge Gnabry,Bayern Munich,2.5,3,3,2,1,0,2,4,50.0,2,2,0,2,2,5,2,0
736,Ben Godfrey,Atalanta,0.3,0,0,0,0,0,0,1,0.0,1,1,1,0,0,0,0,0
737,Saba Goglichidze,Empoli,2.0,7,6,5,2,0,4,6,66.7,2,3,1,2,3,10,8,0
738,Edoardo Goldaniga,Como,1.3,2,1,2,0,0,0,0,0.0,0,1,1,0,2,4,4,0
739,Pierluigi Gollini,Genoa,4.0,0,0,0,0,0,0,0,0.0,0,1,0,1,0,0,1,0
740,Aleksandr Golovin,Monaco,0.8,0,0,0,0,0,0,0,0.0,0,0,0,0,0,0,3,0
741,Angel Gomes,Lille,1.4,0,0,0,0,0,0,3,0.0,3,0,0,0,0,0,0,0
742,Joao Gomes,Wolves,3.6,16,10,8,8,0,3,13,23.1,10,4,1,3,1,17,3,0
743,Rodrigo Gomes,Wolves,1.1,0,0,0,0,0,0,2,0.0,2,1,0,1,0,0,0,0
744,Toti Gomes,Wolves,3.0,4,3,3,1,0,3,3,100.0,0,0,0,0,1,5,10,0
745,Carlos Gomez,Rennes,0.3,0,0,0,0,0,0,2,0.0,2,1,0,1,0,0,0,0
746,Dani Gomez,Valencia,1.3,2,1,0,0,2,0,0,0.0,0,0,0,0,2,4,1,0
747,Moi Gomez,Osasuna,2.0,6,2,2,3,1,1,3,33.3,2,0,0,0,5,11,1,1
748,Sergi Gomez,Espanyol,1.5,1,1,1,0,0,1,1,100.0,0,4,4,0,1,2,5,0
749,Sergio Gomez,Real Sociedad,4.6,10,7,5,4,1,3,8,37.5,5,3,1,2,3,13,7,0
750,Unai Gomez,Athletic Club,1.3,0,0,0,0,0,0,0,0.0,0,0,0,0,0,0,3,0
751,Fabio Gonzalez,Las Palmas,0.5,0,0,0,0,0,0,1,0.0,1,0,0,0,0,0,0,0
752,Nicolas Gonzalez,Juventus,0.8,0,0,0,0,0,0,0,0.0,0,2,0,2,0,0,0,0
754,Urko Gonzalez,Real Sociedad,0.5,0,0,0,0,0,0,0,0.0,0,1,1,0,0,0,0,0
755,Anthony Gordon,Newcastle Utd,3.7,4,2,3,1,0,4,5,80.0,1,4,0,4,2,6,0,0
756,Leon Goretzka,Bayern Munich,0.0,0,0,0,0,0,0,0,0.0,0,0,0,0,0,0,2,0
757,Andoni Gorosabel,Athletic Club,1.0,1,0,0,1,0,0,2,0.0,2,1,0,1,0,1,5,0
758,Robin Gosens,Fiorentina,2.0,7,4,3,0,4,3,3,100.0,0,0,0,0,0,7,5,0
759,Robin Gosens,Union Berlin,1.0,0,0,0,0,0,0,3,0.0,3,1,0,1,1,1,2,0
760,Mario Gotze,Eint Frankfurt,2.2,3,3,1,2,0,1,4,25.0,3,2,0,2,1,4,2,0
761,Amine Gouiri,Rennes,3.0,1,0,0,1,0,0,2,0.0,2,3,0,3,0,1,0,0
762,Jeffrey Gouweleeuw,Augsburg,3.0,3,1,1,1,1,3,6,50.0,3,3,1,2,3,6,10,0
763,Kamil Grabara,Wolfsburg,3.0,0,0,0,0,0,0,1,0.0,1,1,0,1,0,0,0,0
764,Jonathan Gradit,Lens,3.8,9,5,3,5,1,5,8,62.5,3,5,1,4,7,16,16,0
765,Jose Gragera,Espanyol,3.4,10,6,3,7,0,3,8,37.5,5,6,0,6,3,13,4,0
766,Samuel Grandsir,Le Havre,0.5,3,3,0,2,1,2,2,100.0,0,2,0,2,0,3,0,0
767,Alberto Grassi,Empoli,1.5,2,2,1,1,0,1,1,100.0,0,2,2,0,2,4,2,0
768,Ryan Gravenberch,Liverpool,4.0,10,7,2,3,5,6,8,75.0,2,8,0,8,9,19,3,0
769,Archie Gray,Tottenham,0.3,2,1,0,0,2,1,3,33.3,2,0,0,0,0,2,1,0
770,Jack Grealish,Manchester City,1.9,4,1,3,0,1,0,1,0.0,1,4,0,4,0,4,3,0
771,Jacob Greaves,Ipswich Town,4.0,6,3,1,5,0,4,5,80.0,1,5,3,2,5,11,28,0
772,Mason Greenwood,Marseille,4.0,4,3,2,1,1,2,6,33.3,4,1,0,1,1,5,4,0
773,Dominik Greif,Mallorca,4.0,0,0,0,0,0,0,0,0.0,0,0,0,0,0,0,1,0
774,Antoine Griezmann,Atlético Madrid,4.0,2,1,2,0,0,1,4,25.0,3,6,0,6,3,5,3,0
775,Vincenzo Grifo,Freiburg,2.6,1,1,1,0,0,0,3,0.0,3,3,1,2,0,1,0,0
776,Florian Grillitsch,Hoffenheim,1.8,6,5,3,2,1,3,3,100.0,0,0,0,0,1,7,6,0
777,Alex Grimaldo,Leverkusen,3.0,2,2,0,1,1,1,1,100.0,0,2,1,1,0,2,4,0
778,Pascal Gross,Dortmund,3.0,2,1,0,1,1,0,4,0.0,4,2,0,2,1,3,3,0
780,Marco Grull,Werder Bremen,1.0,1,1,0,1,0,0,1,0.0,1,3,1,2,1,2,0,0
781,Albert Gronbaek,Rennes,3.5,7,5,3,3,1,5,10,50.0,5,2,0,2,1,8,1,0
782,Vicente Guaita,Celta Vigo,1.0,0,0,0,0,0,0,0,0.0,0,0,0,0,0,0,0,0
783,Sergi Guardiola,Rayo Vallecano,0.0,0,0,0,0,0,0,0,0.0,0,0,0,0,0,0,0,0
784,Nemanja Gudelj,Sevilla,2.8,4,3,1,2,1,0,0,0.0,0,4,2,2,2,6,12,0
785,Gabriel Gudmundsson,Lille,2.9,5,4,1,3,1,2,4,50.0,2,5,0,5,0,5,0,0
786,Goncalo Guedes,Wolves,0.2,0,0,0,0,0,0,3,0.0,3,2,0,2,2,2,1,0
787,Marc Guehi,Crystal Palace,4.0,3,2,3,0,0,3,4,75.0,1,5,4,1,2,5,24,1
788,Matteo Guendouzi,Lazio,4.0,6,4,1,4,1,3,6,50.0,3,3,0,3,6,12,6,0
789,Javier Guerra,Valencia,2.7,5,4,2,3,0,3,5,60.0,2,0,0,0,0,5,6,1
790,Raphael Guerreiro,Bayern Munich,1.7,5,4,3,1,1,4,4,100.0,0,0,0,0,2,7,2,0
791,Evann Guessand,Nice,4.0,4,2,0,4,0,0,0,0.0,0,1,0,1,2,6,2,0
792,Ander Guevara,Alavés,3.3,7,3,3,3,1,5,11,45.5,6,4,0,4,1,8,6,0
793,Pape Gueye,Villarreal,2.2,3,2,1,2,0,2,2,100.0,0,2,0,2,2,5,7,0
794,Morgan Guilavogui,St. Pauli,1.9,1,0,1,0,0,0,0,0.0,0,0,0,0,0,1,1,0
795,Frederic Guilbert,Lecce,1.8,4,2,2,2,0,1,2,50.0,1,3,1,2,4,8,9,0
796,Hugo Guillamon,Valencia,2.3,3,1,0,3,0,2,3,66.7,1,2,1,1,3,6,5,0
797,Bruno Guimaraes,Newcastle Utd,4.0,11,5,8,2,1,3,8,37.5,5,6,2,4,4,15,7,0
798,Bahereba Guirassy,Nantes,0.1,0,0,0,0,0,0,0,0.0,0,1,0,1,0,0,1,0
799,Serhou Guirassy,Dortmund,0.8,0,0,0,0,0,0,0,0.0,0,0,0,0,0,0,1,0
800,Marc Guiu,Chelsea,0.3,0,0,0,0,0,0,0,0.0,0,0,0,0,0,0,0,0
801,Peter Gulacsi,RB Leipzig,3.0,0,0,0,0,0,0,0,0.0,0,0,0,0,0,0,2,1
802,Arda Guler,Real Madrid,1.9,3,0,0,1,2,0,1,0.0,1,3,0,3,1,4,0,0
803,Gerard Gumbau,Rayo Vallecano,1.5,5,4,3,2,0,0,2,0.0,2,1,0,1,0,5,1,0
804,Ilkay Gundogan,Manchester City,1.5,3,1,1,1,1,2,4,50.0,2,0,0,0,0,3,2,0
806,Christian Gunter,Freiburg,2.9,3,2,2,1,0,3,5,60.0,2,2,1,1,2,5,5,0
807,Jon Guridi,Alavés,3.5,6,3,3,2,1,3,7,42.9,4,1,0,1,2,8,4,0
808,Gorka Guruzeta,Athletic Club,3.3,2,1,0,2,0,1,1,100.0,0,6,1,5,0,2,3,0
809,Malo Gusto,Chelsea,2.8,9,6,5,3,1,4,10,40.0,6,4,0,4,2,11,5,1
810,Miguel Gutierrez,Girona,5.0,11,6,4,7,0,2,4,50.0,2,2,1,1,4,15,8,0
811,Josko Gvardiol,Manchester City,3.5,8,5,6,1,1,5,6,83.3,1,3,0,3,8,16,8,0
812,Emmanuel Gyasi,Empoli,4.0,7,3,5,2,0,5,7,71.4,2,5,1,4,0,7,10,0
813,Christian Gytkjaer,Venezia,1.6,1,1,1,0,0,1,2,50.0,1,0,0,0,0,1,2,0
814,Erling Haaland,Manchester City,4.0,2,2,0,1,1,1,1,100.0,0,0,0,0,0,2,2,0
815,Nicolas Haas,Empoli,0.7,4,2,3,1,0,2,2,100.0,0,0,0,0,0,4,4,0
816,Janik Haberer,Union Berlin,2.2,2,1,1,0,1,2,6,33.3,4,1,0,1,1,3,4,0
817,Robin Hack,Gladbach,0.5,4,4,2,0,2,2,2,100.0,0,0,0,0,0,4,0,0
818,Saad El Haddad,Venezia,0.2,0,0,0,0,0,0,0,0.0,0,0,0,0,0,0,0,0
819,Munir El Haddadi,Leganés,0.7,0,0,0,0,0,0,0,0.0,0,0,0,0,0,0,0,0
820,Amadou Haidara,RB Leipzig,1.7,5,4,2,3,0,2,2,100.0,0,5,2,3,2,7,4,0
821,Massadio Haidara,Brest,1.0,1,1,1,0,0,1,3,33.3,2,0,0,0,0,1,4,0
822,Antoine Hainaut,Parma,0.3,1,1,1,0,0,1,1,100.0,0,0,0,0,0,1,0,0
823,Achraf Hakimi,Paris S-G,3.9,10,7,3,5,2,5,5,100.0,0,3,0,3,6,16,3,1
824,Lewis Hall,Newcastle Utd,2.3,2,2,1,0,1,1,10,10.0,9,8,5,3,1,3,9,0
825,Sebastien Haller,Leganés,1.0,0,0,0,0,0,0,0,0.0,0,0,0,0,0,0,4,0
826,Ali Al Hamadi,Ipswich Town,0.4,1,0,0,0,1,0,1,0.0,1,0,0,0,0,1,2,0
827,Andreas Hanche-Olsen,Mainz 05,2.0,4,1,1,2,1,0,0,0.0,0,1,1,0,3,7,12,1
828,Florent Hanin,Angers,1.5,4,3,3,0,1,2,2,100.0,0,0,0,0,3,7,2,0
829,Ridgeciano Haps,Venezia,0.4,1,1,1,0,0,0,0,0.0,0,0,0,0,0,1,0,0
830,Amine Harit,Marseille,3.3,3,3,0,3,0,0,1,0.0,1,5,0,5,2,5,1,1
832,Marcus Harness,Ipswich Town,0.5,1,0,0,0,1,0,3,0.0,3,2,1,1,0,1,1,0
833,Jack Harrison,Everton,3.3,4,3,1,2,1,2,5,40.0,3,1,0,1,3,7,6,1
834,Abdou Harroui,Hellas Verona,1.9,2,2,1,1,0,2,2,100.0,0,0,0,0,0,2,4,0
835,Taylor Harwood-Bellis,Southampton,2.6,1,1,1,0,0,0,0,0.0,0,5,5,0,1,2,6,1
836,Hans Hateboer,Rennes,2.4,6,3,3,2,1,3,4,75.0,1,2,1,1,3,9,3,0
837,Kai Havertz,Arsenal,4.0,4,3,2,1,1,2,7,28.6,5,7,1,6,3,7,9,1
838,Jan Paul van Hecke,Brighton,4.0,9,5,6,3,0,5,6,83.3,1,2,1,1,4,13,12,0
839,Hwang Hee-chan,Wolves,2.2,1,0,0,0,1,0,1,0.0,1,5,0,5,1,2,3,0
840,Dean Henderson,Crystal Palace,4.0,1,0,1,0,0,1,2,50.0,1,0,0,0,0,1,3,0
841,Liam Henderson,Empoli,4.0,4,1,2,2,0,2,5,40.0,3,4,3,1,5,9,9,0
842,Ramon Hendriks,Stuttgart,0.0,0,0,0,0,0,0,0,0.0,0,0,0,0,2,2,0,0
843,Benjamin Henrichs,RB Leipzig,2.2,10,3,5,3,2,5,7,71.4,2,3,0,3,7,17,5,0
844,Luis Henrique,Marseille,3.6,1,1,0,1,0,1,1,100.0,0,2,1,1,1,2,1,0
845,Mads Hermansen,Leicester City,4.0,1,1,1,0,0,1,1,100.0,0,0,0,0,0,1,3,0
846,Mario Hermoso,Roma,0.5,1,0,1,0,0,0,0,0.0,0,1,1,0,1,2,5,0
847,Javi Hernandez,Leganés,4.7,6,3,3,3,0,2,6,33.3,4,4,1,3,8,14,20,0
848,Theo Hernandez,Milan,2.6,1,1,1,0,0,0,2,0.0,2,1,0,1,2,3,5,0
849,Hernani,Parma,0.2,0,0,0,0,0,0,0,0.0,0,0,0,0,0,0,0,0
850,Jorge Herrando,Osasuna,3.0,1,0,1,0,0,1,2,50.0,1,4,3,1,1,2,9,0
851,Ander Herrera,Athletic Club,1.2,3,1,0,3,0,1,3,33.3,2,0,0,0,0,3,2,0
852,Sergio Herrera,Osasuna,5.0,0,0,0,0,0,0,0,0.0,0,0,0,0,0,0,4,0
853,Yangel Herrera,Girona,3.0,10,5,5,5,0,2,5,40.0,3,3,0,3,5,15,2,0
854,Son Heung-min,Tottenham,4.0,2,2,0,1,1,0,4,0.0,4,2,0,2,2,4,4,0
855,Isak Hien,Atalanta,2.3,1,1,1,0,0,0,3,0.0,3,5,5,0,6,7,5,1
856,Omar El Hilali,Espanyol,5.0,9,6,6,3,0,4,11,36.4,7,4,1,3,1,10,25,0
858,Piero Hincapie,Leverkusen,2.9,7,7,4,3,0,4,6,66.7,2,8,5,3,2,9,8,0
859,Jack Hinshelwood,Brighton,3.7,6,3,2,2,2,4,8,50.0,4,0,0,0,2,8,6,0
860,George Hirst,Ipswich Town,0.4,0,0,0,0,0,0,0,0.0,0,0,0,0,0,0,0,0
861,Adam Hlozek,Hoffenheim,1.6,1,0,0,0,1,0,1,0.0,1,1,0,1,0,1,2,0
862,Ki-Jana Hoever,Auxerre,1.4,3,3,3,0,0,1,1,100.0,0,1,0,1,1,4,5,0
863,Nicolas Hofler,Freiburg,0.5,2,2,1,1,0,1,2,50.0,1,0,0,0,1,3,2,0
864,Jonas Hofmann,Leverkusen,0.7,0,0,0,0,0,0,0,0.0,0,0,0,0,0,0,1,0
865,Philipp Hofmann,Bochum,1.8,1,0,1,0,0,0,2,0.0,2,1,0,1,0,1,1,0
866,Lucas Holer,Freiburg,0.6,1,1,0,1,0,0,1,0.0,1,0,0,0,0,1,1,0
867,Mason Holgate,Everton,0.1,0,0,0,0,0,0,0,0.0,0,0,0,0,0,0,0,0
868,Benedict Hollerbach,Union Berlin,2.4,4,1,1,3,0,2,2,100.0,0,3,0,3,0,4,0,0
869,Lewis Holtby,Holstein Kiel,2.7,10,3,6,3,1,4,7,57.1,3,2,0,2,8,18,5,1
870,Franck Honorat,Gladbach,2.6,2,1,1,0,1,0,1,0.0,1,3,1,2,0,2,3,0
871,Mathias Honsak,Heidenheim,0.3,1,1,1,0,0,0,0,0.0,0,0,0,0,0,1,2,0
872,Cedric Hountondji,Angers,3.0,6,4,4,2,0,3,7,42.9,4,3,3,0,4,10,14,0
873,Ilyes Housni,Le Havre,0.1,1,1,0,0,1,0,1,0.0,1,1,0,1,0,1,0,0
874,Lukas Hradecky,Leverkusen,2.0,0,0,0,0,0,0,0,0.0,0,0,0,0,0,0,1,0
875,Robin Hranac,Hoffenheim,0.5,0,0,0,0,0,0,0,0.0,0,1,0,1,1,1,1,1
876,Callum Hudson-Odoi,Nott'ham Forest,3.1,3,3,0,3,0,2,2,100.0,0,3,0,3,1,4,3,0
877,Will Hughes,Crystal Palace,2.0,8,3,1,3,4,3,4,75.0,1,1,0,1,2,10,1,0
878,Dean Huijsen,Bournemouth,1.2,1,0,1,0,0,0,0,0.0,0,2,1,1,3,4,6,0
879,Omari Hutchinson,Ipswich Town,3.9,3,2,2,1,0,3,11,27.3,8,6,1,5,0,3,2,0
880,Elseid Hysaj,Lazio,0.1,1,1,0,1,0,0,0,0.0,0,0,0,0,0,1,1,0
881,Hong Hyunseok,Mainz 05,1.4,2,1,1,1,0,0,0,0.0,0,1,0,1,3,5,3,0
882,Pierre Hojbjerg,Marseille,3.9,13,8,11,2,0,11,16,68.8,5,7,0,7,12,25,4,0
884,Oscar Hojlund,Eint Frankfurt,0.2,2,1,2,0,0,0,0,0.0,0,1,0,1,1,3,0,0
885,Pablo Ibanez,Osasuna,0.8,0,0,0,0,0,0,1,0.0,1,2,2,0,1,1,4,0
886,Stanis Idumbo,Sevilla,0.1,1,1,0,1,0,0,0,0.0,0,0,0,0,1,2,0,0
887,Jay Idzes,Venezia,2.7,2,1,0,2,0,0,0,0.0,0,4,2,2,1,3,11,0
888,Iglesias,Getafe,4.0,18,11,8,9,1,5,14,35.7,9,2,0,2,7,25,10,0
889,Borja Iglesias,Celta Vigo,2.7,1,1,0,1,0,0,1,0.0,1,0,0,0,0,1,3,0
890,Kelechi Iheanacho,Sevilla,0.8,0,0,0,0,0,0,0,0.0,0,0,0,0,0,0,0,0
891,Jonathan Ikone,Fiorentina,0.9,0,0,0,0,0,0,1,0.0,1,0,0,0,0,0,0,0
892,George Ilenikhena,Monaco,1.0,0,0,0,0,0,0,0,0.0,0,0,0,0,1,1,0,0
893,Ivan Ilic,Torino,3.6,2,1,0,1,1,0,2,0.0,2,0,0,0,2,4,3,0
894,Samuel Iling-Junior,Bologna,0.3,0,0,0,0,0,0,0,0.0,0,0,0,0,1,1,0,0
895,Danny Ings,West Ham,0.2,0,0,0,0,0,0,0,0.0,0,0,0,0,0,0,0,0
896,Alessio Iovine,Como,2.5,1,0,0,1,0,1,3,33.3,2,4,1,3,2,3,17,0
897,Tim Iroegbunam,Everton,3.9,15,8,7,3,5,4,6,66.7,2,4,0,4,8,23,4,1
898,Jackson Irvine,St. Pauli,3.0,7,3,2,4,1,2,8,25.0,6,1,0,1,6,13,9,0
899,Alexander Isak,Newcastle Utd,3.5,2,2,0,1,1,1,3,33.3,2,5,0,5,1,3,4,0
900,Gustav Isaksen,Lazio,1.7,0,0,0,0,0,0,1,0.0,1,1,0,1,1,1,0,0
901,Ismaily,Lille,0.9,2,0,0,1,1,0,1,0.0,1,4,0,4,0,2,2,0
902,Ardian Ismajli,Empoli,4.0,2,2,1,1,0,0,0,0.0,0,8,5,3,4,6,38,0
903,Yanis Issoufou,Montpellier,0.5,2,1,1,1,0,1,3,33.3,2,0,0,0,0,2,0,0
904,Ko Itakura,Gladbach,3.0,5,3,2,3,0,4,5,80.0,1,1,1,0,4,9,16,0
905,Junya Ito,Reims,3.9,5,4,1,3,1,1,7,14.3,6,6,0,6,1,6,0,1
906,Marko Ivezic,Holstein Kiel,1.0,2,1,1,1,0,1,2,50.0,1,0,0,0,3,5,2,0
907,Alex Iwobi,Fulham,3.7,7,5,3,3,1,1,2,50.0,1,0,0,0,1,8,2,0
908,Armando Izzo,Monza,3.8,3,2,2,1,0,0,1,0.0,1,7,6,1,7,10,18,0
910,Nicolas Jackson,Chelsea,3.3,0,0,0,0,0,0,2,0.0,2,2,0,2,0,0,3,0
911,Lee Jae-sung,Mainz 05,3.0,6,4,3,2,1,1,1,100.0,0,2,0,2,2,8,4,0
912,Kristijan Jakic,Augsburg,1.2,1,0,0,0,1,0,1,0.0,1,2,0,2,2,3,1,0
913,Karl Jakob Hein,Valladolid,5.0,0,0,0,0,0,0,0,0.0,0,0,0,0,0,0,3,0
914,Ismail Jakobs,Monaco,2.0,5,5,3,0,2,3,5,60.0,2,0,0,0,2,7,6,0
915,Jordan James,Rennes,0.2,1,0,0,0,1,0,2,0.0,2,0,0,0,0,1,0,0
916,Vitaly Janelt,Brentford,3.2,5,4,2,2,1,3,4,75.0,1,4,0,4,3,8,6,0
917,Mikel Jauregizar,Athletic Club,2.2,7,5,3,3,1,5,8,62.5,3,2,0,2,3,10,2,1
918,Dominik Javorcek,Holstein Kiel,0.5,1,0,1,0,0,1,1,100.0,0,1,1,0,1,2,4,1
919,Gaby Jean,Lecce,0.2,0,0,0,0,0,0,1,0.0,1,1,1,0,0,0,2,0
920,Daniel Jebbison,Bournemouth,0.3,0,0,0,0,0,0,1,0.0,1,0,0,0,0,0,1,0
921,Fredrik Jensen,Augsburg,0.9,0,0,0,0,0,0,0,0.0,0,1,0,1,0,0,0,0
922,Mathias Jensen,Brentford,2.6,1,1,1,0,0,0,3,0.0,3,3,1,2,2,3,2,0
923,Moritz Jenz,Mainz 05,1.0,2,0,0,2,0,0,1,0.0,1,2,2,0,2,4,4,0
924,Gabriel Jesus,Arsenal,0.2,1,1,1,0,0,0,1,0.0,1,0,0,0,1,2,0,0
925,Juan Jesus,Napoli,0.9,0,0,0,0,0,0,0,0.0,0,0,0,0,0,0,3,0
926,Raul Jimenez,Fulham,1.2,2,1,0,1,1,0,1,0.0,1,0,0,0,1,3,2,0
927,Joao Pedro,Brighton,2.9,5,3,1,3,1,1,3,33.3,2,2,0,2,1,6,2,0
928,John Joe,Getafe,0.1,0,0,0,0,0,0,0,0.0,0,1,1,0,0,0,1,0
929,Joelinton,Newcastle Utd,3.5,10,6,3,3,4,5,11,45.5,6,8,2,6,2,12,9,1
930,Jofre,Espanyol,2.7,2,2,2,0,0,1,2,50.0,1,0,0,0,1,3,4,0
931,Carl Johansson,Holstein Kiel,2.0,1,1,1,0,0,0,1,0.0,1,2,2,0,3,4,9,0
932,Ben Johnson,Ipswich Town,1.4,7,4,7,0,0,4,8,50.0,4,2,1,1,3,10,1,0
933,Brennan Johnson,Tottenham,3.1,10,7,1,6,3,5,7,71.4,2,3,1,2,0,10,2,0
934,Karl-Johan Johnsson,Strasbourg,3.0,0,0,0,0,0,0,1,0.0,1,0,0,0,0,0,3,0
936,Sam Johnstone,Wolves,2.0,0,0,0,0,0,0,0,0.0,0,0,0,0,0,0,0,0
937,Paul Joly,Auxerre,3.8,11,9,7,4,0,6,11,54.5,5,5,0,5,9,20,14,2
938,Curtis Jones,Liverpool,0.2,0,0,0,0,0,0,0,0.0,0,0,0,0,0,0,0,0
939,Joan Jordan,Alavés,0.3,2,1,0,2,0,1,1,100.0,0,0,0,0,0,2,0,0
940,Jorginho,Arsenal,1.0,1,0,0,1,0,1,1,100.0,0,0,0,0,0,1,0,1
941,Jesse Joronen,Venezia,4.0,0,0,0,0,0,0,0,0.0,0,0,0,0,0,0,2,0
942,Jota,Rennes,0.3,0,0,0,0,0,0,0,0.0,0,0,0,0,0,0,1,0
943,Diogo Jota,Liverpool,3.1,2,1,0,1,1,2,5,40.0,3,1,0,1,2,4,2,0
944,Antoine Joujou,Le Havre,2.5,3,2,2,1,0,0,1,0.0,1,4,0,4,1,4,2,0
945,Luka Jovic,Milan,0.7,0,0,0,0,0,0,0,0.0,0,0,0,0,1,1,0,0
946,Juanmi,Betis,1.4,4,3,2,1,1,2,4,50.0,2,4,0,4,1,5,4,0
947,Jubal,Auxerre,4.0,7,5,6,1,0,4,10,40.0,6,7,2,5,2,9,19,0
948,Anthony Jung,Werder Bremen,2.5,3,2,3,0,0,0,0,0.0,0,0,0,0,4,7,12,0
949,Hamed Junior Traore,Auxerre,2.0,5,3,0,3,2,1,6,16.7,5,1,0,1,2,7,1,0
950,Vinicius Junior,Real Madrid,4.8,3,2,0,1,2,0,1,0.0,1,0,0,0,0,3,0,0
951,Stanko Juric,Valladolid,3.4,10,5,8,2,0,7,15,46.7,8,6,2,4,2,12,9,0
952,James Justin,Leicester City,4.0,9,5,4,4,1,4,7,57.1,3,4,0,4,7,16,16,0
953,Yusuf Kabadayi,Augsburg,0.1,0,0,0,0,0,0,0,0.0,0,1,0,1,0,0,0,0
954,Christian Kabasele,Udinese,1.6,2,2,1,1,0,0,0,0.0,0,2,0,2,4,6,7,0
955,Yaya Kader Fofana,Reims,2.5,3,1,2,1,0,0,3,0.0,3,4,0,4,0,3,1,0
956,Pavel Kaderabek,Hoffenheim,3.0,5,2,3,0,2,3,7,42.9,4,2,0,2,6,11,8,0
957,Tino Kadewere,Nantes,2.8,9,4,4,1,4,4,4,100.0,0,1,0,1,2,11,7,0
958,Ferdi Kadioglu,Brighton,0.3,0,0,0,0,0,0,0,0.0,0,0,0,0,2,2,1,0
959,Arnaud Kalimuendo,Rennes,1.8,1,1,0,1,0,0,0,0.0,0,0,0,0,0,1,0,0
960,Pierre Kalulu,Juventus,1.2,1,1,1,0,0,1,1,100.0,0,2,0,2,1,2,1,0
962,Daichi Kamada,Crystal Palace,2.3,5,2,0,3,2,2,5,40.0,3,1,0,1,1,6,2,0
963,Waren Kamanzi,Toulouse,3.3,13,6,6,5,2,7,14,50.0,7,1,0,1,0,13,5,0
964,Glen Kamara,Rennes,2.9,10,4,3,5,2,5,6,83.3,1,4,0,4,3,13,3,0
965,Hassane Kamara,Udinese,2.6,7,3,3,4,0,0,1,0.0,1,3,0,3,5,12,8,0
966,Willy Kambwala,Villarreal,1.0,4,2,3,0,1,2,2,100.0,0,1,1,0,0,4,6,0
967,Jakub Kaminski,Wolfsburg,3.0,9,4,3,2,4,4,8,50.0,4,6,4,2,3,12,4,0
968,Kevin Kampl,RB Leipzig,2.9,6,4,2,2,2,3,4,75.0,1,6,1,5,3,9,3,0
969,Nordine Kandil,Strasbourg,0.1,0,0,0,0,0,0,0,0.0,0,0,0,0,0,0,1,0
970,Harry Kane,Bayern Munich,3.0,1,1,0,0,1,0,0,0.0,0,2,0,2,0,1,2,0
971,Lee Kang-in,Paris S-G,2.3,4,2,1,1,2,4,5,80.0,1,1,0,1,0,4,0,0
972,Yann Karamoh,Torino,0.4,0,0,0,0,0,0,1,0.0,1,1,1,0,0,0,0,0
973,Atakan Karazor,Stuttgart,2.7,5,0,1,0,4,0,0,0.0,0,1,0,1,4,9,4,0
974,Jesper Karlsson,Bologna,0.9,0,0,0,0,0,0,1,0.0,1,0,0,0,0,0,0,0
975,Jesper Karlstrom,Udinese,3.4,8,3,4,3,1,1,3,33.3,2,2,1,1,6,14,10,0
976,Grigoris Kastanos,Hellas Verona,1.5,1,0,0,1,0,0,0,0.0,0,3,1,2,0,1,0,0
977,Mikkel Kaufmann,Heidenheim,0.3,0,0,0,0,0,0,0,0.0,0,0,0,0,0,0,1,0
978,Michael Kayode,Fiorentina,0.2,1,1,1,0,0,0,0,0.0,0,2,1,1,0,1,3,0
979,Moise Kean,Fiorentina,3.9,1,1,0,0,1,1,1,100.0,0,1,0,1,0,1,3,0
980,Michael Keane,Everton,4.0,4,3,4,0,0,3,5,60.0,2,3,2,1,6,10,19,0
981,Yassine Kechta,Le Havre,3.7,11,8,4,6,1,6,14,42.9,8,2,0,2,4,15,0,0
982,Thilo Kehrer,Monaco,3.0,9,8,6,3,0,4,7,57.1,3,0,0,0,1,10,10,1
983,Mandela Keita,Parma,0.2,0,0,0,0,0,0,0,0.0,0,0,0,0,0,0,0,0
984,Andu Kelati,Holstein Kiel,0.4,1,1,1,0,0,0,1,0.0,1,1,0,1,0,1,1,0
985,Lloyd Kelly,Newcastle Utd,1.8,2,2,2,0,0,0,0,0.0,0,2,1,1,1,3,12,0
986,Aljoscha Kemlein,Union Berlin,0.1,0,0,0,0,0,0,0,0.0,0,0,0,0,0,0,0,0
988,Marc-Oliver Kempf,Como,2.0,1,1,0,1,0,0,0,0.0,0,2,1,1,2,3,11,0
989,Kenedy,Valladolid,0.1,0,0,0,0,0,0,0,0.0,0,1,0,1,0,0,0,0
990,Luca Kerber,Heidenheim,0.7,2,2,1,1,0,2,3,66.7,1,1,0,1,0,2,4,0
991,Milos Kerkez,Bournemouth,3.7,7,4,2,3,2,3,5,60.0,2,5,1,4,4,11,11,0
992,Reda Khadra,Reims,0.8,1,1,1,0,0,0,1,0.0,1,0,0,0,0,1,1,0
993,Bilal El Khannouss,Leicester City,0.3,0,0,0,0,0,0,0,0.0,0,0,0,0,0,0,0,0
994,Wahbi Khazri,Montpellier,1.1,1,1,0,1,0,1,1,100.0,0,0,0,0,0,1,0,0
995,Rani Khedira,Union Berlin,3.0,5,4,1,4,0,3,4,75.0,1,4,2,2,4,9,5,0
996,Abdukodir Khusanov,Lens,2.2,2,1,2,0,0,0,1,0.0,1,6,4,2,5,7,16,0
997,Kike,Alavés,3.4,2,2,0,2,0,1,2,50.0,1,0,0,0,0,2,3,0
998,Max Kilman,West Ham,4.0,3,2,1,2,0,2,3,66.7,1,6,4,2,6,9,22,0
999,Joshua Kimmich,Bayern Munich,3.0,2,1,2,0,0,2,2,100.0,0,2,0,2,0,2,5,1
1000,Joshua King,Toulouse,0.8,0,0,0,0,0,0,0,0.0,0,0,0,0,0,0,4,0
1001,Cedric Kipre,Reims,1.1,2,1,1,1,0,2,3,66.7,1,3,2,1,1,3,10,0
1002,Tim Kleindienst,Gladbach,2.9,2,1,1,1,0,1,4,25.0,3,3,0,3,1,3,5,0
1003,Lukas Klostermann,RB Leipzig,2.2,3,1,2,0,1,3,5,60.0,2,5,2,3,1,4,14,1
1004,Justin Kluivert,Bournemouth,2.9,5,2,2,2,1,1,2,50.0,1,2,0,2,4,9,6,0
1005,Ansgar Knauff,Eint Frankfurt,0.5,2,2,1,1,0,1,1,100.0,0,1,0,1,0,2,1,0
1006,Magnus Knudsen,Holstein Kiel,2.7,9,3,4,1,4,6,8,75.0,2,3,2,1,4,13,8,0
1007,Gregor Kobel,Dortmund,3.0,0,0,0,0,0,0,0,0.0,0,0,0,0,0,0,0,0
1008,Robin Koch,Eint Frankfurt,3.0,1,1,1,0,0,0,1,0.0,1,9,4,5,1,2,23,1
1009,Magnus Kofod Andersen,Venezia,1.8,4,0,1,3,0,0,1,0.0,1,0,0,0,2,6,2,0
1010,Derrick Kohn,Werder Bremen,0.3,0,0,0,0,0,0,0,0.0,0,0,0,0,2,2,2,0
1011,Philipp Kohn,Monaco,4.0,0,0,0,0,0,0,0,0.0,0,0,0,0,0,0,3,0
1012,Dominik Kohr,Mainz 05,3.0,13,10,9,2,2,9,11,81.8,2,10,6,4,4,17,15,0
1014,Koke,Atlético Madrid,4.0,9,5,5,2,2,4,10,40.0,6,5,0,5,3,12,3,0
1015,Sead Kolasinac,Atalanta,1.0,1,1,1,0,0,1,2,50.0,1,0,0,0,1,2,1,0
1016,Randal Kolo Muani,Paris S-G,1.5,1,1,1,0,0,0,0,0.0,0,0,0,0,0,1,0,0
1017,Marco Komenda,Holstein Kiel,1.0,2,1,1,1,0,2,2,100.0,0,1,0,1,0,2,6,0
1018,Mert Komur,Augsburg,0.3,0,0,0,0,0,0,0,0.0,0,1,1,0,0,0,0,1
1019,Ibrahima Konate,Liverpool,3.3,4,3,3,0,1,4,4,100.0,0,6,2,4,1,5,15,0
1020,Geoffrey Kondogbia,Marseille,2.9,9,2,4,5,0,6,6,100.0,0,2,0,2,3,12,3,0
1021,Abdoul Kone,Reims,0.7,4,2,3,1,0,2,4,50.0,2,1,1,0,1,5,1,0
1022,Amadou Kone,Reims,0.2,0,0,0,0,0,0,0,0.0,0,0,0,0,0,0,0,0
1023,Ismael Kone,Marseille,0.2,0,0,0,0,0,0,0,0.0,0,2,1,1,0,0,0,0
1024,Manu Kone,Roma,1.2,2,2,1,1,0,1,2,50.0,1,1,0,1,2,4,0,0
1025,Ezri Konsa,Aston Villa,4.0,5,3,3,1,1,3,4,75.0,1,2,0,2,2,7,19,0
1026,Teun Koopmeiners,Juventus,1.5,3,2,0,2,1,1,2,50.0,1,0,0,0,0,3,2,0
1027,Christian Kouame,Fiorentina,2.0,6,3,2,2,2,0,2,0.0,2,0,0,0,1,7,2,0
1028,Henri Koudossou,Augsburg,0.1,0,0,0,0,0,0,0,0.0,0,1,1,0,0,0,2,0
1029,Konstantinos Koulierakis,Wolfsburg,0.0,0,0,0,0,0,0,0,0.0,0,0,0,0,0,0,0,0
1030,Jules Kounde,Barcelona,5.0,10,5,5,4,1,8,10,80.0,2,6,1,5,2,12,11,0
1031,Boubakar Kouyate,Montpellier,1.0,4,1,3,1,0,3,5,60.0,2,0,0,0,3,7,4,0
1032,Mateo Kovacic,Manchester City,3.0,9,7,5,3,1,5,9,55.6,4,3,0,3,2,11,3,0
1033,Matej Kovar,Leverkusen,1.0,0,0,0,0,0,0,0,0.0,0,0,0,0,0,0,0,0
1034,Mateusz Kowalski,Parma,0.6,0,0,0,0,0,0,0,0.0,0,1,0,1,0,0,1,0
1035,Emil Krafth,Newcastle Utd,2.7,2,1,0,1,1,1,2,50.0,1,5,4,1,2,4,10,0
1036,Alex Kral,Espanyol,4.4,13,11,8,5,0,6,8,75.0,2,7,5,2,4,17,10,0
1037,Andrej Kramaric,Hoffenheim,2.9,0,0,0,0,0,0,1,0.0,1,3,1,2,0,0,1,0
1038,Frans Kratzig,Stuttgart,0.6,2,1,1,0,1,1,3,33.3,2,2,1,1,0,2,1,0
1040,Ladislav Krejci,Girona,0.1,0,0,0,0,0,0,0,0.0,0,0,0,0,0,0,0,0
1041,Rasmus Kristensen,Eint Frankfurt,3.0,6,4,4,1,1,5,9,55.6,4,4,2,2,2,8,12,0
1042,Thomas Kristensen,Udinese,1.1,2,1,1,1,0,1,1,100.0,0,0,0,0,0,2,3,0
1043,Nikola Krstovic,Lecce,3.7,5,1,1,1,3,1,2,50.0,1,1,0,1,0,5,2,0
1044,Lukas Kubler,Freiburg,2.8,7,4,5,1,1,5,6,83.3,1,6,2,4,11,18,5,1
1045,Takefusa Kubo,Real Sociedad,4.2,4,2,2,0,2,2,4,50.0,2,9,0,9,1,5,3,0
1046,Mohammed Kudus,West Ham,4.0,6,4,1,3,2,3,7,42.9,4,5,1,4,1,7,0,0
1047,Dejan Kulusevski,Tottenham,2.9,4,1,1,0,3,0,4,0.0,4,5,0,5,3,7,5,0
1048,Marash Kumbulla,Espanyol,3.7,7,4,6,1,0,2,2,100.0,0,7,5,2,4,11,30,0
1049,Daler Kuzyaev,Le Havre,2.1,4,3,3,1,0,0,1,0.0,1,3,2,1,2,6,2,0
1050,Khvicha Kvaratskhelia,Napoli,3.3,8,7,3,4,1,3,5,60.0,2,4,0,4,1,9,3,0
1051,Moritz-Broni Kwarteng,Bochum,0.3,0,0,0,0,0,0,0,0.0,0,0,0,0,0,0,0,0
1052,Giorgos Kyriakopoulos,Monza,4.0,12,9,7,5,0,7,11,63.6,4,3,2,1,5,17,14,0
1053,Remy Labeau Lascary,Lens,1.8,1,0,0,1,0,0,3,0.0,3,0,0,0,0,1,0,0
1054,Gaetan Laborde,Nice,0.9,0,0,0,0,0,0,2,0.0,2,0,0,0,1,1,1,0
1055,Nediljko Labrovic,Augsburg,3.0,0,0,0,0,0,0,0,0.0,0,0,0,0,0,0,2,0
1056,Alexandre Lacazette,Lyon,3.0,2,1,1,1,0,2,4,50.0,2,1,0,1,0,2,1,0
1057,Maxence Lacroix,Crystal Palace,1.0,3,2,1,1,1,1,2,50.0,1,1,0,1,1,4,0,0
1058,Alban Lafont,Nantes,4.0,0,0,0,0,0,0,0,0.0,0,0,0,0,0,0,5,1
1059,Konrad Laimer,Bayern Munich,0.5,1,1,0,1,0,1,2,50.0,1,0,0,0,1,2,0,0
1060,Stefan Lainer,Gladbach,0.1,0,0,0,0,0,0,0,0.0,0,0,0,0,0,0,0,0
1061,Kenny Lala,Brest,4.0,15,12,8,7,0,12,15,80.0,3,6,5,1,5,20,10,0
1062,Adam Lallana,Southampton,0.4,2,2,1,1,0,1,2,50.0,1,0,0,0,0,2,1,0
1063,Mohamed Lamine Bayo,Lille,1.9,0,0,0,0,0,0,0,0.0,0,0,0,0,0,0,0,0
1064,Gianluca Lapadula,Cagliari,0.8,0,0,0,0,0,0,0,0.0,0,0,0,0,0,0,1,0
1066,Cyle Larin,Mallorca,1.9,2,2,1,1,0,0,2,0.0,2,1,0,1,1,3,1,0
1067,Gautier Larsonneur,Saint-Étienne,4.0,0,0,0,0,0,0,0,0.0,0,0,0,0,0,0,2,0
1068,Hugo Larsson,Eint Frankfurt,2.9,3,1,1,2,0,2,4,50.0,2,4,1,3,4,7,4,0
1069,Juanmi Latasa,Valladolid,1.7,0,0,0,0,0,0,1,0.0,1,1,0,1,0,0,2,0
1070,Toni Lato,Mallorca,1.5,4,3,1,0,3,1,3,33.3,2,2,0,2,2,6,6,0
1071,Romeo Lavia,Chelsea,0.7,3,1,0,2,1,0,1,0.0,1,0,0,0,3,6,1,0
1072,Valentino Lazaro,Torino,4.0,4,1,4,0,0,3,5,60.0,2,4,1,3,0,4,8,1
1073,Darko Lazovic,Hellas Verona,3.4,6,3,1,5,0,3,7,42.9,4,4,0,4,0,6,5,0
1074,Manuel Lazzari,Lazio,3.5,4,3,2,2,0,3,6,50.0,3,1,1,0,1,5,5,0
1075,Julien Le Cardinal,Brest,3.8,5,2,3,2,0,3,5,60.0,2,6,5,1,7,12,20,0
1076,Jeremy Le Douaron,Brest,1.1,1,0,0,0,1,0,1,0.0,1,1,0,1,0,1,0,0
1077,Enzo Le Fee,Roma,1.0,2,2,0,2,0,0,2,0.0,2,3,1,2,1,3,0,0
1078,Robin Le Normand,Atlético Madrid,5.0,8,6,8,0,0,2,4,50.0,2,3,2,1,1,9,18,0
1079,Rafael Leao,Milan,2.9,0,0,0,0,0,0,0,0.0,0,1,0,1,1,1,0,0
1080,Benjamin Lecomte,Montpellier,4.0,0,0,0,0,0,0,0,0.0,0,0,0,0,0,0,3,0
1081,Jordan Lefort,Angers,4.0,11,8,9,2,0,7,10,70.0,3,5,0,5,3,14,14,1
1082,Diogo Leite,Union Berlin,3.0,13,6,8,4,1,6,9,66.7,3,5,3,2,4,17,8,0
1083,Maxim Leitsch,Mainz 05,1.8,3,0,1,1,1,1,1,100.0,0,4,1,3,3,6,10,0
1084,Florian Lejeune,Rayo Vallecano,5.0,9,7,6,2,1,5,7,71.4,2,5,5,0,2,11,17,0
1085,Inigo Lekue,Athletic Club,2.2,3,2,3,0,0,3,5,60.0,2,2,1,1,2,5,4,2
1086,Nunzio Lella,Venezia,0.1,0,0,0,0,0,0,0,0.0,0,0,0,0,0,0,0,0
1087,Felix Lemarechal,Strasbourg,0.8,0,0,0,0,0,0,0,0.0,0,1,0,1,0,0,1,0
1088,Mario Lemina,Wolves,4.0,13,6,8,5,0,6,7,85.7,1,4,3,1,10,23,5,0
1089,Bernd Leno,Fulham,4.0,0,0,0,0,0,0,0,0.0,0,1,0,1,0,0,0,1
1090,Donovan Leon,Auxerre,4.0,0,0,0,0,0,0,0,0.0,0,0,0,0,0,0,2,1
1092,Esteban Lepaul,Angers,0.1,0,0,0,0,0,0,1,0.0,1,0,0,0,0,0,1,0
1093,Johann Lepenant,Nantes,3.0,8,3,3,3,2,2,6,33.3,4,3,1,2,5,13,2,0
1094,Jefferson Lerma,Crystal Palace,0.9,1,0,0,0,1,0,0,0.0,0,1,1,0,3,4,0,0
1095,Louis Leroux,Nantes,0.1,0,0,0,0,0,0,0,0.0,0,0,0,0,0,0,0,0
1096,Robert Lewandowski,Barcelona,4.6,1,0,0,0,1,1,2,50.0,1,1,0,1,1,2,3,0
1097,Jamie Leweling,Stuttgart,2.7,0,0,0,0,0,0,0,0.0,0,3,0,3,2,2,5,0
1098,Rico Lewis,Manchester City,3.5,9,4,4,4,1,3,3,100.0,0,5,2,3,3,12,11,0
1099,Keane Lewis-Potter,Brentford,2.1,2,2,1,1,0,1,2,50.0,1,1,0,1,1,3,3,0
1100,Philipp Lienhart,Freiburg,2.5,2,2,1,1,0,1,3,33.3,2,2,2,0,4,6,7,1
1101,Matthijs de Ligt,Manchester Utd,2.0,3,2,3,0,0,2,4,50.0,2,2,2,0,3,6,9,0
1102,Jesper Lindstrom,Everton,0.5,2,1,0,2,0,0,1,0.0,1,0,0,0,0,2,0,0
1103,Karol Linetty,Torino,3.7,10,7,4,6,0,4,9,44.4,5,4,1,3,3,13,7,0
1104,Samuel Lino,Atlético Madrid,3.7,9,3,6,2,1,6,17,35.3,11,7,1,6,4,13,1,0
1105,Pol Lirola,Marseille,1.0,2,1,1,1,0,1,1,100.0,0,0,0,0,0,2,0,0
1106,Dailon Livramento,Hellas Verona,1.4,2,1,0,1,1,0,3,0.0,3,2,0,2,2,4,0,0
1107,Valentino Livramento,Newcastle Utd,3.3,9,5,5,4,0,6,7,85.7,1,11,3,8,2,11,14,0
1108,Diego Llorente,Betis,4.0,3,2,3,0,0,1,3,33.3,2,8,8,0,6,9,16,0
1109,Marcos Llorente,Atlético Madrid,4.5,10,8,7,2,1,7,11,63.6,4,3,0,3,3,13,11,1
1110,Gautier Lloris,Le Havre,4.0,7,4,3,4,0,4,8,50.0,4,0,0,0,0,7,17,0
1111,Giovani Lo Celso,Betis,0.3,2,0,0,1,1,2,2,100.0,0,0,0,0,0,2,0,0
1112,Stanislav Lobotka,Napoli,3.8,6,5,1,3,2,4,5,80.0,1,4,1,3,3,9,5,0
1113,Manuel Locatelli,Juventus,3.3,6,5,3,3,0,2,2,100.0,0,6,0,6,1,7,9,0
1114,Ruben Loftus-Cheek,Milan,4.0,5,2,0,2,3,0,2,0.0,2,1,0,1,1,6,3,0
1115,Enzo Loiodice,Las Palmas,1.4,2,2,1,1,0,1,1,100.0,0,3,0,3,1,3,0,0
1116,Sean Longstaff,Newcastle Utd,3.0,10,8,2,6,2,8,12,66.7,4,7,1,6,3,13,2,0
1118,Ademola Lookman,Atalanta,1.0,4,2,3,1,0,2,2,100.0,0,3,0,3,0,4,0,0
1119,David Lopez,Girona,5.0,3,0,1,0,2,1,3,33.3,2,10,4,6,4,7,16,1
1120,Diego Lopez,Valencia,4.5,2,1,0,1,1,1,7,14.3,6,2,0,2,2,4,1,0
1121,Fermin Lopez,Barcelona,0.7,2,2,1,0,1,1,3,33.3,2,1,0,1,1,3,0,0
1122,Javi Lopez,Real Sociedad,4.2,8,4,5,2,1,4,7,57.1,3,4,1,3,1,9,15,1
1123,Roberto Lopez,Leganés,0.3,0,0,0,0,0,0,0,0.0,0,0,0,0,0,0,1,0
1124,Unai Lopez,Rayo Vallecano,2.4,2,1,0,1,1,2,6,33.3,4,5,1,4,4,6,3,0
1125,Iker Losada,Betis,0.1,0,0,0,0,0,0,0,0.0,0,0,0,0,0,0,0,0
1126,Anthony Losilla,Bochum,1.3,0,0,0,0,0,0,1,0.0,1,4,0,4,2,2,3,0
1127,Jordan Lotomba,Nice,0.4,0,0,0,0,0,0,0,0.0,0,0,0,0,0,0,1,0
1128,Tom Louchet,Nice,0.1,0,0,0,0,0,0,0,0.0,0,0,0,0,0,0,0,0
1129,Sandi Lovric,Udinese,2.5,6,5,4,1,1,4,7,57.1,3,4,0,4,3,9,1,0
1130,Pol Lozano,Espanyol,0.9,1,1,0,1,0,0,0,0.0,0,1,1,0,0,1,0,0
1131,Lorenzo Lucca,Udinese,3.4,5,4,1,1,3,1,1,100.0,0,2,0,2,0,5,2,0
1132,Jhon Lucumi,Bologna,1.8,4,2,3,1,0,2,5,40.0,3,5,3,2,1,5,4,0
1133,Jose Luis Palomino,Cagliari,0.8,1,1,0,0,1,0,1,0.0,1,1,1,0,0,1,2,0
1134,Douglas Luiz,Juventus,1.4,4,2,2,2,0,3,4,75.0,1,1,0,1,1,5,0,0
1135,Romelu Lukaku,Napoli,1.1,0,0,0,0,0,0,1,0.0,1,0,0,0,0,0,2,0
1136,Castello Lukeba,RB Leipzig,3.0,7,2,2,4,1,2,4,50.0,2,6,3,3,2,9,8,0
1137,Dodi Lukebakio,Sevilla,3.3,2,2,2,0,0,1,4,25.0,3,4,0,4,1,3,3,0
1138,Sasa Lukic,Fulham,3.7,9,6,4,4,1,1,8,12.5,7,3,2,1,5,14,3,0
1139,Massimo Luongo,Ipswich Town,1.6,5,3,5,0,0,4,6,66.7,2,3,2,1,1,6,2,0
1140,Sebastiano Luperto,Cagliari,4.0,6,4,5,0,1,3,4,75.0,1,6,5,1,3,9,15,0
1141,Zito Luvumbo,Cagliari,3.5,0,0,0,0,0,0,1,0.0,1,1,0,1,0,0,1,0
1142,Charalambos Lykogiannis,Bologna,1.6,3,1,2,1,0,2,3,66.7,1,1,1,0,1,4,3,0
1144,Senne Lynen,Werder Bremen,3.0,5,2,4,1,0,2,2,100.0,0,2,0,2,3,8,6,0
1145,Othmane Maamma,Montpellier,0.1,0,0,0,0,0,0,0,0.0,0,0,0,0,0,0,0,0
1146,Ian Maatsen,Aston Villa,0.7,5,3,1,4,0,1,2,50.0,1,1,0,1,0,5,0,1
1147,Alexis Mac Allister,Liverpool,3.7,9,7,3,6,0,6,11,54.5,5,8,0,8,2,11,4,0
1148,Deiver Machado,Lens,1.4,2,1,2,0,0,2,2,100.0,0,2,0,2,1,3,2,0
1149,Shuto Machino,Holstein Kiel,2.7,2,2,1,0,1,2,3,66.7,1,0,0,0,1,3,1,0
1150,Darwin Machis,Valladolid,0.6,0,0,0,0,0,0,0,0.0,0,0,0,0,1,1,0,0
1151,Yvann Macon,Saint-Étienne,1.6,2,1,0,2,0,1,1,100.0,0,1,1,0,0,2,4,1
1152,James Maddison,Tottenham,3.5,5,3,0,4,1,2,5,40.0,3,2,2,0,3,8,5,0
1153,Eros Maddy,Auxerre,0.1,0,0,0,0,0,0,0,0.0,0,0,0,0,0,0,0,0
1154,Noni Madueke,Chelsea,2.6,3,2,1,2,0,2,4,50.0,2,1,0,1,1,4,2,0
1155,Pablo Maffeo,Mallorca,3.4,10,4,6,4,0,6,9,66.7,3,6,1,5,3,13,12,0
1156,Gabriel Magalhaes,Arsenal,4.0,4,1,3,1,0,2,4,50.0,2,12,8,4,4,8,18,1
1157,Soungoutou Magassa,Monaco,1.3,11,7,3,7,1,6,7,85.7,1,0,0,0,3,14,0,0
1158,Giangiacomo Magnani,Hellas Verona,1.0,0,0,0,0,0,0,0,0.0,0,0,0,0,1,1,5,0
1159,Hugo Magnetti,Brest,3.0,4,1,2,2,0,4,6,66.7,2,2,0,2,3,7,2,0
1160,Frank Magri,Toulouse,1.9,1,0,0,0,1,1,3,33.3,2,3,0,3,1,2,1,0
1161,Harry Maguire,Manchester Utd,2.2,2,1,2,0,0,2,2,100.0,0,2,2,0,5,7,9,0
1162,Arne Maier,Augsburg,1.5,1,0,0,1,0,1,1,100.0,0,1,0,1,0,1,0,0
1163,Mike Maignan,Milan,4.0,0,0,0,0,0,0,0,0.0,0,0,0,0,0,0,2,0
1164,Patrick Mainka,Heidenheim,3.0,3,1,3,0,0,2,3,66.7,1,5,2,3,5,8,14,0
1165,Kobbie Mainoo,Manchester Utd,3.9,12,9,8,3,1,9,13,69.2,4,1,0,1,13,25,0,1
1166,Ainsley Maitland-Niles,Lyon,3.1,12,6,2,6,4,6,9,66.7,3,4,1,3,9,21,5,0
1167,Lovro Majer,Wolfsburg,1.3,0,0,0,0,0,0,1,0.0,1,1,0,1,0,0,1,0
1168,Jordy Makengo,Freiburg,0.1,0,0,0,0,0,0,0,0.0,0,0,0,0,0,0,0,0
1170,Antoine Makoumbou,Cagliari,0.2,2,2,2,0,0,1,1,100.0,0,0,0,0,0,2,0,0
1171,Julian Malatini,Werder Bremen,0.3,0,0,0,0,0,0,0,0.0,0,0,0,0,1,1,2,0
1172,Daniel Maldini,Monza,2.9,7,3,1,6,0,3,3,100.0,0,3,2,1,0,7,2,1
1173,Youssef Maleh,Empoli,3.0,4,3,2,2,0,1,3,33.3,2,5,2,3,3,7,3,0
1174,Donyell Malen,Dortmund,1.5,0,0,0,0,0,0,0,0.0,0,1,0,1,1,1,1,0
1175,Ruslan Malinovskyi,Genoa,1.9,6,4,2,4,0,2,3,66.7,1,0,0,0,1,7,1,0
1176,Lennard Maloney,Heidenheim,2.4,4,1,2,2,0,3,4,75.0,1,2,0,2,3,7,11,0
1177,Giorgi Mamardashvili,Valencia,5.0,0,0,0,0,0,0,0,0.0,0,0,0,0,0,0,1,0
1178,Dennis Man,Parma,3.3,2,2,1,0,1,2,3,66.7,1,1,1,0,1,3,1,0
1179,Hianga Mananga Mbock,Brest,0.2,0,0,0,0,0,0,0,0.0,0,0,0,0,1,1,0,0
1180,Gianluca Mancini,Roma,4.0,4,2,2,2,0,3,4,75.0,1,3,2,1,3,7,3,0
1181,Steve Mandanda,Rennes,4.0,0,0,0,0,0,0,0,0.0,0,0,0,0,0,0,0,0
1182,Reinildo Mandava,Atlético Madrid,2.2,7,4,4,3,0,2,4,50.0,2,2,1,1,4,11,9,0
1183,Aissa Mandi,Lille,2.5,5,3,1,4,0,2,2,100.0,0,0,0,0,2,7,4,0
1184,Rolando Mandragora,Fiorentina,2.3,0,0,0,0,0,0,1,0.0,1,2,0,2,3,3,1,1
1185,Orel Mangala,Everton,0.3,1,0,0,1,0,0,0,0.0,0,0,0,0,0,1,0,0
1186,Orel Mangala,Lyon,0.7,1,0,0,0,1,0,1,0.0,1,2,0,2,0,1,1,0
1187,Javier Manquillo,Celta Vigo,1.3,1,0,0,1,0,0,0,0.0,0,1,1,0,1,2,5,0
1188,Alberto Manzoni,Atalanta,0.1,0,0,0,0,0,0,0,0.0,0,0,0,0,0,0,0,0
1189,Sekou Mara,Strasbourg,0.7,1,1,0,0,1,0,1,0.0,1,1,0,1,1,2,0,0
1190,Marcao,Sevilla,2.3,6,4,3,3,0,1,1,100.0,0,3,2,1,2,8,10,1
1191,Filip Marchwinski,Lecce,0.2,0,0,0,0,0,0,0,0.0,0,0,0,0,0,0,0,0
1192,Oscar de Marcos,Athletic Club,1.8,5,2,1,4,0,4,6,66.7,2,1,0,1,4,9,3,0
1193,Alberto Mari,Valencia,0.1,0,0,0,0,0,0,0,0.0,0,0,0,0,0,0,0,0
1194,Pablo Mari,Monza,4.0,3,3,1,2,0,1,3,33.3,2,5,5,0,10,13,31,0
1196,Jose Maria Gimenez,Atlético Madrid,3.5,2,1,2,0,0,2,4,50.0,2,4,3,1,4,6,20,0
1197,Pablo Marin,Real Sociedad,0.5,1,1,0,1,0,1,1,100.0,0,0,0,0,0,1,0,0
1198,Razvan Marin,Cagliari,3.8,5,3,1,3,1,3,7,42.9,4,0,0,0,0,5,4,1
1199,Mika Marmol,Las Palmas,5.0,12,4,8,3,1,4,6,66.7,2,7,2,5,7,19,11,0
1200,Omar Marmoush,Eint Frankfurt,2.6,4,2,0,2,2,0,0,0.0,0,2,0,2,0,4,1,0
1201,Marquinhos,Paris S-G,2.2,3,1,1,2,0,1,1,100.0,0,2,0,2,0,3,4,0
1202,Aaron Martin,Genoa,4.0,11,7,6,5,0,5,7,71.4,2,1,0,1,2,13,9,1
1203,Carlos Martin,Alavés,0.6,1,0,0,1,0,0,3,0.0,3,1,1,0,0,1,2,0
1204,Gerard Martin,Barcelona,1.0,0,0,0,0,0,0,0,0.0,0,3,0,3,0,0,0,0
1205,Ivan Martin,Girona,4.3,5,2,3,2,0,2,6,33.3,4,4,0,4,2,7,1,0
1206,Jon Martin,Real Sociedad,1.0,0,0,0,0,0,0,0,0.0,0,1,1,0,1,1,6,0
1207,Jonas Martin,Brest,1.9,3,1,3,0,0,1,2,50.0,1,2,0,2,4,7,0,0
1208,Mario Martin,Valladolid,1.4,4,2,1,2,1,2,4,50.0,2,1,1,0,0,4,1,0
1209,Gabriel Martinelli,Arsenal,2.8,5,4,0,1,4,3,5,60.0,2,2,0,2,0,5,3,0
1210,Arnau Martinez,Girona,2.1,6,5,3,1,2,4,6,66.7,2,0,0,0,0,6,7,1
1211,Emiliano Martinez,Aston Villa,4.0,0,0,0,0,0,0,0,0.0,0,0,0,0,0,0,4,2
1212,Inigo Martinez,Barcelona,5.0,5,3,3,2,0,2,2,100.0,0,2,2,0,2,7,18,0
1213,Javi Martinez,Osasuna,0.1,0,0,0,0,0,0,0,0.0,0,0,0,0,0,0,0,0
1214,Lautaro Martinez,Inter,2.5,1,1,1,0,0,0,1,0.0,1,1,0,1,0,1,0,0
1215,Lisandro Martinez,Manchester Utd,3.8,9,6,8,0,1,5,10,50.0,5,2,0,2,9,18,10,1
1216,Lucas Martinez Quarta,Fiorentina,1.9,8,3,6,2,0,5,9,55.6,4,2,1,1,1,9,12,0
1217,Toni Martinez,Alavés,0.8,2,1,0,1,1,0,0,0.0,0,1,0,1,0,2,1,0
1218,Javi Marton,Athletic Club,0.2,0,0,0,0,0,0,0,0.0,0,0,0,0,0,0,0,0
1219,Adam Marusic,Lazio,2.4,1,0,0,1,0,1,2,50.0,1,1,0,1,3,4,4,0
1220,Marvin,Las Palmas,4.1,9,5,5,2,2,4,14,28.6,10,3,1,2,4,13,11,0
1222,Omar Mascarell,Mallorca,2.9,8,3,5,3,0,4,8,50.0,4,5,3,2,7,15,15,1
1223,Adam Masina,Torino,4.0,6,4,6,0,0,4,9,44.4,5,3,2,1,3,9,17,0
1224,Erhan Masovic,Bochum,3.0,3,3,2,1,0,2,4,50.0,2,6,5,1,3,6,14,0
1225,Clinton Mata,Lyon,4.0,7,4,4,2,1,4,4,100.0,0,4,2,2,10,17,6,2
1226,Jaime Mata,Las Palmas,1.8,1,0,1,0,0,1,3,33.3,2,2,0,2,1,2,0,0
1227,Igor Matanovic,Eint Frankfurt,0.7,0,0,0,0,0,0,0,0.0,0,0,0,0,0,0,3,0
1228,Pape Matar Sarr,Tottenham,1.9,10,6,3,6,1,0,1,0.0,1,5,0,5,1,11,0,0
1229,Jean-Philippe Mateta,Crystal Palace,3.3,1,0,0,1,0,0,0,0.0,0,2,0,2,0,1,1,0
1230,Nemanja Matic,Lyon,3.1,6,6,2,4,0,2,7,28.6,5,3,1,2,2,8,4,0
1231,Azor Matusiwa,Rennes,4.0,13,7,5,8,0,7,9,77.8,2,5,1,4,3,16,8,0
1232,Neal Maupay,Marseille,1.0,0,0,0,0,0,0,0,0.0,0,0,0,0,0,0,0,0
1233,Stephy Mavididi,Leicester City,1.4,5,3,2,2,1,1,3,33.3,2,5,0,5,0,5,0,0
1234,Konstantinos Mavropanos,West Ham,4.0,6,5,6,0,0,4,6,66.7,2,8,7,1,5,11,25,0
1235,Christian Mawissa,Monaco,0.9,4,1,1,3,0,4,4,100.0,0,4,1,3,4,8,0,0
1236,Keke Maximilian Topp,Werder Bremen,0.6,1,0,0,0,1,0,0,0.0,0,0,0,0,0,1,0,0
1237,Senny Mayulu,Paris S-G,0.2,1,1,1,0,0,0,0,0.0,0,2,1,1,0,1,0,0
1238,Noussair Mazraoui,Manchester Utd,3.7,12,5,7,4,1,7,7,100.0,0,3,0,3,4,16,5,0
1239,Luca Mazzitelli,Como,1.5,5,2,3,2,0,2,4,50.0,2,3,2,1,2,7,5,0
1240,Pasquale Mazzocchi,Napoli,3.7,3,2,2,1,0,1,4,25.0,3,1,1,0,3,6,10,0
1241,Samuel Mbangula,Juventus,2.5,6,5,4,1,1,4,6,66.7,2,4,0,4,0,6,1,0
1242,Ethan Mbappe,Lille,0.8,1,0,0,1,0,0,2,0.0,2,4,0,4,0,1,0,0
1243,Kylian Mbappe,Real Madrid,4.9,0,0,0,0,0,0,0,0.0,0,0,0,0,0,0,0,0
1244,Ibrahim Mbaye,Paris S-G,0.8,0,0,0,0,0,0,0,0.0,0,0,0,0,0,0,0,0
1245,Bryan Mbeumo,Brentford,4.0,2,2,2,0,0,1,2,50.0,1,2,1,1,1,3,2,0
1246,James Mcatee,Manchester City,0.0,0,0,0,0,0,0,0,0.0,0,1,0,1,0,0,0,0
1248,Kasey McAteer,Leicester City,0.1,2,1,2,0,0,1,2,50.0,1,4,0,4,0,2,3,0
1249,Oliver McBurnie,Las Palmas,4.7,4,3,1,2,1,1,1,100.0,0,3,1,2,3,7,5,0
1250,Alex McCarthy,Southampton,2.0,0,0,0,0,0,0,0,0.0,0,0,0,0,0,0,0,1
1251,John McGinn,Aston Villa,3.4,4,3,1,3,0,2,2,100.0,0,2,0,2,1,5,1,0
1252,Scott McKenna,Las Palmas,4.1,4,3,3,1,0,3,4,75.0,1,6,5,1,0,4,18,0
1253,Weston McKennie,Juventus,0.3,1,1,1,0,0,1,2,50.0,1,0,0,0,0,1,0,0
1254,Mark McKenzie,Toulouse,2.7,6,4,2,4,0,4,6,66.7,2,7,4,3,2,8,13,0
1255,Dwight McNeil,Everton,4.0,4,3,2,2,0,3,6,50.0,3,2,0,2,3,7,1,0
1256,Scott McTominay,Manchester Utd,0.2,0,0,0,0,0,0,1,0.0,1,0,0,0,0,0,1,0
1257,Scott McTominay,Napoli,0.2,1,1,0,1,0,1,1,100.0,0,0,0,0,1,2,0,0
1258,Jakov Medic,Bochum,2.8,4,3,2,2,0,2,2,100.0,0,10,8,2,2,6,15,1
1259,Facundo Medina,Lens,4.0,6,3,4,2,0,3,4,75.0,1,4,0,4,6,12,16,0
1260,Ben Mee,Brentford,0.0,0,0,0,0,0,0,0,0.0,0,0,0,0,0,0,0,0
1261,Henrik Meister,Rennes,0.5,1,0,0,1,0,0,0,0.0,0,4,0,4,0,1,0,0
1262,Bamo Meite,Marseille,0.3,0,0,0,0,0,0,0,0.0,0,0,0,0,0,0,1,0
1263,Farid El Melali,Angers,2.3,4,0,0,1,3,2,6,33.3,4,2,0,2,2,6,0,0
1264,Nuno Mendes,Paris S-G,1.7,1,1,1,0,0,1,2,50.0,1,2,1,1,0,1,2,0
1265,Brais Mendez,Real Sociedad,2.9,4,2,1,1,2,2,7,28.6,5,2,0,2,2,6,1,0
1266,Antoine Mendy,Nice,2.3,6,5,3,3,0,3,5,60.0,2,3,1,2,1,7,5,0
1267,Ferland Mendy,Real Madrid,3.2,10,8,3,4,3,5,5,100.0,0,4,0,4,3,13,5,0
1268,Nampalys Mendy,Lens,0.8,3,1,2,1,0,1,3,33.3,2,0,0,0,0,3,0,0
1269,Alex Meret,Napoli,4.0,0,0,0,0,0,0,0,0.0,0,0,0,0,0,0,0,0
1270,Quentin Merlin,Marseille,3.0,2,1,1,0,1,1,3,33.3,2,1,1,0,2,4,3,0
1271,Victor Meseguer,Valladolid,1.7,6,4,4,2,0,1,5,20.0,4,2,0,2,0,6,1,0
1272,Junior Messias,Genoa,2.9,4,1,3,1,0,1,1,100.0,0,1,1,0,3,7,5,0
1274,Connor Metcalfe,St. Pauli,1.9,1,0,0,1,0,0,1,0.0,1,2,0,2,2,3,3,0
1275,Karol Mets,St. Pauli,3.0,4,2,3,1,0,1,1,100.0,0,2,0,2,3,7,19,0
1276,Thomas Meunier,Lille,2.3,7,5,3,3,1,4,5,80.0,1,4,2,2,2,9,7,0
1277,Florian Micheler,Hoffenheim,0.4,0,0,0,0,0,0,2,0.0,2,0,0,0,0,0,0,0
1278,Miguel,Leganés,3.1,0,0,0,0,0,0,2,0.0,2,4,0,4,1,1,0,0
1279,Valentin Mihaila,Parma,3.2,6,2,2,3,1,1,5,20.0,4,3,0,3,0,6,1,0
1280,Georges Mikautadze,Lyon,2.8,2,1,1,1,0,1,1,100.0,0,2,0,2,1,3,0,0
1281,Nikola Milenkovic,Nott'ham Forest,3.0,2,2,1,1,0,1,1,100.0,0,3,2,1,3,5,10,0
1282,Vanja Milinkovic-Savic,Torino,4.0,0,0,0,0,0,0,2,0.0,2,0,0,0,0,0,1,0
1283,Eder Militao,Real Madrid,5.0,8,8,5,3,0,5,10,50.0,5,5,4,1,6,14,15,0
1284,Luis Milla,Getafe,4.0,8,7,3,4,1,5,10,50.0,5,8,0,8,3,11,1,0
1285,Pere Milla,Espanyol,0.7,0,0,0,0,0,0,3,0.0,3,1,0,1,0,0,0,0
1286,Enzo Millot,Stuttgart,2.3,3,3,0,2,1,1,4,25.0,3,2,0,2,3,6,0,0
1287,James Milner,Brighton,1.9,5,2,1,3,1,3,3,100.0,0,4,2,2,2,7,2,1
1288,Kim Min-jae,Bayern Munich,2.9,2,1,0,2,0,0,1,0.0,1,3,2,1,3,5,8,1
1289,Yerry Mina,Cagliari,2.7,9,3,2,6,1,8,10,80.0,2,9,3,6,4,13,15,1
1290,Takumi Minamino,Monaco,3.2,1,1,1,0,0,1,3,33.3,2,4,0,4,2,3,1,0
1291,Oscar Mingueza,Celta Vigo,4.5,8,5,4,4,0,6,10,60.0,4,5,2,3,1,9,7,1
1292,Yankuba Minteh,Brighton,3.0,4,2,1,1,2,2,6,33.3,4,7,0,7,2,6,2,0
1293,Bojan Miovski,Girona,1.1,1,1,0,0,1,0,3,0.0,3,1,0,1,0,1,1,0
1294,Rafa Mir,Valencia,2.7,6,3,4,2,0,1,3,33.3,2,1,0,1,0,6,5,0
1295,Juan Miranda,Bologna,2.4,8,5,2,4,2,4,6,66.7,2,2,0,2,2,10,1,0
1296,Tyrick Mitchell,Crystal Palace,4.0,8,5,4,3,1,1,3,33.3,2,5,1,4,3,11,11,1
1297,Kaoru Mitoma,Brighton,3.9,5,2,2,2,1,3,8,37.5,5,6,0,6,0,5,1,0
1298,Maximilian Mittelstadt,Stuttgart,2.4,8,5,5,3,0,5,6,83.3,1,8,3,5,1,9,8,0
1300,Koji Miyoshi,Bochum,0.7,1,1,0,1,0,0,0,0.0,0,1,0,1,0,1,0,0
1301,Henrikh Mkhitaryan,Inter,3.3,3,1,1,2,0,0,3,0.0,3,3,0,3,0,3,5,0
1302,Luka Modric,Real Madrid,2.3,3,0,3,0,0,2,4,50.0,2,1,0,1,2,5,1,0
1303,Max Moerstedt,Hoffenheim,0.1,0,0,0,0,0,0,0,0.0,0,0,0,0,0,0,1,0
1304,Mostafa Mohamed,Nantes,0.5,0,0,0,0,0,0,1,0.0,1,1,0,1,0,0,2,0
1305,Johan Mojica,Mallorca,4.4,7,4,5,1,1,5,8,62.5,3,2,1,1,6,13,14,0
1306,Alberto Moleiro,Las Palmas,3.8,6,3,3,3,0,5,8,62.5,3,2,0,2,2,8,1,0
1307,Nahuel Molina,Atlético Madrid,0.9,2,2,1,1,0,1,1,100.0,0,3,0,3,0,2,3,0
1308,Jon Moncayola,Osasuna,3.9,18,8,2,13,3,4,9,44.4,5,9,1,8,1,19,6,0
1309,Gonzalo Montiel,Sevilla,0.0,0,0,0,0,0,0,0,0.0,0,0,0,0,0,0,0,0
1310,Lorenzo Montipo,Hellas Verona,4.0,0,0,0,0,0,0,0,0.0,0,0,0,0,0,0,2,1
1311,Alvaro Morata,Milan,0.6,0,0,0,0,0,0,0,0.0,0,2,0,2,0,0,0,0
1312,Morato,Nott'ham Forest,0.1,0,0,0,0,0,0,0,0.0,0,0,0,0,0,0,3,0
1313,Diego Moreira,Strasbourg,2.4,7,5,0,3,4,3,4,75.0,1,2,0,2,2,9,7,0
1314,Alberto Moreno,Como,4.0,4,2,2,2,0,2,5,40.0,3,5,1,4,2,6,9,1
1315,Alex Moreno,Nott'ham Forest,0.9,7,6,7,0,0,5,6,83.3,1,0,0,0,3,10,0,0
1316,Gerard Moreno,Villarreal,1.3,2,2,0,0,2,1,1,100.0,0,0,0,0,0,2,1,0
1317,Tete Morente,Lecce,2.0,2,2,0,2,0,0,5,0.0,5,3,0,3,3,5,3,0
1318,Ilaix Moriba,Celta Vigo,1.8,5,4,2,3,0,5,10,50.0,5,2,1,1,2,7,2,0
1319,Manu Morlanes,Mallorca,3.1,5,4,2,3,0,3,5,60.0,2,6,3,3,7,12,3,0
1320,Nikola Moro,Bologna,2.4,6,6,3,3,0,3,6,50.0,3,3,1,2,2,8,1,0
1321,Raul Moro,Valladolid,3.7,3,3,1,1,1,0,2,0.0,2,2,0,2,2,5,1,0
1322,Sam Morsy,Ipswich Town,3.9,12,5,7,4,1,6,10,60.0,4,8,3,5,0,12,11,0
1323,Cristhian Mosquera,Valencia,5.0,4,2,4,0,0,1,2,50.0,1,7,5,2,7,11,13,0
1324,Daniel Mosquera,Hellas Verona,1.4,0,0,0,0,0,0,1,0.0,1,1,0,1,0,0,2,0
1326,Yerson Mosquera,Wolves,4.0,10,6,9,1,0,8,13,61.5,5,11,8,3,7,17,9,0
1327,Dany Mota,Monza,1.5,2,0,1,0,1,0,0,0.0,0,1,0,1,0,2,1,0
1328,Aimen Moueffek,Saint-Étienne,1.2,3,1,0,3,0,0,2,0.0,2,3,1,2,1,4,5,0
1329,Youssoufa Moukoko,Nice,0.2,0,0,0,0,0,0,0,0.0,0,0,0,0,0,0,0,0
1330,Steve Mounie,Augsburg,0.5,1,1,0,0,1,0,0,0.0,0,0,0,0,0,1,0,0
1331,Mason Mount,Manchester Utd,1.2,3,1,0,3,0,2,3,66.7,1,1,0,1,0,3,0,0
1332,Santiago Mourino,Alavés,0.3,2,2,2,0,0,1,1,100.0,0,0,0,0,0,2,0,0
1333,Louis Mouton,Saint-Étienne,0.4,2,2,1,0,1,1,2,50.0,1,0,0,0,0,2,1,0
1334,Mykhailo Mudryk,Chelsea,0.7,0,0,0,0,0,0,0,0.0,0,1,1,0,0,0,0,0
1335,Ngal'Ayel Mukau,Lille,1.4,7,5,2,4,1,5,9,55.6,4,2,0,2,2,9,1,0
1336,Nordi Mukiele,Leverkusen,0.1,0,0,0,0,0,0,0,0.0,0,1,0,1,0,0,0,0
1337,Florian Muller,Freiburg,2.0,0,0,0,0,0,0,0,0.0,0,0,0,0,0,0,0,0
1338,Kevin Muller,Heidenheim,3.0,0,0,0,0,0,0,0,0.0,0,0,0,0,0,0,2,0
1339,Thomas Muller,Bayern Munich,1.1,0,0,0,0,0,0,1,0.0,1,2,0,2,0,0,1,0
1340,Abdul Mumin,Rayo Vallecano,5.0,5,4,5,0,0,1,3,33.3,2,12,7,5,7,12,29,0
1341,Marshall Munetsi,Reims,4.0,9,6,5,2,2,5,8,62.5,3,3,1,2,2,11,4,0
1342,Rodrigo Muniz,Fulham,2.8,0,0,0,0,0,0,0,0.0,0,1,1,0,1,1,4,0
1343,Aihen Munoz,Real Sociedad,1.4,1,1,1,0,0,1,2,50.0,1,0,0,0,1,2,7,0
1344,Alex Munoz,Las Palmas,2.1,8,6,2,5,1,4,7,57.1,3,4,1,3,4,12,8,0
1345,Daniel Munoz,Crystal Palace,3.9,15,11,10,4,1,6,11,54.5,5,5,1,4,4,19,6,0
1346,Iker Munoz,Osasuna,0.5,0,0,0,0,0,0,0,0.0,0,0,0,0,0,0,1,0
1347,Javier Munoz,Las Palmas,4.7,6,5,1,3,2,2,7,28.6,5,5,0,5,3,9,5,1
1348,Arijanet Muric,Ipswich Town,3.0,0,0,0,0,0,0,1,0.0,1,0,0,0,0,0,2,2
1349,Murillo,Nott'ham Forest,4.0,6,4,4,2,0,4,6,66.7,2,7,6,1,1,7,14,0
1350,Vedat Muriqi,Mallorca,5.2,0,0,0,0,0,0,0,0.0,0,0,0,0,3,3,12,0
1352,Jacob Murphy,Newcastle Utd,2.3,3,3,1,2,0,3,5,60.0,2,4,0,4,0,3,1,0
1353,Yunus Musah,Milan,1.4,5,4,2,2,1,1,1,100.0,0,1,0,1,1,6,1,0
1354,Jamal Musiala,Bayern Munich,2.3,3,2,1,2,0,0,1,0.0,1,1,0,1,2,5,2,0
1355,Florent Muslija,Freiburg,0.1,0,0,0,0,0,0,0,0.0,0,0,0,0,0,0,0,0
1356,Juan Musso,Atalanta,1.0,0,0,0,0,0,0,0,0.0,0,0,0,0,0,0,0,0
1357,Juan Musso,Atlético Madrid,1.0,0,0,0,0,0,0,0,0.0,0,0,0,0,0,0,0,0
1358,Kingstone Mutandwa,Cagliari,0.4,0,0,0,0,0,0,0,0.0,0,0,0,0,0,0,0,0
1359,Junior Mwanga,Strasbourg,1.4,8,3,7,1,0,4,6,66.7,2,0,0,0,0,8,0,0
1360,Phillipp Mwene,Mainz 05,2.9,5,2,0,4,1,0,1,0.0,1,4,1,3,2,7,6,0
1361,Vitaliy Mykolenko,Everton,3.3,3,2,3,0,0,2,5,40.0,3,3,1,2,4,7,15,0
1362,Obite N'Dicka,Roma,4.0,4,4,3,1,0,2,2,100.0,0,5,4,1,3,7,19,1
1363,Nathan N'Goumou,Gladbach,0.8,3,3,2,1,0,2,2,100.0,0,2,0,2,2,5,0,0
1364,Stanley N'Soki,Hoffenheim,0.0,0,0,0,0,0,0,0,0.0,0,1,0,1,0,0,2,0
1365,Mahamadou Nagida,Rennes,0.1,0,0,0,0,0,0,0,0.0,0,0,0,0,1,1,0,0
1366,Keito Nakamura,Reims,2.8,5,5,0,2,3,2,3,66.7,1,3,0,3,1,6,0,0
1367,Sebastian Nanasi,Strasbourg,1.8,1,1,0,1,0,1,2,50.0,1,3,1,2,0,1,3,0
1368,Matija Nastasic,Leganés,0.5,0,0,0,0,0,0,1,0.0,1,2,1,1,1,1,3,0
1369,Natan,Betis,2.1,1,0,1,0,0,1,1,100.0,0,2,1,1,3,4,7,0
1370,Roberto Navarro,Mallorca,1.4,2,2,1,1,0,0,2,0.0,2,2,0,2,4,6,2,0
1371,Jesus Navas,Sevilla,1.5,3,1,2,0,1,0,0,0.0,0,0,0,0,1,4,2,0
1372,Michel Ndary Adopo,Cagliari,1.1,3,1,1,2,0,0,1,0.0,1,0,0,0,1,4,1,0
1373,Youssouf Ndayishimiye,Nice,2.0,2,1,0,2,0,0,1,0.0,1,2,1,1,1,3,12,0
1374,Iliman Ndiaye,Everton,2.5,11,7,4,3,4,6,6,100.0,0,4,1,3,3,14,2,0
1375,Rassoul Ndiaye,Le Havre,2.5,10,7,6,4,0,1,7,14.3,6,4,0,4,2,12,0,0
1376,Wilfred Ndidi,Leicester City,3.8,10,3,4,5,1,3,7,42.9,4,10,3,7,2,12,5,0
1378,Tanguy Ndombele,Nice,3.7,14,9,2,11,1,6,8,75.0,2,6,0,6,3,17,2,0
1379,Dan Ndoye,Bologna,1.8,1,1,1,0,0,0,1,0.0,1,2,0,2,0,1,0,0
1380,Paul Nebel,Mainz 05,0.2,1,0,1,0,0,1,1,100.0,0,1,0,1,1,2,1,0
1381,Kosta Nedeljkovic,Aston Villa,1.1,7,5,1,3,3,2,3,66.7,1,1,0,1,0,7,3,0
1382,Loic Nego,Le Havre,3.2,8,6,5,2,1,6,7,85.7,1,1,0,1,4,12,4,0
1383,Reiss Nelson,Arsenal,0.0,1,0,0,1,0,0,1,0.0,1,0,0,0,0,1,1,0
1384,Reiss Nelson,Fulham,0.3,2,0,1,0,1,0,1,0.0,1,1,0,1,0,2,0,0
1385,David Neres,Napoli,0.4,1,1,0,1,0,0,0,0.0,0,0,0,0,0,1,0,0
1386,Neto,Bournemouth,2.0,0,0,0,0,0,0,0,0.0,0,0,0,0,0,0,1,1
1387,Pedro Neto,Chelsea,2.0,1,1,0,1,0,1,1,100.0,0,1,0,1,1,2,1,0
1388,Luca Netz,Gladbach,2.9,10,6,7,2,1,4,8,50.0,4,4,1,3,5,15,7,0
1389,Manuel Neuer,Bayern Munich,3.0,0,0,0,0,0,0,0,0.0,0,0,0,0,0,0,2,1
1390,Florian Neuhaus,Gladbach,0.2,1,0,1,0,0,0,2,0.0,2,0,0,0,1,2,0,0
1391,Joao Neves,Paris S-G,2.8,8,5,1,7,0,0,0,0.0,0,3,0,3,2,10,2,0
1392,Yvan Neyou,Leganés,4.2,6,5,2,4,0,5,8,62.5,3,4,0,4,6,12,7,0
1393,Cyril Ngonge,Napoli,0.1,1,1,0,1,0,0,0,0.0,0,0,0,0,0,1,0,0
1394,Steve Ngoura,Le Havre,0.2,0,0,0,0,0,0,0,0.0,0,1,0,1,0,0,0,0
1395,Moussa Niakhate,Lyon,4.0,15,8,13,2,0,7,8,87.5,1,6,3,3,2,17,19,1
1396,Ibrahima Niane,Angers,0.2,0,0,0,0,0,0,0,0.0,0,0,0,0,0,0,0,0
1397,Tanguy Nianzou,Sevilla,2.0,2,2,1,0,1,1,1,100.0,0,0,0,0,2,4,14,0
1398,Rasmus Nicolaisen,Toulouse,4.0,4,3,2,2,0,2,2,100.0,0,5,2,3,7,11,15,0
1399,Hans Nicolussi Caviglia,Venezia,1.7,2,1,0,0,2,2,3,66.7,1,1,0,1,0,2,0,0
1400,Saul Niguez,Sevilla,2.0,7,5,3,2,2,1,4,25.0,3,4,0,4,0,7,1,0
1401,Justin Njinmah,Werder Bremen,1.5,1,1,1,0,0,1,1,100.0,0,0,0,0,2,3,0,0
1402,Eddie Nketiah,Crystal Palace,1.0,0,0,0,0,0,0,0,0.0,0,1,0,1,1,1,0,0
1404,Niels Nkounkou,Eint Frankfurt,1.9,1,1,1,0,0,0,1,0.0,1,2,1,1,3,4,2,0
1405,Christopher Nkunku,Chelsea,0.9,3,3,0,1,2,2,2,100.0,0,2,0,2,1,4,0,0
1406,Felix Nmecha,Dortmund,1.3,2,2,0,1,1,1,1,100.0,0,1,0,1,0,2,5,0
1407,Arnaud Nordin,Montpellier,2.7,3,2,1,2,0,2,3,66.7,1,3,0,3,1,4,1,0
1408,Tijjani Noslin,Lazio,1.6,1,1,0,0,1,0,2,0.0,2,4,0,4,0,1,2,0
1409,Hugo Novoa,Alavés,1.5,1,1,1,0,0,0,0,0.0,0,1,0,1,0,1,4,0
1410,Randy Nteka,Rayo Vallecano,2.0,3,2,0,3,0,1,2,50.0,1,3,1,2,0,3,2,0
1411,Ernest Nuamah,Lyon,1.0,2,1,1,0,1,1,2,50.0,1,0,0,0,1,3,2,0
1412,Alexander Nubel,Stuttgart,3.0,0,0,0,0,0,0,0,0.0,0,0,0,0,0,0,1,0
1413,Matheus Nunes,Manchester City,0.2,0,0,0,0,0,0,0,0.0,0,2,1,1,0,0,0,0
1414,Darwin Nunez,Liverpool,0.7,2,2,0,0,2,0,1,0.0,1,0,0,0,0,2,2,0
1415,Antonio Nusa,RB Leipzig,0.9,4,1,2,1,1,2,2,100.0,0,4,0,4,0,4,3,0
1416,Ethan Nwaneri,Arsenal,0.1,0,0,0,0,0,0,0,0.0,0,1,1,0,0,0,1,0
1417,Orjan Nyland,Sevilla,5.0,0,0,0,0,0,0,0,0.0,0,0,0,0,0,0,3,0
1418,Rabby Nzingoula,Montpellier,1.5,6,2,4,0,2,2,6,33.3,4,1,0,1,3,9,2,0
1419,Marwann Nzuzi,Saint-Étienne,1.4,2,2,1,0,1,1,2,50.0,1,0,0,0,2,4,6,0
1420,Christian Norgaard,Brentford,4.0,13,7,6,7,0,9,11,81.8,2,8,1,7,8,21,9,0
1421,Jake O'Brien,Everton,0.3,2,2,1,1,0,2,2,100.0,0,1,0,1,0,2,0,0
1422,Dara O'Shea,Ipswich Town,1.0,2,2,2,0,0,2,2,100.0,0,4,4,0,4,6,6,0
1423,Adam Obert,Cagliari,0.1,0,0,0,0,0,0,1,0.0,1,0,0,0,1,1,0,0
1424,Jan Oblak,Atlético Madrid,4.0,0,0,0,0,0,0,0,0.0,0,0,0,0,0,0,1,1
1425,Lucas Ocampos,Sevilla,1.9,3,2,2,0,1,1,2,50.0,1,2,0,2,0,3,2,0
1426,Jens Odgaard,Bologna,1.6,1,1,0,1,0,1,1,100.0,0,3,1,2,1,2,0,0
1427,Wilson Odobert,Tottenham,1.8,5,2,2,2,1,4,6,66.7,2,1,0,1,0,5,1,1
1428,Alvaro Odriozola,Real Sociedad,0.3,0,0,0,0,0,0,0,0.0,0,0,0,0,0,0,1,0
1430,Tim Oermann,Bochum,0.2,0,0,0,0,0,0,0,0.0,0,1,1,0,0,0,1,0
1431,Chiedozie Ogbene,Ipswich Town,1.3,5,1,1,1,3,1,3,33.3,2,1,0,1,1,6,2,0
1432,Ifechukwu Ogbus,Freiburg,0.2,1,1,0,0,1,0,1,0.0,1,0,0,0,1,2,2,0
1433,Hamzat Ojediran,Lens,0.7,4,3,2,2,0,1,3,33.3,2,1,0,1,3,7,2,0
1434,Noah Okafor,Milan,2.1,1,0,0,0,1,0,0,0.0,0,0,0,0,0,1,1,0
1435,Caleb Okoli,Leicester City,2.0,6,2,3,3,0,2,4,50.0,2,7,3,4,2,8,10,0
1436,Maduka Okoye,Udinese,4.0,0,0,0,0,0,0,0,0.0,0,0,0,0,0,0,2,0
1437,Joseph Okumu,Reims,3.0,4,2,2,2,0,2,4,50.0,2,10,9,1,5,9,11,1
1438,Olasagasti,Real Sociedad,0.4,1,1,0,1,0,0,2,0.0,2,0,0,0,0,1,0,0
1439,Ben Old,Saint-Étienne,1.9,3,3,2,1,0,2,3,66.7,1,2,0,2,0,3,0,0
1440,Michael Olise,Bayern Munich,2.0,3,2,0,2,1,1,4,25.0,3,2,0,2,0,3,2,0
1441,Brian Olivan,Espanyol,1.1,3,3,1,2,0,0,1,0.0,1,1,0,1,2,5,6,0
1442,Lucas Oliveira Rosa,Valladolid,5.0,13,10,10,2,1,9,12,75.0,3,5,2,3,7,20,12,0
1443,Mathias Olivera,Napoli,2.2,8,2,4,2,2,4,6,66.7,2,2,0,2,2,10,6,0
1444,Dani Olmo,Barcelona,2.1,3,1,1,1,1,1,6,16.7,5,0,0,0,1,4,0,0
1445,Becir Omeragic,Montpellier,3.0,6,3,4,2,0,3,6,50.0,3,2,2,0,2,8,5,0
1446,Jonas Omlin,Gladbach,3.0,0,0,0,0,0,0,0,0.0,0,0,0,0,0,0,0,0
1447,Ado Onaiwu,Auxerre,1.8,4,4,0,4,0,2,2,100.0,0,1,0,1,0,4,1,0
1448,Amadou Onana,Aston Villa,3.0,6,3,3,2,1,1,3,33.3,2,1,0,1,6,12,5,1
1449,Andre Onana,Manchester Utd,4.0,1,1,1,0,0,1,1,100.0,0,0,0,0,0,1,2,0
1450,Karim Onisiwo,Mainz 05,1.0,0,0,0,0,0,0,0,0.0,0,0,0,0,0,0,0,0
1451,Frank Onyeka,Brentford,0.3,0,0,0,0,0,0,0,0.0,0,0,0,0,0,0,0,0
1452,Frank Onyeka,Augsburg,0.9,5,5,1,3,1,2,3,66.7,1,2,2,0,2,7,2,0
1453,Lois Openda,RB Leipzig,2.9,0,0,0,0,0,0,0,0.0,0,0,0,0,0,0,0,0
1454,Christopher Operi,Le Havre,3.0,3,2,0,1,2,0,0,0.0,0,6,2,4,4,7,7,0
1456,Victor Orakpo,Nice,0.2,0,0,0,0,0,0,0,0.0,0,0,0,0,0,0,0,0
1457,Gift Orban,Lyon,1.1,0,0,0,0,0,0,1,0.0,1,0,0,0,0,0,0,0
1458,Willi Orban,RB Leipzig,0.9,4,3,2,2,0,4,4,100.0,0,3,2,1,2,6,1,0
1459,Gaetano Oristanio,Venezia,2.6,4,2,1,2,1,1,2,50.0,1,4,0,4,2,6,2,0
1460,Aimar Oroz,Osasuna,4.2,9,4,4,3,2,4,7,57.1,3,5,1,4,6,15,0,0
1461,Riccardo Orsolini,Bologna,3.1,2,2,1,0,1,1,2,50.0,1,1,0,1,1,3,0,0
1462,Gabriel Osei Misehouy,Girona,0.2,0,0,0,0,0,0,0,0.0,0,0,0,0,0,0,0,0
1463,Gabriel Osho,Auxerre,3.7,2,1,2,0,0,1,3,33.3,2,12,9,3,2,4,24,0
1464,Yordan Osorio,Parma,0.2,3,2,3,0,0,1,1,100.0,0,2,0,2,1,4,1,0
1465,Patrick Osterhage,Freiburg,2.3,7,5,3,3,1,2,6,33.3,4,2,0,2,3,10,3,0
1466,Jibril Othman,Saint-Étienne,0.1,0,0,0,0,0,0,0,0.0,0,0,0,0,0,0,0,0
1467,David Otorbi,Valencia,0.2,0,0,0,0,0,0,0,0.0,0,1,0,1,0,0,0,0
1468,Dango Ouattara,Bournemouth,1.2,4,4,1,3,0,2,4,50.0,2,3,0,3,1,5,7,0
1469,Kassoum Ouattara,Monaco,0.9,1,0,0,1,0,1,1,100.0,0,1,0,1,0,1,0,0
1470,Remi Oudin,Lecce,0.8,0,0,0,0,0,0,2,0.0,2,0,0,0,1,1,0,0
1471,Zinedine Ould Khaled,Angers,0.6,1,1,1,0,0,0,1,0.0,1,2,0,2,0,1,1,0
1472,Beres Owusu,Saint-Étienne,1.0,2,2,1,1,0,2,2,100.0,0,2,2,0,0,2,5,0
1473,Elisha Owusu,Auxerre,3.7,13,5,7,6,0,4,9,44.4,5,4,1,3,6,19,6,0
1474,Mikel Oyarzabal,Real Sociedad,2.6,0,0,0,0,0,0,2,0.0,2,2,0,2,0,0,1,0
1475,Salih Ozcan,Wolfsburg,1.0,1,1,0,0,1,0,3,0.0,3,2,0,2,2,3,1,0
1476,Cenk Ozkacar,Valladolid,1.0,2,2,2,0,0,2,5,40.0,3,2,1,1,3,5,6,0
1477,Jon Pacheco,Real Sociedad,3.7,3,2,2,1,0,2,3,66.7,1,4,3,1,3,6,19,1
1478,Willian Pacho,Paris S-G,3.3,6,3,5,1,0,2,4,50.0,2,6,2,4,9,15,12,0
1479,Alex Padilla,Athletic Club,2.0,0,0,0,0,0,0,0,0.0,0,0,0,0,0,0,2,0
1480,Isaac Palazon Camacho,Rayo Vallecano,3.0,3,2,2,1,0,1,5,20.0,4,3,1,2,1,4,1,0
1482,Marco Palestra,Atalanta,0.4,1,1,0,1,0,0,0,0.0,0,0,0,0,0,1,0,0
1483,Joao Palhinha,Bayern Munich,1.2,1,1,1,0,0,0,2,0.0,2,3,0,3,2,3,1,0
1484,Nicolas Pallois,Nantes,2.0,6,2,5,1,0,4,5,80.0,1,2,1,1,3,9,15,0
1485,Cole Palmer,Chelsea,3.9,4,3,2,2,0,3,6,50.0,3,1,0,1,2,6,4,0
1486,Emerson Palmieri,West Ham,3.4,6,3,1,5,0,3,7,42.9,4,2,0,2,2,8,9,0
1487,Mats Pannewig,Bochum,0.3,0,0,0,0,0,0,0,0.0,0,3,0,3,0,0,2,0
1488,Lucas Paqueta,West Ham,3.3,7,3,4,3,0,3,6,50.0,3,5,1,4,2,9,3,1
1489,Aitor Paredes,Athletic Club,1.9,0,0,0,0,0,0,1,0.0,1,3,3,0,1,1,13,1
1490,Leandro Paredes,Roma,0.7,0,0,0,0,0,0,1,0.0,1,1,1,0,1,1,1,1
1491,Daniel Parejo,Villarreal,3.5,6,4,3,2,1,2,6,33.3,4,3,1,2,2,8,7,0
1492,Fabiano Parisi,Fiorentina,1.3,4,2,1,2,1,0,1,0.0,1,1,0,1,0,4,2,0
1493,Thomas Partey,Arsenal,4.0,9,5,5,2,2,6,11,54.5,5,4,3,1,8,17,9,0
1494,Mario Pasalic,Atalanta,3.2,1,1,0,1,0,1,2,50.0,1,2,1,1,2,3,5,0
1495,Felix Passlack,Bochum,3.0,6,4,2,2,2,4,7,57.1,3,6,1,5,2,8,5,0
1496,Patric,Lazio,1.5,2,1,1,1,0,2,4,50.0,2,0,0,0,1,3,4,0
1497,Benjamin Pavard,Inter,3.0,3,1,2,1,0,1,2,50.0,1,3,2,1,1,4,11,0
1498,Aleksandar Pavlovic,Bayern Munich,1.8,5,3,1,3,1,2,3,66.7,1,2,1,1,0,5,3,0
1499,Strahinja Pavlovic,Milan,3.0,11,7,7,4,0,6,11,54.5,5,3,2,1,3,14,16,0
1500,Leonardo Pavoletti,Cagliari,0.6,0,0,0,0,0,0,0,0.0,0,1,1,0,0,0,1,0
1501,Martin Payero,Udinese,2.4,4,2,1,2,1,1,2,50.0,1,1,1,0,3,7,4,0
1502,Nicolas Paz,Como,1.7,3,3,1,1,1,1,1,100.0,0,7,1,6,2,5,1,0
1503,Mads Pedersen,Augsburg,1.8,5,4,3,1,1,3,3,100.0,0,3,0,3,1,6,5,0
1504,Marcus Pedersen,Torino,0.8,1,0,0,1,0,0,1,0.0,1,1,0,1,0,1,3,0
1505,Pedri,Barcelona,3.7,8,5,1,6,1,3,8,37.5,5,5,0,5,3,11,3,0
1506,Pedro,Lazio,0.0,0,0,0,0,0,0,0,0.0,0,0,0,0,0,0,1,0
1508,Kevin Pedro,Saint-Étienne,0.1,3,0,2,1,0,3,3,100.0,0,1,0,1,2,5,1,0
1509,Adria Pedrosa,Sevilla,4.0,6,2,4,1,1,5,6,83.3,1,11,2,9,2,8,11,0
1510,Jordan Pefok,Union Berlin,2.4,2,1,2,0,0,0,0,0.0,0,1,0,1,0,2,5,0
1511,Pietro Pellegri,Empoli,0.6,1,0,0,1,0,0,0,0.0,0,0,0,0,0,1,0,0
1512,Lorenzo Pellegrini,Roma,3.2,3,0,1,2,0,0,2,0.0,2,1,0,1,0,3,6,0
1513,Theo Pellenard,Auxerre,0.4,3,2,2,1,0,1,3,33.3,2,1,0,1,0,3,2,0
1514,Faris Pemi Moumbagna,Marseille,0.1,0,0,0,0,0,0,0,0.0,0,0,0,0,0,0,0,0
1515,Ruben Pena,Osasuna,0.6,1,0,1,0,0,1,3,33.3,2,1,0,1,0,1,0,0
1516,Nicolas Pepe,Villarreal,1.5,2,0,1,0,1,0,2,0.0,2,1,0,1,2,4,2,0
1517,Peque,Sevilla,1.2,1,0,0,1,0,0,2,0.0,2,2,0,2,0,1,0,0
1518,Andreas Pereira,Fulham,3.8,0,0,0,0,0,0,6,0.0,6,2,0,2,1,1,1,0
1519,Mathias Pereira Lage,Brest,1.5,2,1,1,1,0,0,1,0.0,1,4,0,4,1,3,1,0
1520,Pedro Pereira,Monza,1.9,2,1,1,1,0,1,1,100.0,0,3,1,2,0,2,6,0
1521,Ayoze Perez,Villarreal,2.8,3,2,1,2,0,1,5,20.0,4,3,0,3,1,4,5,0
1522,Carles Perez,Getafe,2.9,6,4,2,2,2,4,10,40.0,6,3,0,3,0,6,2,0
1523,Kike Perez,Valladolid,4.0,13,8,5,8,0,4,12,33.3,8,5,2,3,3,16,2,0
1524,Luis Perez,Valladolid,5.0,7,5,3,2,2,3,5,60.0,2,7,1,6,5,12,18,0
1525,Nehuen Perez,Udinese,2.0,1,1,0,0,1,0,1,0.0,1,2,2,0,1,2,7,0
1526,Mattia Perin,Juventus,1.0,0,0,0,0,0,0,0,0.0,0,0,0,0,0,0,0,0
1527,Romain Perraud,Betis,3.5,7,3,3,1,3,4,14,28.6,10,1,0,1,3,10,10,0
1528,Lucas Perri,Lyon,4.0,0,0,0,0,0,0,1,0.0,1,0,0,0,0,0,2,0
1529,Gaetan Perrin,Auxerre,3.3,10,2,8,0,2,6,11,54.5,5,0,0,0,2,12,1,0
1530,Maximo Perrone,Como,2.5,9,6,6,3,0,3,9,33.3,6,2,0,2,4,13,6,0
1531,Matteo Pessina,Monza,3.5,6,3,2,4,0,5,7,71.4,2,3,0,3,6,12,3,0
1532,Andrea Petagna,Monza,2.0,0,0,0,0,0,0,0,0.0,0,0,0,0,1,1,1,0
1534,Leo Petrot,Saint-Étienne,0.1,0,0,0,0,0,0,0,0.0,0,1,0,1,0,0,0,0
1535,Dorde Petrovic,Strasbourg,1.0,0,0,0,0,0,0,0,0.0,0,0,0,0,0,0,1,0
1536,Giuseppe Pezzella,Empoli,3.5,10,6,6,4,0,9,12,75.0,3,1,0,1,1,11,6,0
1537,Kalvin Phillips,Ipswich Town,1.8,3,1,1,2,0,2,7,28.6,5,6,1,5,3,6,4,0
1538,Jaden Philogene Bidace,Aston Villa,0.2,2,2,0,2,0,0,0,0.0,0,0,0,0,0,2,1,0
1539,Pica,Alavés,1.0,1,1,1,0,0,1,3,33.3,2,2,2,0,1,2,3,0
1540,Roberto Piccoli,Cagliari,3.6,1,0,0,0,1,1,1,100.0,0,0,0,0,1,2,5,0
1541,Benedikt Pichler,Holstein Kiel,2.6,2,1,1,0,1,1,2,50.0,1,2,1,1,1,3,4,0
1542,Jordan Pickford,Everton,4.0,0,0,0,0,0,0,0,0.0,0,0,0,0,0,0,5,1
1543,Marvin Pieringer,Heidenheim,1.8,2,0,0,1,1,1,1,100.0,0,2,0,2,1,3,1,0
1544,Nicholas Pierini,Venezia,0.9,0,0,0,0,0,0,1,0.0,1,2,0,2,0,0,0,0
1545,Santiago Pierotti,Lecce,1.1,2,2,2,0,0,1,1,100.0,0,1,0,1,1,3,0,0
1546,Balthazar Pierret,Lecce,2.8,7,3,4,3,0,1,3,33.3,2,2,1,1,1,8,2,0
1547,Andrea Pinamonti,Genoa,2.7,1,1,0,1,0,0,0,0.0,0,0,0,0,0,1,3,0
1548,Ethan Pinnock,Brentford,4.0,11,7,5,4,2,4,6,66.7,2,4,2,2,7,18,18,1
1549,Yeremi Pino,Villarreal,2.7,8,5,2,4,2,5,11,45.5,6,3,1,2,0,8,3,0
1550,Niccolo Pisilli,Roma,1.5,2,1,0,2,0,0,0,0.0,0,4,0,4,1,3,1,0
1551,Semuel Pizzignacco,Monza,2.0,0,0,0,0,0,0,0,0.0,0,0,0,0,0,0,0,0
1552,Alassane Plea,Gladbach,1.8,1,1,0,1,0,1,1,100.0,0,1,0,1,0,1,1,0
1553,Tommaso Pobega,Bologna,1.0,5,3,3,0,2,2,4,50.0,2,3,1,2,0,5,1,0
1554,Daniel Podence,Wolves,0.5,0,0,0,0,0,0,1,0.0,1,0,0,0,0,0,0,0
1555,Joel Pohjanpalo,Venezia,1.7,0,0,0,0,0,0,0,0.0,0,0,0,0,1,1,0,0
1556,Matteo Politano,Napoli,3.6,1,0,1,0,0,1,2,50.0,1,1,0,1,0,1,3,0
1557,Marin Pongracic,Fiorentina,1.0,1,1,1,0,0,1,3,33.3,2,0,0,0,2,3,4,0
1558,Nick Pope,Newcastle Utd,4.0,0,0,0,0,0,0,0,0.0,0,0,0,0,0,0,6,0
1560,Finn Porath,Holstein Kiel,2.0,4,1,3,0,1,2,6,33.3,4,4,1,3,1,5,7,0
1561,Pedro Porro,Tottenham,4.0,9,4,6,1,2,7,11,63.6,4,8,3,5,5,14,10,0
1562,Portu,Girona,1.6,3,2,1,1,1,2,2,100.0,0,3,0,3,0,3,1,0
1563,Stefan Posch,Bologna,4.0,14,9,6,5,3,6,12,50.0,6,6,1,5,1,15,7,0
1564,Yussuf Poulsen,RB Leipzig,0.2,0,0,0,0,0,0,0,0.0,0,2,2,0,0,0,1,0
1565,Benat Prados,Athletic Club,3.3,4,4,0,4,0,1,9,11.1,8,8,1,7,5,9,2,0
1566,Alexander Prass,Hoffenheim,2.4,3,1,3,0,0,3,4,75.0,1,2,0,2,0,3,4,0
1567,Matteo Prati,Cagliari,1.9,4,2,1,2,1,2,6,33.3,4,0,0,0,2,6,2,1
1568,Abdon Prats,Mallorca,0.9,1,1,1,0,0,0,0,0.0,0,1,0,1,0,1,1,0
1569,Grischa Promel,Hoffenheim,1.9,0,0,0,0,0,0,1,0.0,1,1,1,0,2,2,4,0
1570,Ivan Provedel,Lazio,4.0,0,0,0,0,0,0,0,0.0,0,0,0,0,0,0,3,2
1571,Javi Puado,Espanyol,4.8,5,4,2,2,1,1,1,100.0,0,2,0,2,0,5,4,0
1572,Tymoteusz Puchacz,Holstein Kiel,1.0,1,1,0,1,0,0,1,0.0,1,4,1,3,0,1,1,0
1573,Christian Pulisic,Milan,3.6,8,4,4,3,1,3,7,42.9,4,1,0,1,0,8,1,0
1574,Jarell Quansah,Liverpool,0.5,2,2,1,1,0,0,0,0.0,0,1,1,0,1,3,3,0
1575,Leopold Querfeld,Union Berlin,0.2,1,0,1,0,0,1,1,100.0,0,0,0,0,1,2,5,0
1576,Dani Raba,Leganés,1.5,6,4,3,3,0,3,6,50.0,3,2,0,2,4,10,3,0
1577,Hamza Rafia,Lecce,1.8,2,2,0,1,1,1,1,100.0,0,1,0,1,0,2,1,0
1578,Antonio Raillo,Mallorca,6.0,5,2,3,1,1,4,5,80.0,1,8,8,0,8,13,30,0
1579,Antonio Raimondo,Venezia,0.7,1,1,1,0,0,0,0,0.0,0,0,0,0,0,1,0,1
1580,Ylber Ramadani,Lecce,3.8,9,4,4,5,0,5,5,100.0,0,5,1,4,6,15,6,1
1581,Benito Ramirez,Las Palmas,0.6,1,0,1,0,0,1,3,33.3,2,2,0,2,0,1,2,0
1582,Sandro Ramirez,Las Palmas,3.5,4,3,2,2,0,2,4,50.0,2,0,0,0,7,11,3,0
1583,Goncalo Ramos,Paris S-G,0.2,0,0,0,0,0,0,0,0.0,0,0,0,0,0,0,0,0
1584,Aaron Ramsdale,Southampton,2.0,0,0,0,0,0,0,0,0.0,0,0,0,0,0,0,2,0
1586,Jacob Ramsey,Aston Villa,2.1,4,2,1,3,0,1,2,50.0,1,0,0,0,0,4,0,0
1587,Luca Ranieri,Fiorentina,2.9,3,2,2,0,1,0,0,0.0,0,3,2,1,2,5,10,0
1588,Lilian Raolisoa,Angers,0.5,2,1,1,0,1,1,2,50.0,1,0,0,0,1,3,0,0
1589,Raphinha,Barcelona,5.0,7,4,3,4,0,1,4,25.0,3,4,0,4,2,9,1,0
1590,Marcus Rashford,Manchester Utd,3.5,2,1,0,1,1,2,2,100.0,0,2,0,2,1,3,1,0
1591,Giacomo Raspadori,Napoli,2.1,2,0,1,1,0,1,2,50.0,1,2,1,1,2,4,0,0
1592,Andrei Ratiu,Rayo Vallecano,2.9,7,6,6,0,1,4,4,100.0,0,2,0,2,1,8,7,0
1593,Raul,Osasuna,1.4,0,0,0,0,0,0,1,0.0,1,1,0,1,0,0,2,0
1594,David Raum,RB Leipzig,3.0,7,7,4,2,1,1,2,50.0,1,2,0,2,2,9,6,0
1595,Rayan Raveloson,Auxerre,3.8,2,2,0,2,0,1,7,14.3,6,2,1,1,1,3,5,0
1596,David Raya,Arsenal,4.0,0,0,0,0,0,0,0,0.0,0,0,0,0,1,1,2,0
1597,Abderrahman Rebbach,Alavés,0.8,0,0,0,0,0,0,0,0.0,0,1,0,1,0,0,1,0
1598,Ante Rebic,Lecce,0.7,0,0,0,0,0,0,1,0.0,1,0,0,0,0,0,0,0
1599,Harrison Reed,Fulham,0.2,2,1,0,1,1,0,2,0.0,2,0,0,0,0,2,0,0
1600,Bobby Reid,Leicester City,1.7,1,1,0,1,0,0,3,0.0,3,4,1,3,0,1,3,0
1601,Tijjani Reijnders,Milan,2.8,0,0,0,0,0,0,3,0.0,3,0,0,0,2,2,1,0
1602,Pepe Reina,Como,3.0,0,0,0,0,0,0,0,0.0,0,0,0,0,0,0,0,1
1603,Rocco Reitz,Gladbach,1.3,6,3,3,3,0,3,3,100.0,0,2,1,1,6,12,3,0
1604,Nicolai Remberg,Holstein Kiel,1.3,6,3,3,3,0,2,3,66.7,1,1,0,1,0,6,3,0
1605,Alex Remiro,Real Sociedad,6.0,0,0,0,0,0,0,0,0.0,0,0,0,0,0,0,2,3
1606,Guillaume Restes,Toulouse,4.0,0,0,0,0,0,0,0,0.0,0,0,0,0,0,0,3,0
1607,Mateo Retegui,Atalanta,3.4,3,2,0,1,2,2,4,50.0,2,1,0,1,0,3,3,0
1608,Elvis Rexhbecaj,Augsburg,3.0,3,3,0,2,1,2,6,33.3,4,6,1,5,1,4,4,0
1609,Gio Reyna,Dortmund,0.1,1,0,0,0,1,1,1,100.0,0,0,0,0,0,1,0,0
1610,Chadi Riad,Crystal Palace,1.0,5,2,2,2,1,2,3,66.7,1,0,0,0,2,7,0,0
1612,Alexsandro Ribeiro,Lille,4.0,7,6,2,4,1,6,8,75.0,2,1,0,1,5,12,11,0
1613,Samuele Ricci,Torino,3.7,1,0,0,1,0,1,1,100.0,0,2,1,1,1,2,7,0
1614,Declan Rice,Arsenal,2.5,1,1,0,1,0,1,3,33.3,2,2,1,1,3,4,4,0
1615,Chris Richards,Crystal Palace,2.8,5,3,1,3,1,1,6,16.7,5,4,1,3,1,6,11,0
1616,Amir Richardson,Fiorentina,1.2,4,1,4,0,0,0,2,0.0,2,1,0,1,0,4,1,0
1617,Richarlison,Tottenham,0.3,0,0,0,0,0,0,0,0.0,0,0,0,0,0,0,2,0
1618,Diego Rico,Getafe,3.9,17,8,12,4,1,8,10,80.0,2,3,0,3,3,20,6,1
1619,Fabian Rieder,Stuttgart,1.6,3,2,0,2,1,1,2,50.0,1,1,0,1,3,6,0,0
1620,Luis Rioja,Alavés,0.3,2,1,0,1,1,1,2,50.0,1,2,0,2,0,2,0,0
1621,Luis Rioja,Valencia,3.0,3,2,0,1,2,1,5,20.0,4,5,0,5,7,10,4,0
1622,Rodrigo Riquelme,Atlético Madrid,2.1,2,2,2,0,0,2,2,100.0,0,0,0,0,1,3,3,0
1623,Alberto Risco,Getafe,0.3,2,2,1,0,1,0,2,0.0,2,0,0,0,0,2,0,0
1624,Lars Ritzka,St. Pauli,2.2,10,7,3,4,3,5,10,50.0,5,6,0,6,0,10,5,0
1625,Gorka Rivera Alonso,Getafe,0.2,2,0,0,2,0,2,2,100.0,0,0,0,0,0,2,0,0
1626,Sergi Roberto,Como,1.5,3,3,1,1,1,2,2,100.0,0,1,0,1,3,6,2,0
1627,Andrew Robertson,Liverpool,3.6,3,1,2,0,1,2,3,66.7,1,1,0,1,1,4,2,0
1628,Antonee Robinson,Fulham,4.0,20,15,9,10,1,11,13,84.6,2,4,1,3,7,27,17,0
1629,Marc Roca,Betis,3.8,8,4,6,2,0,5,9,55.6,4,8,2,6,4,12,7,0
1630,Rodri,Manchester City,0.5,1,1,0,1,0,0,0,0.0,0,1,0,1,0,1,0,0
1631,Rodri,Betis,1.3,2,1,1,1,0,1,2,50.0,1,2,1,1,1,3,1,1
1632,Oscar Rodriguez Arnaiz,Leganés,2.7,3,1,0,2,1,0,1,0.0,1,1,0,1,3,6,1,0
1633,Damian Rodriguez,Celta Vigo,3.7,2,1,1,1,0,2,6,33.3,4,2,0,2,3,5,5,0
1634,Dani Rodriguez,Mallorca,3.7,10,8,6,2,2,4,5,80.0,1,3,0,3,0,10,3,0
1635,Guido Rodriguez,West Ham,3.7,8,4,5,3,0,3,7,42.9,4,6,1,5,8,16,3,0
1636,James Rodriguez,Rayo Vallecano,0.0,1,1,0,1,0,0,0,0.0,0,0,0,0,0,1,0,0
1638,Javi Rodriguez,Celta Vigo,3.3,4,3,3,1,0,3,5,60.0,2,2,1,1,2,6,6,0
1639,Kirian Rodriguez,Las Palmas,4.7,8,4,3,5,0,7,16,43.8,9,4,0,4,1,9,3,0
1640,Ricardo Rodriguez,Betis,0.5,0,0,0,0,0,0,2,0.0,2,1,0,1,2,2,1,0
1641,Rodrygo,Real Madrid,4.0,4,3,3,1,0,2,5,40.0,3,7,1,6,0,4,1,0
1642,Mads Roerslev,Brentford,2.8,3,1,3,0,0,1,4,25.0,3,2,0,2,2,5,5,0
1643,Morgan Rogers,Aston Villa,4.0,4,2,2,1,1,1,1,100.0,0,6,2,4,0,4,3,0
1644,Merlin Rohl,Freiburg,1.8,3,3,1,2,0,1,1,100.0,0,1,0,1,1,4,0,0
1645,Alessio Romagnoli,Lazio,4.0,5,2,1,4,0,2,2,100.0,0,3,2,1,5,10,5,0
1646,Leo Roman,Mallorca,2.0,0,0,0,0,0,0,0,0.0,0,0,0,0,0,0,0,0
1647,Carlos Romero,Espanyol,4.6,11,8,6,4,1,4,8,50.0,4,4,1,3,3,14,12,0
1648,Cristian Romero,Tottenham,4.0,11,11,8,3,0,6,8,75.0,2,7,2,5,1,12,12,0
1649,Isaac Romero,Sevilla,4.1,2,0,0,1,1,0,1,0.0,1,5,1,4,0,2,5,0
1650,Luka Romero,Alavés,1.1,2,2,1,1,0,1,2,50.0,1,1,0,1,1,3,0,0
1651,Oriol Romeu,Girona,2.7,6,3,1,5,0,3,4,75.0,1,4,2,2,2,8,0,0
1652,Valentin Rongier,Marseille,0.9,3,2,1,2,0,1,2,50.0,1,1,0,1,0,3,5,0
1653,Marten de Roon,Atalanta,4.0,11,7,7,4,0,4,8,50.0,4,10,1,9,3,14,7,0
1654,Vitor Roque,Betis,0.7,0,0,0,0,0,0,0,0.0,0,0,0,0,0,0,0,0
1655,Pablo Rosario,Nice,2.9,2,1,0,2,0,2,4,50.0,2,2,1,1,4,6,3,0
1656,Lasse Rosenboom,Holstein Kiel,0.2,2,2,2,0,0,1,1,100.0,0,1,0,1,1,3,0,0
1657,Max Rosenfelder,Freiburg,3.0,6,4,5,1,0,4,4,100.0,0,4,1,3,2,8,17,0
1658,Valentin Rosier,Leganés,4.4,15,14,10,5,0,10,16,62.5,6,8,1,7,7,22,20,0
1659,Tom Rothe,Union Berlin,1.9,10,3,9,1,0,3,5,60.0,2,8,3,5,1,11,5,1
1660,Anthony Rouault,Stuttgart,0.3,1,1,0,1,0,1,1,100.0,0,0,0,0,0,1,0,0
1661,Jonas Rouhi,Juventus,0.2,0,0,0,0,0,0,0,0.0,0,0,0,0,0,0,0,0
1662,Nicolo Rovella,Lazio,2.6,7,6,2,3,2,5,5,100.0,0,1,0,1,3,10,2,1
1664,Jon Rowe,Marseille,0.8,2,2,0,0,2,0,1,0.0,1,0,0,0,0,2,0,0
1665,Amir Rrahmani,Napoli,4.0,4,2,3,1,0,1,3,33.3,2,2,0,2,0,4,17,0
1666,Antonio Rudiger,Real Madrid,5.0,3,2,3,0,0,2,3,66.7,1,6,4,2,3,6,15,0
1667,Matteo Ruggeri,Atalanta,3.8,4,1,0,3,1,1,1,100.0,0,3,0,3,4,8,5,0
1668,Aitor Ruibal,Betis,2.1,2,1,0,0,2,2,5,40.0,3,0,0,0,1,3,0,0
1669,Abel Ruiz,Girona,4.1,0,0,0,0,0,0,3,0.0,3,4,1,3,1,1,1,0
1670,Fabian Ruiz Pena,Paris S-G,1.5,7,3,5,2,0,4,6,66.7,2,1,0,1,2,9,0,0
1671,Geronimo Rulli,Marseille,4.0,0,0,0,0,0,0,1,0.0,1,0,0,0,0,0,4,1
1672,Georginio Rutter,Brighton,1.0,1,0,1,0,0,0,0,0.0,0,0,0,0,0,1,0,0
1673,Julian Ryerson,Dortmund,3.0,2,2,1,0,1,2,5,40.0,3,4,1,3,3,5,3,0
1674,Frederik Ronnow,Union Berlin,3.0,0,0,0,0,0,0,0,0.0,0,0,0,0,0,0,4,0
1675,Jose Sa,Wolves,2.0,0,0,0,0,0,0,0,0.0,0,0,0,0,0,0,2,0
1676,Elias Saad,St. Pauli,0.9,1,1,0,1,0,0,1,0.0,1,0,0,0,0,1,1,0
1677,Youssouf Sabaly,Betis,3.7,8,5,5,2,1,5,6,83.3,1,3,0,3,2,10,13,0
1678,Emmanuel Sabbi,Le Havre,0.9,2,1,2,0,0,0,1,0.0,1,2,0,2,0,2,0,0
1679,Stefano Sabelli,Genoa,2.6,5,4,2,1,2,2,10,20.0,8,3,0,3,1,6,2,0
1680,Marcel Sabitzer,Dortmund,2.2,1,0,0,1,0,1,3,33.3,2,5,2,3,0,1,3,0
1681,Falaye Sacko,Montpellier,4.0,10,5,8,1,1,6,12,50.0,6,4,0,4,5,15,5,0
1682,Umar Sadiq,Real Sociedad,2.0,2,1,1,1,0,1,2,50.0,1,2,1,1,1,3,2,0
1683,Alexis Saelemaekers,Roma,1.2,4,2,3,1,0,2,2,100.0,0,1,0,1,0,4,1,0
1684,Alexis Saelemaekers,Milan,1.0,1,1,0,0,1,1,1,100.0,0,0,0,0,1,2,0,0
1685,Jorge Saenz,Leganés,2.5,2,2,1,1,0,1,2,50.0,1,2,1,1,4,6,14,0
1686,Modibo Sagnan,Montpellier,4.0,11,5,5,5,1,7,10,70.0,3,5,3,2,11,22,13,1
1687,Richie Sagrado,Venezia,0.6,1,1,0,1,0,0,0,0.0,0,0,0,0,0,1,1,0
1688,Osame Sahraoui,Lille,2.9,2,1,1,0,1,1,3,33.3,2,2,0,2,2,4,1,1
1690,Wesley Said,Lens,2.1,1,0,0,1,0,0,1,0.0,1,0,0,0,0,1,1,0
1691,Bukayo Saka,Arsenal,3.8,9,7,5,1,3,6,10,60.0,4,7,0,7,0,9,3,0
1692,Marco Sala,Como,1.0,2,1,1,0,1,1,1,100.0,0,1,0,1,1,3,2,0
1693,Ibrahim Salah,Brest,0.1,1,0,0,0,1,1,1,100.0,0,0,0,0,0,1,0,0
1694,Mohamed Salah,Liverpool,3.9,2,2,1,1,0,1,2,50.0,1,0,0,0,1,3,2,0
1695,Amine Salama,Reims,0.5,0,0,0,0,0,0,0,0.0,0,1,1,0,0,0,0,0
1696,Kike Salas,Sevilla,1.1,1,1,0,0,1,0,1,0.0,1,1,0,1,1,2,5,0
1697,Manolis Saliakas,St. Pauli,0.7,2,1,1,0,1,1,3,33.3,2,0,0,0,0,2,0,0
1698,William Saliba,Arsenal,4.0,16,7,10,6,0,7,7,100.0,0,4,1,3,4,20,12,1
1699,Mohammed Salisu,Monaco,3.0,8,2,6,2,0,5,5,100.0,0,4,3,1,0,8,12,0
1700,Roland Sallai,Freiburg,0.5,2,1,1,1,0,0,0,0.0,0,0,0,0,1,3,0,0
1701,Yoann Salmier,Le Havre,2.0,2,1,2,0,0,1,1,100.0,0,1,1,0,3,5,18,0
1702,Lazar Samardzic,Atalanta,1.3,2,2,0,1,1,2,2,100.0,0,0,0,0,0,2,0,0
1703,Mama Samba Balde,Lyon,0.4,2,2,0,2,0,0,0,0.0,0,0,0,0,1,3,1,0
1704,Mama Samba Balde,Brest,0.3,0,0,0,0,0,0,0,0.0,0,0,0,0,0,0,0,0
1705,Brice Samba,Lens,4.0,0,0,0,0,0,0,0,0.0,0,0,0,0,0,0,2,0
1706,Albert Sambi Lokonga,Sevilla,1.7,3,3,3,0,0,1,1,100.0,0,3,1,2,0,3,2,0
1707,Chuky san jose,Valladolid,1.0,1,0,0,0,1,1,1,100.0,0,2,0,2,0,1,0,0
1708,Antonio Sanabria,Torino,1.0,0,0,0,0,0,0,0,0.0,0,0,0,0,0,0,0,0
1709,Oihan Sancet,Athletic Club,4.1,2,1,0,1,1,1,4,25.0,3,1,0,1,1,3,1,0
1710,Antonio Sanchez,Mallorca,3.6,9,6,6,2,1,4,6,66.7,2,5,0,5,4,13,7,0
1711,Ivan Sanchez,Valladolid,2.7,6,5,5,1,0,1,8,12.5,7,2,0,2,5,11,1,0
1712,Javi Sanchez,Valladolid,2.7,2,2,1,1,0,2,3,66.7,1,5,3,2,2,4,13,0
1713,Juanlu Sanchez,Sevilla,2.9,4,3,1,2,1,2,3,66.7,1,0,0,0,5,9,2,0
1714,Manu Sanchez,Alavés,3.3,5,2,3,1,1,2,3,66.7,1,8,0,8,6,11,7,0
1716,Robert Sanchez,Chelsea,4.0,0,0,0,0,0,0,0,0.0,0,0,0,0,0,0,3,0
1717,Jadon Sancho,Chelsea,0.5,0,0,0,0,0,0,0,0.0,0,0,0,0,0,0,0,0
1718,Philipp Sander,Gladbach,1.7,4,2,2,1,1,1,1,100.0,0,4,1,3,2,6,1,0
1719,Arouna Sangante,Le Havre,2.8,6,4,1,5,0,2,4,50.0,2,2,2,0,7,13,11,1
1720,Ibrahim Sangare,Nott'ham Forest,2.4,15,9,5,10,0,4,8,50.0,4,4,0,4,2,17,2,0
1721,Nhoa Sangui,Reims,3.3,2,2,0,2,0,1,2,50.0,1,3,1,2,1,3,5,0
1722,Kaishu Sano,Mainz 05,2.8,4,2,1,2,1,2,5,40.0,3,3,2,1,1,5,7,0
1723,Baptiste Santamaria,Rennes,1.3,4,1,3,0,1,2,3,66.7,1,1,1,0,0,4,1,0
1724,Jesus Santiago,Getafe,0.5,3,1,3,0,0,0,0,0.0,0,0,0,0,0,3,0,0
1725,Andrey Santos,Strasbourg,3.0,16,9,11,4,1,10,17,58.8,7,4,1,3,1,17,5,0
1726,Kaua Santos,Eint Frankfurt,0.5,0,0,0,0,0,0,0,0.0,0,0,0,0,0,0,0,0
1727,Tiago Santos,Lille,2.8,8,4,3,3,2,4,6,66.7,2,1,0,1,1,9,0,0
1728,Pablo Sarabia,Wolves,0.3,2,0,1,0,1,1,2,50.0,1,2,0,2,1,3,0,0
1729,Jeremy Sarmiento,Brighton,0.1,0,0,0,0,0,0,0,0.0,0,0,0,0,0,0,0,0
1730,Amin Sarr,Hellas Verona,0.0,1,1,0,1,0,1,1,100.0,0,0,0,0,0,1,0,0
1731,Ismaila Sarr,Crystal Palace,0.7,0,0,0,0,0,0,0,0.0,0,0,0,0,0,0,0,0
1732,Martin Satriano,Lens,0.3,2,1,1,1,0,2,2,100.0,0,0,0,0,0,2,1,0
1733,Teji Savanier,Montpellier,3.9,3,3,1,0,2,2,7,28.6,5,1,0,1,2,5,3,0
1734,Savio,Manchester City,2.3,7,4,2,1,4,2,3,66.7,1,2,0,2,0,7,1,1
1735,Nicolo Savona,Juventus,2.3,5,3,3,2,0,3,4,75.0,1,1,0,1,2,7,1,0
1736,Saba Sazonov,Torino,0.0,0,0,0,0,0,0,0,0.0,0,1,1,0,0,0,0,0
1737,Joe Scally,Gladbach,3.0,3,2,2,1,0,1,2,50.0,1,2,1,1,0,3,5,1
1738,Kevin Schade,Brentford,2.3,6,5,2,1,3,3,3,100.0,0,0,0,0,0,6,2,0
1739,Andras Schafer,Union Berlin,1.9,4,1,1,2,1,3,5,60.0,2,4,1,3,2,6,4,0
1740,Fabian Schar,Newcastle Utd,1.3,0,0,0,0,0,0,0,0.0,0,0,0,0,1,1,8,0
1742,Patrik Schick,Leverkusen,0.2,1,1,0,1,0,0,0,0.0,0,0,0,0,0,1,0,0
1743,Joel Schingtienne,Venezia,1.0,4,4,3,1,0,1,1,100.0,0,1,0,1,1,5,1,0
1744,Keven Schlotterbeck,Augsburg,3.0,3,3,0,3,0,1,1,100.0,0,2,2,0,4,7,13,0
1745,Nico Schlotterbeck,Dortmund,1.8,9,6,5,4,0,7,7,100.0,0,3,0,3,2,11,8,0
1746,Jeffrey Schlupp,Crystal Palace,0.2,0,0,0,0,0,0,0,0.0,0,1,0,1,0,0,1,0
1747,Romano Schmid,Werder Bremen,3.0,2,1,1,1,0,1,6,16.7,5,3,0,3,0,2,3,0
1748,Niklas Schmidt,Toulouse,1.6,3,2,1,2,0,1,2,50.0,1,0,0,0,0,3,2,0
1749,Jan Schoppner,Heidenheim,3.0,6,2,1,4,1,3,5,60.0,2,5,1,4,5,11,16,0
1750,Marvin Schulz,Holstein Kiel,0.1,0,0,0,0,0,0,1,0.0,1,1,1,0,0,0,1,0
1751,Leo Scienza,Heidenheim,2.3,2,2,2,0,0,0,4,0.0,4,1,0,1,3,5,4,0
1752,Alex Scott,Bournemouth,1.5,13,6,7,3,3,9,11,81.8,2,5,1,4,3,16,4,0
1753,Simone Scuffet,Cagliari,4.0,0,0,0,0,0,0,1,0.0,1,0,0,0,0,0,4,1
1754,Jeremy Sebas,Strasbourg,0.2,1,0,0,1,0,1,1,100.0,0,0,0,0,0,1,0,0
1755,Aleksandar Sedlar,Alavés,2.9,10,6,3,7,0,5,5,100.0,0,0,0,0,6,16,3,0
1756,Alidu Seidu,Rennes,2.9,5,3,4,1,0,3,3,100.0,0,3,3,0,4,9,8,0
1757,Nicolas Seiwald,RB Leipzig,1.4,4,3,0,4,0,1,2,50.0,1,2,0,2,2,6,6,0
1758,Matz Sels,Nott'ham Forest,4.0,1,1,1,0,0,1,1,100.0,0,0,0,0,0,1,1,0
1759,Nelson Semedo,Wolves,1.7,6,3,3,2,1,2,7,28.6,5,1,0,1,0,6,7,0
1760,Antoine Semenyo,Bournemouth,4.0,4,3,1,1,2,0,5,0.0,5,8,2,6,0,4,2,0
1761,Marvin Senaya,Strasbourg,0.9,3,2,2,1,0,2,4,50.0,2,3,0,3,3,6,6,0
1762,Marcos Senesi,Bournemouth,2.8,9,5,9,0,0,3,6,50.0,3,6,4,2,3,12,13,0
1763,Suat Serdar,Hellas Verona,0.2,0,0,0,0,0,0,0,0.0,0,0,0,0,0,0,0,0
1764,Sergi,Leganés,5.0,7,6,4,3,0,3,3,100.0,0,4,1,3,7,14,27,0
1765,Benjamin Sesko,RB Leipzig,2.3,2,1,0,0,2,0,0,0.0,0,1,1,0,2,4,1,0
1766,Stephan El Shaarawy,Roma,0.7,0,0,0,0,0,0,1,0.0,1,0,0,0,2,2,1,0
1768,Eldor Shomurodov,Roma,0.4,0,0,0,0,0,0,1,0.0,1,0,0,0,0,0,0,0
1769,Diego Sia,Betis,0.7,0.0,1,0.0,0.0,0.0,0.0,0.0,0.0,0.0,0.0,0.0,0.0,0,0.0,0.0,0.0
1770,Djibril Sidibe,Toulouse,1.3,3,1,0,2,1,1,1,100.0,0,1,0,1,3,6,2,0
1771,Armindo Sieb,Mainz 05,0.8,0,0,0,0,0,0,1,0.0,1,0,0,0,0,0,1,0
1772,Vincent Sierro,Toulouse,3.2,8,4,2,5,1,4,5,80.0,1,4,0,4,4,12,3,0
1773,Tim Siersleben,Heidenheim,0.1,0,0,0,0,0,0,0,0.0,0,0,0,0,1,1,2,0
1774,Kiliann Sildillia,Freiburg,0.0,0,0,0,0,0,0,0,0.0,0,0,0,0,0,0,0,0
1775,Bernardo Silva,Manchester City,3.1,0,0,0,0,0,0,2,0.0,2,4,1,3,1,1,2,1
1776,Caio Henrique Oliveira Silva,Monaco,1.3,3,2,1,2,0,1,1,100.0,0,4,0,4,0,3,2,0
1777,Fabio Silva,Las Palmas,0.3,0,0,0,0,0,0,0,0.0,0,0,0,0,0,0,0,0
1778,Jota Silva,Nott'ham Forest,0.1,1,1,1,0,0,0,1,0.0,1,0,0,0,1,2,2,0
1779,Rui Silva,Betis,4.0,0,0,0,0,0,0,0,0.0,0,0,0,0,0,0,2,0
1780,Abdallah Sima,Brest,1.7,1,1,0,1,0,1,1,100.0,0,1,0,1,0,1,2,0
1781,Mohamed Simakan,RB Leipzig,0.6,0,0,0,0,0,0,0,0.0,0,0,0,0,2,2,0,0
1782,Giovanni Simeone,Napoli,1.3,0,0,0,0,0,0,1,0.0,1,1,0,1,1,1,1,0
1783,Giuliano Simeone,Atlético Madrid,0.2,0,0,0,0,0,0,0,0.0,0,1,1,0,0,0,1,0
1784,Moses Simon,Nantes,3.6,4,4,2,2,0,4,6,66.7,2,1,0,1,2,6,2,0
1785,Xavi Simons,RB Leipzig,3.0,1,0,0,1,0,1,1,100.0,0,3,1,2,1,2,0,0
1786,Lassine Sinayoko,Auxerre,3.7,8,5,4,1,3,3,6,50.0,3,3,0,3,2,10,11,0
1787,Wilfried Singo,Monaco,1.1,2,1,1,1,0,1,1,100.0,0,0,0,0,3,5,5,0
1788,Luis Sinisterra,Bournemouth,1.4,1,0,0,0,1,0,3,0.0,3,3,0,3,0,1,4,0
1789,Jailson Siqueira,Celta Vigo,4.3,4,4,4,0,0,3,3,100.0,0,5,3,2,8,12,15,1
1790,Ibrahim Sissoko,Saint-Étienne,2.9,5,4,0,3,2,1,2,50.0,1,1,0,1,0,5,6,0
1791,Ibrahima Sissoko,Bochum,2.9,9,6,3,5,1,3,5,60.0,2,2,2,0,3,12,8,0
1792,Antonio Sivera,Alavés,5.0,0,0,0,0,0,0,0,0.0,0,0,0,0,0,0,1,0
1794,Tim Skarke,Union Berlin,1.0,0,0,0,0,0,0,1,0.0,1,0,0,0,0,0,1,0
1795,Ellyes Skhiri,Eint Frankfurt,3.0,3,2,2,1,0,0,5,0.0,5,8,1,7,4,7,4,0
1796,Oliver Skipp,Leicester City,2.0,3,2,1,2,0,2,2,100.0,0,1,0,1,1,4,2,0
1797,Leo Skiri Ostigard,Rennes,3.0,10,8,8,2,0,8,8,100.0,0,3,3,0,3,13,16,0
1798,Lukasz Skorupski,Bologna,4.0,0,0,0,0,0,0,0,0.0,0,0,0,0,0,0,1,0
1799,Milan Skriniar,Paris S-G,1.0,2,2,1,1,0,1,1,100.0,0,1,1,0,1,3,2,0
1800,Naatan Skytta,Toulouse,0.1,1,0,0,0,1,0,0,0.0,0,0,0,0,0,1,0,0
1801,William Smallbone,Southampton,2.4,7,3,3,3,1,3,4,75.0,1,3,0,3,0,7,1,1
1802,Adam Smith,Bournemouth,1.7,4,2,2,1,1,2,4,50.0,2,1,0,1,3,7,7,0
1803,Eric Smith,St. Pauli,2.4,3,2,3,0,0,2,2,100.0,0,4,3,1,4,7,5,1
1804,Emile Smith Rowe,Fulham,3.0,6,6,2,3,1,1,2,50.0,1,5,0,5,4,10,1,0
1805,Simon Sohm,Parma,3.2,4,2,2,1,1,2,5,40.0,3,1,1,0,3,7,7,0
1806,Alex Sola,Getafe,3.4,4,3,1,3,0,2,7,28.6,5,3,0,3,0,4,2,0
1807,Dominic Solanke,Tottenham,2.0,4,3,1,3,0,0,0,0.0,0,1,0,1,0,4,0,0
1808,Ola Solbakken,Empoli,1.6,2,2,0,2,0,0,0,0.0,0,0,0,0,0,2,2,0
1809,Carlos Soler,West Ham,0.2,1,1,0,1,0,0,3,0.0,3,2,1,1,1,2,1,0
1810,Jhon Solis,Girona,2.1,3,3,1,2,0,2,7,28.6,5,7,1,6,1,4,4,0
1811,Yann Sommer,Inter,4.0,0,0,0,0,0,0,0,0.0,0,0,0,0,0,0,1,1
1812,David Soria,Getafe,4.0,0,0,0,0,0,0,0,0.0,0,0,0,0,0,0,0,0
1813,Juan Soriano,Leganés,5.0,1,1,1,0,0,1,1,100.0,0,0,0,0,0,1,2,0
1814,Borna Sosa,Torino,1.3,3,2,2,1,0,3,4,75.0,1,1,0,1,1,4,2,0
1815,Ramon Sosa,Nott'ham Forest,0.1,0,0,0,0,0,0,0,0.0,0,0,0,0,0,0,1,0
1816,Hugo Sotelo,Celta Vigo,0.9,2,2,1,0,1,0,1,0.0,1,1,0,1,0,2,0,0
1817,Florian Sotoca,Lens,3.9,4,2,0,1,3,3,4,75.0,1,5,1,4,1,5,10,0
1818,Riccardo Sottil,Fiorentina,0.6,0,0,0,0,0,0,0,0.0,0,1,0,1,0,0,0,0
1820,Tomas Soucek,West Ham,2.5,5,4,2,3,0,3,5,60.0,2,3,1,2,1,6,3,0
1821,Matias Soule,Roma,2.5,1,1,0,0,1,0,3,0.0,3,2,0,2,1,2,3,0
1822,Boubakary Soumare,Leicester City,0.1,0,0,0,0,0,0,0,0.0,0,0,0,0,0,0,0,0
1823,Issa Soumare,Le Havre,1.6,0,0,0,0,0,0,0,0.0,0,1,1,0,2,2,1,0
1824,Djibril Sow,Sevilla,3.3,5,3,2,3,0,0,3,0.0,3,1,0,1,3,8,4,0
1825,Saidou Sow,Strasbourg,3.8,5,3,4,1,0,3,4,75.0,1,5,3,2,4,9,13,0
1826,Djed Spence,Tottenham,0.2,1,1,1,0,0,1,1,100.0,0,0,0,0,0,1,0,0
1827,Leonardo Spinazzola,Napoli,1.9,1,1,0,1,0,0,1,0.0,1,3,1,2,0,1,2,1
1828,Anton Stach,Hoffenheim,3.0,10,8,6,4,0,4,6,66.7,2,5,2,3,2,12,23,0
1829,Jens Stage,Werder Bremen,3.0,4,4,2,2,0,1,4,25.0,3,7,2,5,4,8,6,0
1830,Jay Stansfield,Fulham,0.0,0,0,0,0,0,0,0,0.0,0,0,0,0,0,0,0,0
1831,Carl Starfelt,Celta Vigo,3.2,2,1,2,0,0,0,1,0.0,1,5,4,1,4,6,19,0
1832,Niklas Stark,Werder Bremen,2.5,7,4,2,4,1,3,4,75.0,1,2,2,0,3,10,15,0
1833,Lucas Stassin,Saint-Étienne,0.9,0,0,0,0,0,0,0,0.0,0,2,0,2,0,0,0,0
1834,Jason Steele,Brighton,2.0,0,0,0,0,0,0,0,0.0,0,0,0,0,0,0,1,0
1835,Orri Steinn Oskarsson,Real Sociedad,0.9,0,0,0,0,0,0,0,0.0,0,0,0,0,0,0,0,0
1836,Pascal Stenzel,Stuttgart,1.2,1,0,1,0,0,0,1,0.0,1,2,1,1,0,1,4,0
1837,Jack Stephens,Southampton,3.9,8,5,6,2,0,3,7,42.9,4,4,2,2,0,8,5,2
1838,Raheem Sterling,Arsenal,0.1,0,0,0,0,0,0,0,0.0,0,0,0,0,0,0,0,0
1839,Enzo Sternal,Marseille,0.1,0,0,0,0,0,0,0,0.0,0,0,0,0,0,0,0,0
1840,Ross Stewart,Southampton,0.3,0,0,0,0,0,0,1,0.0,1,1,0,1,0,0,0,0
1841,Angelo Stiller,Stuttgart,3.0,0,0,0,0,0,0,2,0.0,2,6,3,3,2,2,9,1
1842,Kevin Stoger,Gladbach,2.8,6,3,2,3,1,3,8,37.5,5,4,0,4,2,8,6,0
1843,Stoichkov,Alavés,3.2,6,4,2,4,0,2,3,66.7,1,1,0,1,1,7,4,0
1844,Petar Stojanovic,Empoli,0.0,0,0,0,0,0,0,0,0.0,0,0,0,0,0,0,0,0
1846,John Stones,Manchester City,1.4,1,1,0,1,0,0,0,0.0,0,1,0,1,1,2,4,1
1847,Jorgen Strand Larsen,Wolves,3.8,1,1,0,0,1,0,2,0.0,2,4,1,3,1,2,3,0
1848,Gabriel Strefezza,Como,3.9,8,5,4,2,2,2,8,25.0,6,2,1,1,1,9,0,0
1849,Cristhian Stuani,Girona,0.7,0,0,0,0,0,0,0,0.0,0,1,0,1,0,0,0,0
1850,Alex Suarez,Las Palmas,4.2,12,8,9,2,1,7,8,87.5,1,7,4,3,2,14,14,0
1851,Gabriel Suazo,Toulouse,2.0,3,2,2,0,1,2,5,40.0,3,2,0,2,0,3,1,0
1852,Luka Sucic,Real Sociedad,1.9,4,1,1,1,2,2,6,33.3,4,2,1,1,2,6,1,0
1853,Yukinari Sugawara,Southampton,3.3,7,6,4,2,1,4,4,100.0,0,4,2,2,3,10,11,0
1854,Niklas Sule,Dortmund,2.6,5,4,4,1,0,4,5,80.0,1,1,1,0,1,6,15,0
1855,Ibrahim Sulemana,Atalanta,0.0,0,0,0,0,0,0,0,0.0,0,0,0,0,0,0,0,0
1856,Crysencio Summerville,West Ham,0.8,0,0,0,0,0,0,1,0.0,1,3,1,2,0,0,1,0
1857,Tomas Suslov,Hellas Verona,2.0,8,4,2,5,1,1,3,33.3,2,9,0,9,0,8,1,0
1858,Zion Suzuki,Parma,2.8,0,0,0,0,0,0,0,0.0,0,0,0,0,0,0,4,0
1859,Mattias Svanberg,Wolfsburg,2.5,2,1,0,1,1,0,0,0.0,0,1,0,1,0,2,2,0
1860,Marin Sverko,Venezia,2.8,3,2,2,1,0,2,2,100.0,0,2,0,2,7,10,9,0
1861,Mile Svilar,Roma,4.0,0,0,0,0,0,0,0,0.0,0,0,0,0,0,0,0,0
1862,Michael Svoboda,Venezia,3.3,6,3,4,2,0,1,2,50.0,1,4,3,1,2,8,11,2
1863,Williot Swedberg,Celta Vigo,2.1,2,1,0,2,0,2,3,66.7,1,2,0,2,0,2,3,0
1864,Abakar Sylla,Strasbourg,3.5,11,6,7,2,2,6,7,85.7,1,8,6,2,4,15,12,0
1865,Issiaga Sylla,Montpellier,0.1,0,0,0,0,0,0,0,0.0,0,0,0,0,0,0,0,0
1866,Mamadou Sylla,Valladolid,1.9,0,0,0,0,0,0,0,0.0,0,1,0,1,0,0,1,0
1867,Sammie Szmodics,Ipswich Town,2.5,2,1,1,1,0,0,1,0.0,1,2,0,2,3,5,2,0
1868,Dominik Szoboszlai,Liverpool,4.0,4,0,1,2,1,1,1,100.0,0,9,1,8,1,5,2,0
1869,Alexander Sorloth,Atlético Madrid,2.3,1,0,0,0,1,0,0,0.0,0,1,0,1,0,1,3,0
1870,Musa Al-Taamari,Montpellier,1.9,3,1,1,0,2,1,1,100.0,0,0,0,0,1,4,0,0
1872,Haris Tabakovic,Hoffenheim,0.1,0,0,0,0,0,0,0,0.0,0,0,0,0,0,0,0,0
1873,Jonathan Tah,Leverkusen,3.0,3,2,2,1,0,2,2,100.0,0,3,2,1,3,6,9,0
1874,Adrien Tameze,Torino,1.4,1,0,0,1,0,0,1,0.0,1,2,2,0,6,7,3,1
1875,Renato Tapia,Leganés,1.3,4,2,1,3,0,0,2,0.0,2,2,0,2,0,4,6,0
1876,Edmond Tapsoba,Leverkusen,2.9,8,7,3,4,1,2,3,66.7,1,0,0,0,1,9,9,0
1877,Florian Tardieu,Saint-Étienne,1.8,1,1,1,0,0,0,2,0.0,2,3,1,2,3,4,2,0
1878,Mehdi Taremi,Inter,1.7,1,1,0,1,0,0,0,0.0,0,2,0,2,0,1,3,0
1879,Oussama Targhalline,Le Havre,1.8,2,2,0,0,2,0,2,0.0,2,4,1,3,3,5,2,0
1880,James Tarkowski,Everton,4.0,13,8,8,4,1,8,12,66.7,4,7,4,3,7,20,8,0
1881,Cesar Tarrega,Valencia,3.0,4,4,2,2,0,2,4,50.0,2,3,3,0,3,7,14,0
1882,Nuno Tavares,Lazio,2.0,3,3,3,0,0,1,4,25.0,3,1,0,1,0,3,5,0
1883,Marcus Tavernier,Bournemouth,3.8,9,5,2,4,3,3,4,75.0,1,3,0,3,0,9,3,0
1884,Charlie Taylor,Southampton,0.2,0,0,0,0,0,0,0,0.0,0,0,0,0,0,0,0,0
1885,Jack Taylor,Ipswich Town,0.5,0,0,0,0,0,0,1,0.0,1,0,0,0,1,1,6,0
1886,Loum Tchaouna,Lazio,1.0,1,1,0,0,1,0,1,0.0,1,1,0,1,1,2,1,0
1887,Jackson Tchatchoua,Hellas Verona,4.0,7,3,7,0,0,6,7,85.7,1,6,4,2,4,11,7,0
1888,Enzo Tchato,Montpellier,3.9,7,4,3,3,1,5,11,45.5,6,2,0,2,1,8,13,0
1889,Aurelien Tchouameni,Real Madrid,3.7,11,5,4,6,1,5,10,50.0,5,4,3,1,9,20,7,0
1890,Alvaro Tejero,Espanyol,2.7,2,0,1,1,0,1,6,16.7,5,5,0,5,1,3,9,0
1891,Martin Tejon,Valencia,0.5,2,0,0,2,0,1,2,50.0,1,0,0,0,0,2,0,0
1892,Mathys Tel,Bayern Munich,0.8,0,0,0,0,0,0,0,0.0,0,0,0,0,1,1,0,0
1893,Nathan Tella,Leverkusen,0.8,0,0,0,0,0,0,1,0.0,1,1,0,1,0,0,1,0
1894,Nahuel Tenaglia,Alavés,4.0,7,4,7,0,0,3,7,42.9,4,1,1,0,6,13,15,0
1895,Casper Tengstedt,Hellas Verona,3.0,1,0,0,1,0,0,0,0.0,0,1,0,1,1,2,8,0
1896,Marc-Andre ter Stegen,Barcelona,5.0,0,0,0,0,0,0,1,0.0,1,0,0,0,0,0,2,2
1898,Filippo Terracciano,Milan,1.0,2,2,1,0,1,1,3,33.3,2,0,0,0,2,4,1,0
1899,Pietro Terracciano,Fiorentina,3.0,0,0,0,0,0,0,0,0.0,0,0,0,0,0,0,0,0
1900,Ramon Terrats,Villarreal,0.3,1,1,1,0,0,0,0,0.0,0,2,1,1,0,1,2,0
1901,Martin Terrier,Leverkusen,1.9,1,0,0,0,1,0,1,0.0,1,1,0,1,1,2,0,0
1902,Tanner Tessmann,Lyon,0.1,0,0,0,0,0,0,0,0.0,0,0,0,0,1,1,1,0
1903,Kenny Tete,Fulham,4.0,11,6,4,2,5,5,10,50.0,5,6,1,5,10,21,3,0
1904,Teddy Teuma,Reims,0.9,2,1,0,2,0,2,4,50.0,2,1,0,1,1,3,2,0
1905,Jordan Teze,Monaco,0.8,3,2,1,1,1,0,0,0.0,0,2,0,2,1,4,0,0
1906,Florian Thauvin,Udinese,3.4,4,4,3,0,1,3,6,50.0,3,2,0,2,1,5,2,0
1907,Arthur Theate,Eint Frankfurt,2.8,3,1,0,3,0,1,3,33.3,2,6,5,1,2,5,18,0
1908,Malick Thiaw,Milan,1.0,1,1,0,1,0,0,0,0.0,0,0,0,0,1,2,1,0
1909,Sorba Thomas,Nantes,2.9,4,2,2,2,0,2,4,50.0,2,4,0,4,1,5,3,0
1910,Adrien Thomasson,Lens,3.6,13,6,8,2,3,9,14,64.3,5,8,0,8,6,19,10,0
1911,Morten Thorsby,Genoa,1.4,2,1,1,0,1,0,1,0.0,1,2,0,2,1,3,2,0
1912,Khephren Thuram,Juventus,1.0,0,0,0,0,0,0,0,0.0,0,1,0,1,2,2,0,0
1913,Marcus Thuram,Inter,3.5,3,2,2,0,1,1,2,50.0,1,2,0,2,1,4,2,0
1914,Youri Tielemans,Aston Villa,4.0,13,9,5,7,1,7,9,77.8,2,4,1,3,3,16,3,0
1915,Phillip Tietz,Augsburg,1.7,1,1,0,1,0,0,0,0.0,0,1,0,1,0,1,3,0
1916,Jurrien Timber,Arsenal,3.0,6,5,3,2,1,2,3,66.7,1,3,2,1,2,8,7,1
1917,Jean-Clair Todibo,West Ham,0.1,1,0,1,0,0,0,0,0.0,0,0,0,0,0,1,2,0
1918,Harry Toffolo,Nott'ham Forest,0.4,2,0,1,0,1,0,0,0.0,0,0,0,0,0,2,3,0
1919,Umut Tohumcu,Hoffenheim,0.0,0,0,0,0,0,0,0,0.0,0,0,0,0,0,0,1,0
1920,Corentin Tolisso,Lyon,1.9,2,2,0,0,2,1,3,33.3,2,7,0,7,0,2,2,0
1921,Rafael Toloi,Atalanta,0.4,1,1,1,0,0,1,1,100.0,0,0,0,0,0,1,0,0
1922,Tiago Tomas,Wolfsburg,2.6,6,4,5,0,1,3,9,33.3,6,2,0,2,4,10,4,0
1924,Fikayo Tomori,Milan,3.0,5,4,3,1,1,2,4,50.0,2,3,3,0,5,10,7,0
1925,Sandro Tonali,Newcastle Utd,0.8,2,2,0,2,0,0,1,0.0,1,0,0,0,3,5,2,1
1926,Pablo Torre,Barcelona,0.1,0,0,0,0,0,0,0,0.0,0,0,0,0,0,0,0,0
1927,David Torres,Valladolid,0.1,0,0,0,0,0,0,0,0.0,0,0,0,0,0,0,2,0
1928,Ferran Torres,Barcelona,2.3,1,0,0,0,1,0,0,0.0,0,1,0,1,0,1,0,0
1929,Pau Torres,Aston Villa,4.0,5,4,3,2,0,2,2,100.0,0,4,2,2,3,8,11,0
1930,Lucas Torro,Osasuna,4.9,10,4,5,5,0,5,10,50.0,5,7,1,6,10,20,12,1
1931,Abdoulaye Toure,Le Havre,3.3,6,4,5,1,0,3,3,100.0,0,5,4,1,3,9,4,0
1932,Lucas Tousart,Union Berlin,1.4,1,1,0,1,0,0,2,0.0,2,3,1,2,1,2,2,0
1933,Adama Traore,Fulham,3.6,4,2,2,1,1,0,2,0.0,2,3,0,3,1,5,0,0
1934,Hamari Traore,Real Sociedad,3.5,11,7,7,3,1,9,12,75.0,3,1,1,0,3,14,11,0
1935,Omar Traore,Heidenheim,3.0,8,3,7,1,0,7,8,87.5,1,1,1,0,1,9,7,0
1936,Kevin Trapp,Eint Frankfurt,2.5,0,0,0,0,0,0,0,0.0,0,0,0,0,0,0,0,0
1937,Mark Travers,Bournemouth,1.0,0,0,0,0,0,0,0,0.0,0,0,0,0,0,0,1,0
1938,Oscar Trejo,Rayo Vallecano,1.3,2,2,0,2,0,2,2,100.0,0,1,0,1,1,3,0,0
1939,Philipp Treu,St. Pauli,3.0,5,1,3,1,1,1,3,33.3,2,8,0,8,0,5,6,0
1940,Christopher Trimmel,Union Berlin,0.8,1,1,1,0,0,0,0,0.0,0,0,0,0,0,1,2,0
1941,Kieran Trippier,Newcastle Utd,0.7,2,1,0,2,0,1,1,100.0,0,0,0,0,0,2,2,0
1942,Leandro Trossard,Arsenal,1.9,5,4,2,3,0,3,6,50.0,3,2,0,2,2,7,0,0
1943,Adrien Truffert,Rennes,2.6,5,1,1,3,1,4,6,66.7,2,2,0,2,0,5,3,0
1944,Kostas Tsimikas,Liverpool,0.4,2,2,0,1,1,1,2,50.0,1,2,0,2,1,3,0,0
1945,Viktor Tsyhankov,Girona,2.9,2,1,0,1,1,2,4,50.0,2,0,0,0,0,2,0,0
1946,Axel Tuanzebe,Ipswich Town,3.8,10,7,8,0,2,5,8,62.5,3,4,2,2,5,15,19,0
1947,Stefano Turati,Monza,2.0,0,0,0,0,0,0,0,0.0,0,0,0,0,0,0,2,0
1948,Benat Turrientes,Real Sociedad,3.4,9,3,3,5,1,3,4,75.0,1,4,1,3,1,10,5,0
1950,Tuta,Eint Frankfurt,3.0,9,6,7,2,0,6,8,75.0,2,6,4,2,4,13,20,0
1951,Chrisantus Uche,Getafe,3.9,5,2,1,2,2,1,1,100.0,0,3,0,3,0,5,0,0
1952,Destiny Udogie,Tottenham,3.8,10,8,6,2,2,6,8,75.0,2,5,1,4,0,10,5,0
1953,Manuel Ugarte Ribeiro,Manchester Utd,0.2,2,2,0,1,1,0,0,0.0,0,0,0,0,0,2,0,0
1954,Lesley Ugochukwu,Southampton,0.7,2,1,0,2,0,0,3,0.0,3,2,1,1,0,2,0,0
1955,Enes Unal,Bournemouth,0.1,0,0,0,0,0,0,0,0.0,0,1,0,1,0,0,0,0
1956,Deniz Undav,Stuttgart,2.2,2,2,0,1,1,0,0,0.0,0,0,0,0,0,2,0,0
1957,Dayot Upamecano,Bayern Munich,3.0,5,3,1,3,1,3,5,60.0,2,2,1,1,3,8,5,0
1958,Kacper Urbanski,Bologna,0.1,0,0,0,0,0,0,0,0.0,0,1,0,1,0,0,0,0
1959,Can Uzun,Eint Frankfurt,0.3,2,1,1,0,1,1,1,100.0,0,0,0,0,0,2,0,0
1960,Josha Vagnoman,Stuttgart,1.2,3,1,2,1,0,0,0,0.0,0,2,1,1,1,4,3,0
1961,Oscar Valentin,Rayo Vallecano,4.7,8,8,2,6,0,4,10,40.0,6,3,0,3,9,17,12,0
1962,German Valera,Valencia,0.1,0,0,0,0,0,0,0,0.0,0,0,0,0,0,0,1,0
1963,Emanuele Valeri,Parma,2.1,3,1,1,1,1,3,4,75.0,1,0,0,0,2,5,5,0
1964,Martin Valjent,Mallorca,5.0,4,2,4,0,0,1,1,100.0,0,5,1,4,4,8,31,0
1965,Federico Valverde,Real Madrid,5.0,11,7,4,7,0,6,10,60.0,4,5,0,5,5,16,7,0
1966,Ignace Van Der Brempt,Como,0.5,3,3,3,0,0,2,2,100.0,0,1,1,0,0,3,1,0
1967,Virgil van Dijk,Liverpool,4.0,3,1,3,0,0,1,2,50.0,1,1,0,1,11,14,25,1
1968,Vanderson,Monaco,3.2,12,9,7,3,2,7,9,77.8,2,4,2,2,4,16,9,0
1969,Jamie Vardy,Leicester City,3.6,1,1,1,0,0,0,2,0.0,2,1,0,1,1,2,2,0
1970,Ruben Vargas,Augsburg,1.2,2,1,1,1,0,1,3,33.3,2,1,0,1,1,3,0,1
1971,Nikola Vasilj,St. Pauli,3.0,0,0,0,0,0,0,0,0.0,0,0,0,0,0,0,0,0
1972,Devis Vasquez,Empoli,4.0,0,0,0,0,0,0,0,0.0,0,0,0,0,0,0,3,0
1973,Johan Vasquez,Genoa,3.3,0,0,0,0,0,0,1,0.0,1,5,3,2,3,3,11,0
1974,Jose Luis Garcia Vaya,Valencia,4.9,10,5,5,4,1,2,5,40.0,3,2,1,1,2,12,8,0
1976,Jesus Vazquez,Valencia,3.8,11,9,5,4,2,4,8,50.0,4,6,2,4,0,11,7,0
1977,Lucas Vazquez,Real Madrid,1.0,2,2,1,1,0,1,4,25.0,3,1,0,1,0,2,0,0
1978,Matias Vecino,Lazio,1.4,2,2,1,1,0,2,7,28.6,5,2,0,2,1,3,1,0
1979,Renato Veiga,Chelsea,1.2,3,2,0,3,0,1,4,25.0,3,3,1,2,1,4,0,0
1980,Alejo Veliz,Espanyol,4.1,1,1,0,1,0,1,1,100.0,0,8,2,6,1,2,9,0
1981,Milos Veljkovic,Werder Bremen,1.0,0,0,0,0,0,0,1,0.0,1,1,1,0,0,0,2,0
1982,Joel Veltman,Brighton,3.8,11,8,5,5,1,8,14,57.1,6,3,2,1,4,15,10,0
1983,Micky van de Ven,Tottenham,3.0,1,0,0,1,0,0,0,0.0,0,2,1,1,4,5,10,0
1984,Nikolas Veratschnig,Mainz 05,0.0,0,0,0,0,0,0,0,0.0,0,0,0,0,0,0,0,0
1985,Bart Verbruggen,Brighton,2.0,0,0,0,0,0,0,0,0.0,0,0,0,0,0,0,0,0
1986,Simone Verdi,Como,0.3,0,0,0,0,0,0,1,0.0,1,0,0,0,0,0,0,0
1987,Jordan Veretout,Lyon,0.3,1,0,0,0,1,0,0,0.0,0,1,0,1,0,1,0,0
1988,Arthur Vermeeren,RB Leipzig,0.3,0,0,0,0,0,0,1,0.0,1,1,1,0,1,1,1,0
1989,Yorbe Vertessen,Union Berlin,1.4,2,1,1,1,0,0,0,0.0,0,1,0,1,0,2,1,0
1990,Mikel Vesga,Athletic Club,2.2,4,2,2,2,0,2,7,28.6,5,4,0,4,2,6,4,0
1991,Jannik Vestergaard,Leicester City,2.0,2,1,0,2,0,0,0,0.0,0,2,0,2,2,4,17,0
1992,Ben Viadere,Auxerre,0.1,0,0,0,0,0,0,0,0.0,0,0,0,0,0,0,0,0
1993,Guglielmo Vicario,Tottenham,4.0,0,0,0,0,0,0,0,0.0,0,0,0,0,0,0,1,0
1994,Carlos Vicente,Alavés,4.9,6,5,4,1,1,3,3,100.0,0,2,0,2,3,9,3,0
1995,Pau Victor Delgado,Barcelona,0.3,1,1,0,1,0,0,1,0.0,1,4,1,3,0,1,1,0
1996,Nacho Vidal,Osasuna,1.1,2,0,0,1,1,1,2,50.0,1,1,0,1,0,2,3,0
1997,Samuele Vignato,Monza,1.2,3,1,0,2,1,2,3,66.7,1,0,0,0,0,3,1,0
1998,Asier Villalibre,Alavés,1.0,0,0,0,0,0,0,0,0.0,0,1,0,1,0,0,1,0
1999,Ivan Villar,Celta Vigo,4.0,0,0,0,0,0,0,0,0.0,0,0,0,0,0,0,3,0
2000,Nicolas Viola,Cagliari,0.3,0,0,0,0,0,0,2,0.0,2,0,0,0,0,0,0,0
2002,Viti,Las Palmas,1.2,2,0,0,2,0,1,1,100.0,0,1,0,1,2,4,2,0
2003,Mattia Viti,Empoli,4.0,17,14,11,5,1,9,12,75.0,3,5,2,3,2,19,18,0
2004,Vitinha,Genoa,2.8,3,0,0,0,3,0,4,0.0,4,4,1,3,1,4,3,0
2005,Vitinha,Paris S-G,3.0,6,2,2,4,0,3,5,60.0,2,2,1,1,1,7,3,1
2006,Daniel Vivian,Athletic Club,4.1,6,3,3,3,0,5,6,83.3,1,6,3,3,6,12,26,0
2007,Dusan Vlahovic,Juventus,3.9,0,0,0,0,0,0,0,0.0,0,1,1,0,0,0,4,0
2008,Alessandro Vogliacco,Genoa,2.7,7,2,2,5,0,4,5,80.0,1,3,2,1,5,12,9,0
2009,Kevin Vogt,Union Berlin,2.9,1,1,0,1,0,0,2,0.0,2,2,0,2,1,2,10,0
2010,Mergim Vojvoda,Torino,2.9,2,1,0,0,2,0,2,0.0,2,5,2,3,2,4,6,0
2011,Aster Vranckx,Wolfsburg,0.2,1,1,1,0,0,0,0,0.0,0,0,0,0,0,1,0,0
2012,Stefan de Vrij,Inter,1.0,0,0,0,0,0,0,2,0.0,2,0,0,0,0,0,1,0
2013,Ibrahima Wadji,Saint-Étienne,0.5,1,1,0,1,0,1,2,50.0,1,0,0,0,0,1,0,0
2014,Robert Wagner,St. Pauli,2.0,6,2,1,5,0,2,6,33.3,4,5,0,5,0,6,3,0
2015,Elye Wahi,Marseille,2.3,0,0,0,0,0,0,1,0.0,1,0,0,0,1,1,0,0
2016,Hauke Wahl,St. Pauli,3.0,4,2,1,3,0,2,3,66.7,1,0,0,0,3,7,12,0
2017,Kyle Walker,Manchester City,1.0,2,1,1,0,1,2,5,40.0,3,0,0,0,0,2,0,0
2018,Kyle Walker-Peters,Southampton,3.9,6,4,3,2,1,3,5,60.0,2,3,0,3,3,9,8,0
2019,Christian Walton,Ipswich Town,1.0,0,0,0,0,0,0,1,0.0,1,0,0,0,0,0,0,0
2020,Sebastian Walukiewicz,Torino,0.8,2,0,1,0,1,1,2,50.0,1,1,0,1,3,5,6,0
2021,Sebastian Walukiewicz,Empoli,2.0,1,0,1,0,0,0,1,0.0,1,3,3,0,1,2,15,0
2022,Aaron Wan-Bissaka,West Ham,2.3,5,4,2,3,0,3,3,100.0,0,1,0,1,5,10,6,0
2023,Paul Wanner,Heidenheim,2.4,8,4,1,7,0,3,6,50.0,3,1,0,1,0,8,3,0
2024,James Ward-Prowse,West Ham,0.2,1,0,1,0,0,1,1,100.0,0,1,0,1,0,1,0,0
2025,James Ward-Prowse,Nott'ham Forest,1.0,1,0,0,1,0,1,1,100.0,0,0,0,0,4,5,1,0
2026,Ollie Watkins,Aston Villa,3.0,1,0,0,1,0,0,2,0.0,2,4,0,4,0,1,0,0
2028,Timothy Weah,Juventus,0.8,2,1,0,0,2,1,1,100.0,0,1,0,1,1,3,0,0
2029,Adam Webster,Brighton,0.2,0,0,0,0,0,0,0,0.0,0,0,0,0,0,0,1,0
2030,Julian Weigl,Gladbach,2.8,3,1,1,1,1,2,3,66.7,1,4,2,2,9,12,7,0
2031,Timon Weiner,Holstein Kiel,3.0,0,0,0,0,0,0,0,0.0,0,0,0,0,0,0,2,0
2032,Nelson Weiper,Mainz 05,0.1,0,0,0,0,0,0,0,0.0,0,1,0,1,0,0,0,0
2033,Mitchell Weiser,Werder Bremen,3.0,7,5,2,5,0,2,6,33.3,4,1,0,1,1,8,7,0
2034,Danny Welbeck,Brighton,3.7,5,3,2,2,1,0,1,0.0,1,4,1,3,2,7,0,0
2035,Timo Werner,Tottenham,0.5,2,2,1,1,0,1,2,50.0,1,1,1,0,0,2,1,0
2036,Adam Wharton,Crystal Palace,3.8,11,7,4,7,0,7,21,33.3,14,2,0,2,5,16,6,0
2037,Ben White,Arsenal,4.0,6,4,4,1,1,6,12,50.0,6,2,1,1,5,11,11,0
2038,Silvan Widmer,Mainz 05,0.3,0,0,0,0,0,0,0,0.0,0,0,0,0,0,0,1,0
2039,Mats Wieffer,Brighton,1.0,4,3,1,2,1,1,1,100.0,0,1,0,1,0,4,2,0
2040,Mateusz Wieteska,Cagliari,1.0,1,0,0,1,0,1,1,100.0,0,2,1,1,6,7,4,0
2041,Caleb Wiley,Strasbourg,2.4,0,0,0,0,0,0,0,0.0,0,3,1,2,1,1,3,0
2042,Inaki Williams,Athletic Club,4.6,2,0,1,0,1,1,3,33.3,2,5,1,4,1,3,6,0
2043,Neco Williams,Nott'ham Forest,3.1,10,7,8,2,0,4,9,44.4,5,5,1,4,4,14,12,0
2044,Nico Williams,Athletic Club,3.4,7,4,2,4,1,4,5,80.0,1,0,0,0,1,8,0,0
2045,Joe Willock,Newcastle Utd,0.7,3,1,1,2,0,2,2,100.0,0,0,0,0,0,3,1,0
2046,Harry Wilson,Fulham,0.4,0,0,0,0,0,0,1,0.0,1,0,0,0,0,0,0,0
2047,Patrick Wimmer,Wolfsburg,2.6,3,3,1,2,0,2,4,50.0,2,3,0,3,1,4,1,0
2048,Jonas Wind,Wolfsburg,0.5,0,0,0,0,0,0,0,0.0,0,0,0,0,0,0,0,0
2049,Harry Winks,Leicester City,4.0,7,4,3,2,2,3,8,37.5,5,5,1,4,3,10,4,0
2050,Florian Wirtz,Leverkusen,3.0,5,3,2,2,1,1,2,50.0,1,2,1,1,2,7,0,0
2051,Yoane Wissa,Brentford,3.2,1,1,0,0,1,0,1,0.0,1,2,0,2,2,3,2,0
2052,Dani de Wit,Bochum,2.0,3,2,2,1,0,2,5,40.0,3,3,0,3,3,6,5,0
2054,Axel Witsel,Atlético Madrid,1.5,1,1,1,0,0,1,2,50.0,1,1,1,0,1,2,2,0
2055,Maximilian Wittek,Bochum,3.0,3,2,1,2,0,3,8,37.5,5,11,3,8,6,9,10,0
2056,Marius Wolf,Augsburg,1.3,2,0,0,1,1,0,2,0.0,2,3,0,3,0,2,4,0
2057,Nick Woltemade,Stuttgart,0.1,0,0,0,0,0,0,0,0.0,0,0,0,0,0,0,0,0
2058,Jeong Woo-yeong,Union Berlin,0.3,0,0,0,0,0,0,0,0.0,0,0,0,0,1,1,0,0
2059,Chris Wood,Nott'ham Forest,3.5,0,0,0,0,0,0,0,0.0,0,0,0,0,2,2,1,0
2060,Christopher Wooh,Rennes,4.0,7,3,2,4,1,1,1,100.0,0,6,3,3,5,12,19,0
2061,Luke Woolfenden,Ipswich Town,3.0,0,0,0,0,0,0,1,0.0,1,8,3,5,6,6,20,0
2062,Granit Xhaka,Leverkusen,3.0,2,2,1,0,1,2,2,100.0,0,3,2,1,1,3,3,0
2063,Lamine Yamal,Barcelona,4.9,14,11,2,5,7,2,4,50.0,2,2,0,2,1,15,0,0
2064,Yehor Yarmoliuk,Brentford,0.1,0,0,0,0,0,0,1,0.0,1,0,0,0,0,0,0,0
2065,Ryan Yates,Nott'ham Forest,2.5,3,3,2,1,0,1,3,33.3,2,2,0,2,0,3,9,1
2066,John Yeboah,Venezia,0.3,1,1,0,1,0,0,0,0.0,0,0,0,0,0,1,0,0
2067,Bertug Yildirim,Getafe,1.9,3,1,0,2,1,0,0,0.0,0,0,0,0,0,3,2,0
2068,Kenan Yildiz,Juventus,3.7,6,2,0,5,1,1,2,50.0,1,3,0,3,1,7,2,0
2069,Ashley Young,Everton,1.7,7,3,3,3,1,3,4,75.0,1,1,0,1,2,9,7,0
2070,Etienne Youte Kinkoue,Le Havre,2.0,2,1,1,1,0,2,3,66.7,1,1,1,0,3,5,6,0
2071,Illia Zabarnyi,Bournemouth,4.0,3,1,2,1,0,2,4,50.0,2,4,0,4,5,8,23,0
2072,Mattia Zaccagni,Lazio,3.7,5,3,1,3,1,3,4,75.0,1,3,0,3,2,7,0,0
2073,Dan-Axel Zagadou,Stuttgart,0.1,0,0,0,0,0,0,0,0.0,0,0,0,0,0,0,0,0
2074,Yoram Zague,Paris S-G,0.8,3,2,1,1,1,2,2,100.0,0,1,0,1,0,3,1,0
2075,Warren Zaire-Emery,Paris S-G,2.9,6,1,1,4,1,2,4,50.0,2,1,0,1,1,7,5,0
2076,Miha Zajc,Toulouse,0.1,0,0,0,0,0,0,0,0.0,0,0,0,0,0,0,0,0
2077,Denis Zakaria,Monaco,3.8,4,4,1,2,1,2,4,50.0,2,3,2,1,6,10,9,0
2078,Nicola Zalewski,Roma,1.6,3,2,0,1,2,1,2,50.0,1,1,0,1,0,3,1,0
2080,Andre-Frank Zambo Anguissa,Napoli,4.0,8,4,2,5,1,4,5,80.0,1,3,0,3,7,15,2,0
2081,Francesco Zampano,Venezia,4.0,9,6,5,3,1,2,6,33.3,4,1,0,1,4,13,7,2
2082,Nicolo Zaniolo,Atalanta,0.2,0,0,0,0,0,0,0,0.0,0,0,0,0,0,0,0,0
2083,Alessandro Zanoli,Genoa,1.1,0,0,0,0,0,0,0,0.0,0,1,0,1,0,0,3,0
2084,Duvan Zapata,Torino,3.6,4,2,1,0,3,0,2,0.0,2,1,1,0,1,5,1,0
2085,Gabriele Zappa,Cagliari,3.5,6,3,2,4,0,3,3,100.0,0,8,6,2,2,8,11,0
2086,Davide Zappacosta,Atalanta,2.9,2,2,2,0,0,2,6,33.3,4,2,0,2,0,2,2,0
2087,Bryan Zaragoza,Osasuna,3.7,4,3,2,1,1,1,4,25.0,3,4,0,4,0,4,0,0
2088,Anass Zaroury,Lens,1.2,1,1,0,0,1,0,2,0.0,2,0,0,0,0,1,0,0
2089,Oier Zarraga,Udinese,0.4,1,0,0,1,0,0,1,0.0,1,0,0,0,0,1,0,0
2090,Jordan Zemura,Udinese,1.1,2,0,1,0,1,0,1,0.0,1,4,1,3,2,4,2,0
2091,Robin Zentner,Mainz 05,3.0,0,0,0,0,0,0,0,0.0,0,0,0,0,0,0,7,1
2092,Kevin Zeroli,Milan,0.1,1,1,0,1,0,0,0,0.0,0,0,0,0,0,1,0,0
2093,Cedric Zesiger,Wolfsburg,3.0,8,4,2,4,2,3,7,42.9,4,2,2,0,2,10,16,0
2094,Michael Zetterer,Werder Bremen,3.0,0,0,0,0,0,0,0,0.0,0,0,0,0,0,0,0,1
2095,Nathan Zeze,Nantes,3.0,4,3,0,4,0,2,2,100.0,0,4,2,2,7,11,28,0
2096,Edon Zhegrova,Lille,2.0,1,1,1,0,0,1,2,50.0,1,2,0,2,1,2,0,0
2097,Piotr Zielinski,Inter,0.4,2,2,0,1,1,1,2,50.0,1,0,0,0,0,2,0,0
2098,Oleksandr Zinchenko,Arsenal,0.9,0,0,0,0,0,0,0,0.0,0,1,0,1,2,2,2,0
2099,Joshua Zirkzee,Manchester Utd,2.8,1,0,1,0,0,1,1,100.0,0,5,1,4,1,2,0,0
2100,Luc Zogbe,Brest,0.3,3,3,1,1,1,1,2,50.0,1,0,0,0,1,4,1,0
2101,Nadir Zortea,Cagliari,0.4,0,0,0,0,0,0,0,0.0,0,1,0,1,0,0,0,0
2102,Aristide Zossou,Auxerre,0.1,0,0,0,0,0,0,0,0.0,0,0,0,0,0,0,0,0
2103,Yanis Zouaoui,Le Havre,0.8,0,0,0,0,0,0,0,0.0,0,0,0,0,0,0,1,0
2104,Igor Zubeldia,Real Sociedad,3.4,3,2,2,0,1,2,4,50.0,2,5,4,1,5,8,11,1
2106,Martin Zubimendi,Real Sociedad,5.5,7,4,4,3,0,2,4,50.0,2,7,3,4,9,16,13,0
2107,Martin Odegaard,Arsenal,2.8,5,3,1,3,1,1,4,25.0,3,0,0,0,1,6,0,0
2108,Milan Duric,Monza,2.0,0,0,0,0,0,0,0,0.0,0,0,0,0,0,0,4,0
