,Player,Squad,90s,Tackles - Tkl,Tackles - TklW,Tackles - Def 3rd,Tackles - Mid 3rd,Tackles - Att 3rd,Challenges - Tkl,Challenges - Att,Challenges - Tkl%,Challenges - Lost,Blocks - Blocks,Blocks - Sh,Blocks - Pass,Int,Tkl+Int,Clr,Err
0,Max Aarons,Bournemouth,0.2,0,0,0,0,0,0,0,0.0,0,0,0,0,0,0,0,0
1,Rodrigo Abajas,Valencia,0.7,3,2,2,1,0,3,3,100.0,0,1,0,1,1,4,0,0
2,James Abankwah,Udinese,0.2,0,0,0,0,0,0,0,0.0,0,0,0,0,1,1,2,0
3,Keyliane Abdallah,Marseille,0.0,1,1,1,0,0,1,1,100.0,0,0,0,0,0,1,0,0
4,Yunis Abdelhamid,Saint-Étienne,8.4,13,9,11,2,0,7,13,53.8,6,18,12,6,9,22,42,1
5,Himad Abdelli,Angers,12.8,22,16,7,8,7,8,22,36.4,14,8,0,8,9,31,11,0
6,Mohamed Abdelmoneim,Nice,5.8,15,11,9,5,1,10,17,58.8,7,6,3,3,13,28,33,1
7,Ali Abdi,Nice,6.5,16,10,7,4,5,14,21,66.7,7,13,3,10,3,19,13,0
8,Saud Abdulhamid,Roma,0.1,0,0,0,0,0,0,0,0.0,0,0,0,0,0,0,0,0
9,Abel,Osasuna,9.4,22,16,11,7,4,13,23,56.5,10,14,2,12,10,32,30,0
10,Nabil Aberdin,Getafe,2.9,6,4,3,3,0,1,1,100.0,0,3,0,3,0,6,5,0
11,Oliver Abildgaard,Como,0.1,0,0,0,0,0,0,0,0.0,0,1,0,1,0,0,0,0
12,Matthis Abline,Nantes,10.6,6,3,2,2,2,1,6,16.7,5,2,0,2,2,8,18,1
13,Abner,Lyon,7.2,16,11,6,7,3,11,15,73.3,4,10,1,9,5,21,22,0
14,Zakaria Aboukhlal,Toulouse,11.1,11,6,5,3,3,4,12,33.3,8,7,0,7,4,15,4,0
15,Abdel Abqar,Alavés,12.5,19,13,12,7,0,9,15,60.0,6,13,8,5,23,42,55,0
16,Tammy Abraham,Roma,0.0,0,0,0,0,0,0,1,0.0,1,0,0,0,0,0,0,0
17,Tammy Abraham,Milan,4.3,5,2,0,5,0,0,0,0.0,0,3,0,3,2,7,3,0
18,Federico Accornero,Genoa,0.1,0,0,0,0,0,0,0,0.0,0,0,0,0,0,0,0,0
19,Francesco Acerbi,Inter,7.4,6,4,5,1,0,2,3,66.7,1,6,6,0,15,21,28,0
20,Akor Adams,Montpellier,9.2,3,2,1,1,1,2,3,66.7,1,2,1,1,1,4,3,1
21,Che Adams,Torino,9.5,6,3,1,3,2,0,1,0.0,1,5,3,2,1,7,2,0
22,Tyler Adams,Bournemouth,2.8,13,8,3,9,1,6,8,75.0,2,4,2,2,11,24,7,0
23,Junior Adamu,Freiburg,8.9,3,0,1,1,1,0,4,0.0,4,6,0,6,5,8,9,0
24,Tosin Adarabioyo,Chelsea,1.9,2,2,2,0,0,1,1,100.0,0,2,2,0,1,3,8,0
26,Martin Adeline,Reims,0.3,1,1,0,1,0,1,2,50.0,1,0,0,0,0,1,2,0
27,Karim Adeyemi,Dortmund,3.4,7,5,3,1,3,2,2,100.0,0,6,0,6,1,8,0,0
28,Simon Adingra,Brighton,2.8,8,4,4,3,1,3,6,50.0,3,3,0,3,3,11,1,0
29,Amine Adli,Leverkusen,2.3,7,4,1,1,5,3,5,60.0,2,3,0,3,0,7,3,0
30,Yacine Adli,Fiorentina,5.5,14,8,4,6,4,7,13,53.8,6,7,1,6,3,17,10,0
31,Adryelson,Lyon,0.0,0,0,0,0,0,0,0,0.0,0,0,0,0,1,1,1,0
32,Vasilije Adzic,Juventus,0.2,2,2,0,1,1,0,1,0.0,1,0,0,0,0,2,0,0
33,Michel Aebischer,Bologna,4.2,7,4,1,4,2,4,8,50.0,4,3,1,2,5,12,2,0
34,Oladapo Afolayan,St. Pauli,8.7,10,6,2,4,4,4,10,40.0,6,7,1,6,5,15,8,0
35,Emmanuel Agbadou,Reims,12.0,22,15,17,3,2,16,22,72.7,6,19,12,7,10,32,51,1
36,Asher Agbinone,Crystal Palace,0.1,2,1,0,2,0,0,0,0.0,0,0,0,0,0,2,0,0
37,Julen Agirrezabala,Athletic Club,11.4,0,0,0,0,0,0,1,0.0,1,0,0,0,0,0,4,0
38,Lucien Agoume,Sevilla,7.7,22,6,9,11,2,10,15,66.7,5,14,6,8,11,33,9,0
39,Felix Agu,Werder Bremen,8.9,10,5,6,3,1,5,11,45.5,6,6,2,4,8,18,23,0
40,Alvaro Aguado,Espanyol,3.5,4,2,2,2,0,2,6,33.3,4,5,0,5,2,6,5,1
41,Nayef Aguerd,Real Sociedad,10.2,15,12,10,5,0,6,11,54.5,5,10,5,5,7,22,38,0
42,Ruben Aguilar,Lens,3.0,9,6,5,4,0,7,9,77.8,2,5,1,4,5,14,2,0
43,Honest Ahanor,Genoa,0.9,2,1,0,2,0,2,4,50.0,2,0,0,0,0,2,2,0
44,Erik Ahlstrand,St. Pauli,0.3,0,0,0,0,0,0,0,0.0,0,1,0,1,1,1,0,0
45,Jean-Eudes Aholou,Angers,10.4,27,18,12,8,7,12,24,50.0,12,17,9,8,19,46,10,0
46,Joseph Aidoo,Celta Vigo,0.0,1,0,1,0,0,0,0,0.0,0,0,0,0,0,1,0,0
47,Ayman Aiki,Saint-Étienne,1.0,3,3,1,2,0,1,1,100.0,0,1,0,1,1,4,0,0
48,Ola Aina,Nott'ham Forest,12.6,28,20,20,7,1,20,28,71.4,8,15,5,10,18,46,35,1
49,Rayan Ait-Nouri,Wolves,12.2,30,17,22,6,2,12,21,57.1,9,16,3,13,11,41,34,1
50,Kristoffer Ajer,Brentford,7.1,6,5,5,1,0,2,8,25.0,6,8,1,7,6,12,19,0
52,Ludovic Ajorque,Brest,9.8,11,8,1,5,5,4,11,36.4,7,4,2,2,3,14,7,0
53,Manuel Akanji,Manchester City,10.7,10,8,3,4,3,5,9,55.6,4,6,4,2,5,15,30,1
54,Umit Akdag,Toulouse,2.5,4,2,1,3,0,3,6,50.0,3,5,4,1,10,14,8,0
55,Nathan Ake,Manchester City,2.3,5,4,4,1,0,2,2,100.0,0,4,1,3,3,8,3,1
56,Ilias Akhomach,Villarreal,6.5,12,7,4,4,4,6,12,50.0,6,8,0,8,3,15,13,0
57,Sergio Akieme,Reims,9.9,11,8,9,1,1,7,11,63.6,4,9,4,5,5,16,34,1
58,Maghnes Akliouche,Monaco,9.4,21,11,8,6,7,7,19,36.8,12,8,0,8,8,29,3,0
59,Clement Akpa,Auxerre,10.0,21,13,11,6,4,13,19,68.4,6,18,5,13,11,32,39,1
60,David Akpan Ankeye,Genoa,0.5,0,0,0,0,0,0,1,0.0,1,0,0,0,0,0,1,0
61,Kevin Akpoguma,Hoffenheim,10.1,16,7,12,2,2,9,17,52.9,8,30,20,10,10,26,55,0
62,Andreas Albers,St. Pauli,0.5,0,0,0,0,0,0,1,0.0,1,0,0,0,0,0,1,0
63,Raul Albiol,Villarreal,10.2,6,6,5,1,0,3,5,60.0,2,9,9,0,6,12,54,1
64,Carlos Alcaraz,Southampton,0.1,0,0,0,0,0,0,0,0.0,0,0,0,0,1,1,0,0
65,Omar Alderete,Getafe,14.0,20,13,14,4,2,10,14,71.4,4,13,7,6,15,35,63,1
66,Carles Alena,Getafe,3.5,6,3,2,3,1,4,8,50.0,4,7,1,6,0,6,2,0
67,Trent Alexander-Arnold,Liverpool,10.4,35,28,23,8,4,22,40,55.0,18,9,3,6,8,43,13,0
68,Alfon,Celta Vigo,2.9,2,0,0,2,0,0,2,0.0,2,2,0,2,2,4,1,0
69,Mohamed Ali Cho,Nice,8.5,6,3,1,1,4,2,6,33.3,4,7,1,6,1,7,2,0
70,Faride Alidou,Hellas Verona,0.8,0,0,0,0,0,0,0,0.0,0,1,0,1,1,1,3,1
71,Alisson,Liverpool,5.9,0,0,0,0,0,0,0,0.0,0,0,0,0,0,0,2,0
72,Tadeo Allende,Celta Vigo,0.0,0,0,0,0,0,0,0,0.0,0,0,0,0,0,0,0,0
73,Jim Allevinah,Angers,7.6,7,5,3,2,2,2,13,15.4,11,2,0,2,4,11,8,0
74,Domingos Andre Ribeiro Almeida,Valencia,5.2,14,8,5,6,3,5,8,62.5,3,6,1,5,3,17,2,0
75,Iker Almena,Girona,0.5,0,0,0,0,0,0,1,0.0,1,1,0,1,0,0,2,0
76,Miguel Almiron,Newcastle Utd,1.2,1,1,1,0,0,1,1,100.0,0,0,0,0,0,1,0,0
78,Pontus Almqvist,Parma,3.9,7,5,4,2,1,3,5,60.0,2,3,0,3,6,13,1,0
79,Marcos Alonso,Celta Vigo,10.0,13,9,8,2,3,9,16,56.3,7,6,3,3,13,26,42,1
80,Giorgio Altare,Venezia,4.0,5,4,4,1,0,1,7,14.3,6,6,3,3,9,14,18,0
81,Adria Altimira,Leganés,6.6,15,6,8,5,2,8,14,57.1,6,7,4,3,12,27,20,2
82,Sergi Altimira,Betis,9.1,23,15,7,14,2,12,24,50.0,12,12,1,11,5,28,11,0
83,Edson Alvarez,West Ham,5.0,13,8,8,4,1,7,8,87.5,1,7,2,5,9,22,8,0
84,Hugo Alvarez,Celta Vigo,11.6,19,8,9,8,2,6,11,54.5,5,14,1,13,7,26,21,1
85,Julian Alvarez,Atlético Madrid,9.5,4,2,1,0,3,1,6,16.7,5,7,0,7,0,4,4,0
86,Yeray Alvarez,Athletic Club,8.0,9,7,5,3,1,3,5,60.0,2,5,2,3,18,27,26,1
87,Skelly Alvero,Werder Bremen,1.1,4,3,3,0,1,1,1,100.0,0,4,0,4,2,6,5,0
88,Selim Amallah,Valladolid,7.5,12,7,4,7,1,0,6,0.0,6,12,0,12,7,19,2,1
89,Amath,Valladolid,3.3,1,0,1,0,0,1,5,20.0,4,5,1,4,2,3,2,0
90,Jordan Amavi,Brest,8.3,24,17,10,11,3,15,21,71.4,6,8,2,6,7,31,16,0
91,Aurele Amenda,Eint Frankfurt,0.8,0,0,0,0,0,0,0,0.0,0,2,2,0,1,1,4,0
92,Kelvin Amian,Nantes,7.9,25,14,22,3,0,13,16,81.3,3,7,3,4,1,26,20,0
93,Michael Amir Murillo,Marseille,10.8,23,15,13,6,4,14,23,60.9,9,6,3,3,9,32,28,2
94,Nadiem Amiri,Mainz 05,10.1,16,8,7,7,2,3,18,16.7,15,10,2,8,9,25,14,0
95,Samuel Amo-Ameyaw,Southampton,0.1,0,0,0,0,0,0,0,0.0,0,0,0,0,0,0,0,0
96,Mathis Amougou,Saint-Étienne,7.5,13,8,9,4,0,6,12,50.0,6,5,0,5,12,25,2,0
97,Mohamed Amoura,Wolfsburg,9.0,7,4,2,1,4,3,8,37.5,5,11,0,11,4,11,5,0
98,Sofyan Amrabat,Fiorentina,2.0,3,2,1,2,0,2,2,100.0,0,1,1,0,0,3,2,0
99,Joachim Andersen,Crystal Palace,1.0,1,1,1,0,0,1,2,50.0,1,0,0,0,0,1,7,0
100,Joachim Andersen,Fulham,7.7,8,5,8,0,0,4,8,50.0,4,9,6,3,11,19,42,0
101,Elliot Anderson,Nott'ham Forest,7.8,22,17,10,7,5,11,21,52.4,10,18,4,14,5,27,13,1
102,Andre,Wolves,5.9,19,13,11,6,2,11,14,78.6,3,18,5,13,4,23,8,1
104,Benjamin Andre,Lille,10.9,32,12,11,18,3,20,34,58.8,14,15,3,12,16,48,22,0
105,Marcos Andre,Valladolid,3.3,0,0,0,0,0,0,3,0.0,3,4,1,3,1,1,2,0
106,Robert Andrich,Leverkusen,8.3,15,7,5,10,0,4,9,44.4,5,5,2,3,11,26,10,0
107,Angelino,Roma,13.0,23,9,7,14,2,8,12,66.7,4,15,6,9,10,33,37,0
108,Lorenzo Anghele,Juventus,0.1,0,0,0,0,0,0,0,0.0,0,0,0,0,0,0,0,0
109,Faustino Anjorin,Empoli,5.8,15,6,3,8,4,1,9,11.1,8,10,3,7,5,20,10,0
110,Waldemar Anton,Dortmund,8.7,15,12,7,5,3,7,9,77.8,2,17,10,7,7,22,31,1
111,Michail Antonio,West Ham,9.0,2,2,0,1,1,2,3,66.7,1,5,0,5,0,2,2,0
112,Antoniu,Espanyol,0.7,3,0,1,1,1,1,1,100.0,0,0,0,0,1,4,2,1
113,Antony,Manchester Utd,0.3,2,0,2,0,0,1,3,33.3,2,1,0,1,1,3,0,0
114,Anuar,Valladolid,4.7,8,6,4,2,2,1,8,12.5,7,6,2,4,5,13,4,1
115,Dennis Appiah,Saint-Étienne,9.3,23,18,13,9,1,13,26,50.0,13,12,5,7,8,31,30,0
116,Aritz Arambarri,Leganés,2.0,1,1,1,0,0,1,1,100.0,0,2,2,0,3,4,8,0
117,Mauro Arambarri,Getafe,10.7,13,6,1,9,3,7,16,43.8,9,9,1,8,3,16,15,0
118,Jon Aramburu,Real Sociedad,10.3,43,33,25,13,5,30,49,61.2,19,15,3,12,13,56,37,0
119,Julian Araujo,Bournemouth,3.9,7,3,3,4,0,4,10,40.0,6,3,0,3,4,11,13,0
120,Cameron Archer,Southampton,7.8,7,4,3,2,2,1,4,25.0,3,4,1,3,1,8,3,0
121,Carlens Arcus,Angers,11.0,29,17,18,10,1,19,32,59.4,13,13,2,11,16,45,31,2
122,Alphonse Areola,West Ham,7.5,1,1,1,0,0,1,2,50.0,1,0,0,0,0,1,5,0
123,Adu Ares,Athletic Club,0.2,0,0,0,0,0,0,1,0.0,1,0,0,0,0,0,0,0
124,Jesus Areso,Osasuna,13.8,25,18,17,5,3,20,30,66.7,10,16,3,13,5,30,41,0
125,David Arguelles,Getafe,0.1,0,0,0,0,0,0,0,0.0,0,2,0,2,0,0,0,0
126,Joe Aribo,Southampton,7.5,11,7,3,5,3,2,8,25.0,6,7,4,3,7,18,12,1
127,Adam Armstrong,Southampton,6.9,6,1,1,2,3,2,7,28.6,5,2,0,2,2,8,5,0
128,Harrison Armstrong,Everton,0.0,0,0,0,0,0,0,1,0.0,1,0,0,0,0,0,0,0
130,Jose Arnaiz,Osasuna,0.4,2,2,1,1,0,1,2,50.0,1,0,0,0,1,3,1,0
131,Hakon Arnar Haraldsson,Lille,2.2,9,4,2,6,1,4,8,50.0,4,0,0,0,3,12,0,0
132,Marko Arnautovic,Inter,0.8,4,3,1,2,1,2,3,66.7,1,0,0,0,1,5,1,0
133,Maximilian Arnold,Wolfsburg,10.4,18,10,6,10,2,9,17,52.9,8,9,6,3,9,27,27,0
134,Jann-Fiete Arp,Holstein Kiel,3.8,5,4,3,1,1,1,5,20.0,4,2,0,2,0,5,1,0
135,Kepa Arrizabalaga,Bournemouth,8.0,0,0,0,0,0,0,1,0.0,1,0,0,0,0,0,4,2
136,Arthur,Leverkusen,1.2,4,3,1,2,1,0,0,0.0,0,1,0,1,3,7,3,0
137,Takuma Asano,Mallorca,3.5,5,3,1,3,1,2,3,66.7,1,3,0,3,2,7,4,0
138,Raul Asencio,Real Madrid,2.7,4,3,4,0,0,1,1,100.0,0,0,0,0,1,5,16,0
139,Marco Asensio,Paris S-G,6.6,3,3,1,2,0,0,6,0.0,6,1,0,1,0,3,1,0
140,Kristjan Asllani,Inter,2.6,4,0,3,1,0,2,8,25.0,6,6,1,5,2,6,4,0
141,Iago Aspas,Celta Vigo,11.9,11,7,4,4,3,8,15,53.3,7,13,1,12,4,15,4,0
142,Yaser Asprilla,Girona,4.4,8,4,4,3,1,3,8,37.5,5,1,0,1,3,11,4,0
143,Lorenz Assignon,Rennes,7.5,11,6,4,6,1,5,13,38.5,8,9,3,6,10,21,27,0
144,Dehmaine Assoumani,Nantes,0.4,5,2,0,3,2,3,3,100.0,0,0,0,0,1,6,1,0
145,Valentin Atangana Edoa,Reims,12.2,25,19,12,12,1,9,12,75.0,3,8,3,5,16,41,21,0
146,Arthur Atta,Udinese,0.7,2,2,0,1,1,0,0,0.0,0,1,1,0,0,2,0,0
147,Noah Atubolu,Freiburg,10.0,0,0,0,0,0,0,0,0.0,0,0,0,0,0,0,6,2
148,Emil Audero,Como,8.0,0,0,0,0,0,0,1,0.0,1,0,0,0,0,0,4,1
149,Tommaso Augello,Cagliari,10.9,20,12,10,7,3,12,15,80.0,3,11,4,7,9,29,45,0
150,Carlos Augusto,Inter,2.9,3,2,2,1,0,2,4,50.0,2,1,1,0,1,4,8,0
151,Yann Aurel Bisseck,Inter,5.3,5,3,4,1,0,3,4,75.0,1,5,2,3,4,9,17,1
152,Ezequiel Avila,Betis,5.0,4,2,1,1,2,1,3,33.3,2,4,0,4,1,5,3,0
153,Taiwo Awoniyi,Nott'ham Forest,1.9,2,1,0,1,1,1,1,100.0,0,1,0,1,0,2,3,0
154,Yasin Ayari,Brighton,7.3,28,12,5,18,5,13,24,54.2,11,6,1,5,8,36,8,0
156,Florian Aye,Auxerre,3.4,2,2,0,0,2,0,1,0.0,1,3,0,3,3,5,5,0
157,Andre Ayew,Le Havre,5.1,6,4,1,3,2,3,4,75.0,1,2,1,1,1,7,4,0
158,Jordan Ayew,Crystal Palace,0.2,1,0,0,0,1,0,0,0.0,0,0,0,0,0,1,0,0
159,Jordan Ayew,Leicester City,6.6,11,5,3,6,2,2,6,33.3,4,5,0,5,7,18,3,0
160,Neil El Aynaoui,Lens,2.1,6,5,5,1,0,3,10,30.0,7,5,3,2,2,8,2,0
161,Ayman Azhil,Dortmund,0.3,1,1,1,0,0,0,0,0.0,0,0,0,0,0,1,0,0
162,Adam Aznou,Bayern Munich,0.1,0,0,0,0,0,0,0,0.0,0,0,0,0,0,0,0,0
163,Cesar Azpilicueta,Atlético Madrid,5.3,12,5,6,4,2,10,14,71.4,4,2,1,1,2,14,14,0
164,Paulo Azzi,Cagliari,4.7,11,9,3,6,2,5,9,55.6,4,5,2,3,5,16,11,0
165,Papa Ba,Girona,0.5,1,1,1,0,0,0,0,0.0,0,1,0,1,0,1,1,0
166,Shavy Babicka,Toulouse,4.8,10,8,3,4,3,6,10,60.0,4,8,0,8,1,11,3,2
167,Aliou Badara Balde,Bochum,1.0,1,1,1,0,0,0,0,0.0,0,2,0,2,0,1,0,0
168,Loic Bade,Sevilla,10.2,20,12,16,4,0,9,12,75.0,3,10,7,3,10,30,54,1
169,Milan Badelj,Genoa,9.2,17,8,9,4,4,8,20,40.0,12,9,3,6,11,28,20,0
170,Benoit Badiashile,Chelsea,1.8,2,2,1,1,0,0,0,0.0,0,2,2,0,5,7,4,0
171,Alex Baena,Villarreal,11.2,7,4,2,4,1,1,10,10.0,9,12,1,11,12,19,8,1
172,Leon Bailey,Aston Villa,6.8,2,0,0,1,1,0,3,0.0,3,6,0,6,1,3,6,0
173,Eric Bailly,Villarreal,5.9,9,2,5,4,0,2,3,66.7,1,11,6,5,6,15,24,0
174,Theo Bair,Auxerre,4.2,2,1,0,1,1,0,0,0.0,0,5,2,3,0,2,3,0
175,Cedric Bakambu,Betis,3.0,1,0,0,1,0,0,1,0.0,1,4,0,4,0,1,1,0
176,Mitchel Bakker,Atalanta,0.2,1,0,1,0,0,1,1,100.0,0,0,0,0,0,1,0,0
177,Mitchel Bakker,Lille,3.8,14,11,5,6,3,6,10,60.0,4,3,0,3,7,21,9,0
178,Ridle Baku,Wolfsburg,10.0,17,11,7,6,4,4,14,28.6,10,18,1,17,12,29,11,0
179,Dilane Bakwa,Strasbourg,12.6,11,7,6,2,3,5,9,55.6,4,11,0,11,5,16,15,0
180,Tommaso Baldanzi,Roma,4.3,6,1,3,1,2,1,4,25.0,3,2,0,2,4,10,2,0
182,Alejandro Balde,Barcelona,10.3,7,4,3,3,1,3,5,60.0,2,6,3,3,5,12,11,0
183,Carlos Baleba,Brighton,7.5,23,12,4,12,7,14,23,60.9,9,12,3,9,16,39,4,0
184,Leonardo Balerdi,Marseille,9.0,16,12,12,3,1,10,19,52.6,9,13,9,4,13,29,24,2
185,Ivan Balliu,Rayo Vallecano,6.6,10,8,2,5,3,3,10,30.0,7,4,1,3,6,16,18,0
186,Botond Balogh,Parma,12.7,20,8,13,7,0,11,14,78.6,3,26,20,6,16,36,78,1
187,Folarin Balogun,Monaco,5.2,0,0,0,0,0,0,2,0.0,2,0,0,0,0,0,0,0
188,Mario Balotelli,Genoa,0.5,0,0,0,0,0,0,0,0.0,0,0,0,0,0,0,1,0
189,Abdoulaye Bamba,Angers,4.8,7,2,6,1,0,4,5,80.0,1,5,3,2,6,13,22,0
190,Jonathan Bamba,Celta Vigo,8.0,10,5,3,5,2,4,10,40.0,6,6,0,6,5,15,5,0
191,Mohamed Bamba,Reims,0.0,0,0,0,0,0,0,0,0.0,0,1,0,1,0,0,0,0
192,Samuel Bamba,Bochum,0.1,0,0,0,0,0,0,0,0.0,0,0,0,0,0,0,0,0
193,Lameck Banda,Lecce,5.6,5,4,4,1,0,3,10,30.0,7,6,0,6,1,6,6,0
194,Daniel Bandeira,Hellas Verona,3.8,4,0,1,3,0,3,5,60.0,2,2,1,1,6,10,8,0
195,Mattia Bani,Genoa,5.9,5,2,4,1,0,2,2,100.0,0,5,3,2,10,15,22,1
196,Scott Banks,St. Pauli,0.6,0,0,0,0,0,0,2,0.0,2,0,0,0,1,1,2,0
197,Antonin Barak,Fiorentina,0.6,2,0,0,2,0,0,2,0.0,2,1,1,0,0,2,0,0
198,Federico Barba,Como,3.6,1,1,0,1,0,0,2,0.0,2,2,2,0,4,5,10,0
199,Valentin Barco,Sevilla,3.2,15,9,8,3,4,12,15,80.0,3,0,0,0,2,17,5,0
200,Bradley Barcola,Paris S-G,10.0,12,6,5,5,2,1,11,9.1,10,10,0,10,5,17,2,0
201,Melvin Bard,Nice,6.2,19,9,14,5,0,8,13,61.5,5,11,6,5,6,25,13,1
202,Nicolo Barella,Inter,8.7,16,9,5,8,3,5,16,31.3,11,11,0,11,3,19,2,0
203,Gabriel Bares,Montpellier,0.5,2,2,2,0,0,1,2,50.0,1,0,0,0,1,3,3,0
204,Ross Barkley,Aston Villa,4.4,7,2,3,4,0,5,8,62.5,3,6,2,4,4,11,3,0
205,Aymen Barkok,Mainz 05,0.8,2,1,1,1,0,1,1,100.0,0,1,1,0,2,4,0,0
206,Harvey Barnes,Newcastle Utd,6.8,8,5,3,3,2,3,4,75.0,1,3,0,3,4,12,5,0
208,Enzo Barrenechea,Valencia,5.5,11,4,6,4,1,3,6,50.0,3,9,2,7,5,16,10,0
209,Ander Barrenetxea,Real Sociedad,6.1,11,10,3,6,2,2,9,22.2,7,9,0,9,6,17,12,0
210,Pablo Barrios,Atlético Madrid,8.9,16,10,7,8,1,6,15,40.0,9,5,1,4,12,28,8,3
211,Thierno Barry,Villarreal,9.7,4,3,1,2,1,1,4,25.0,3,5,0,5,0,4,6,0
212,Davide Bartesaghi,Milan,0.1,0,0,0,0,0,0,0,0.0,0,0,0,0,0,0,0,0
213,Marc Bartra,Betis,7.3,8,6,8,0,0,4,5,80.0,1,9,5,4,11,19,34,0
214,Federico Baschirotto,Lecce,14.0,17,13,12,4,1,9,12,75.0,3,22,18,4,13,30,60,0
215,Daniele Baselli,Como,0.2,0,0,0,0,0,0,0,0.0,0,0,0,0,1,1,1,0
216,Calvin Bassey,Fulham,13.0,13,9,9,4,0,4,6,66.7,2,21,11,10,6,19,42,3
217,Aboubacar Bassinga,Las Palmas,0.0,0,0,0,0,0,0,0,0.0,0,0,0,0,0,0,0,0
218,Alessandro Bastoni,Inter,10.2,17,11,7,8,2,9,13,69.2,4,9,3,6,9,26,15,1
219,Augusto Batalla,Rayo Vallecano,10.0,0,0,0,0,0,0,1,0.0,1,0,0,0,0,0,4,2
220,Dylan Batubinsika,Saint-Étienne,11.6,14,7,11,3,0,6,10,60.0,4,13,5,8,26,40,66,2
221,Maximilian Bauer,Augsburg,5.9,12,7,4,7,1,8,12,66.7,4,9,3,6,6,18,30,1
222,Oliver Baumann,Hoffenheim,12.0,0,0,0,0,0,0,1,0.0,1,0,0,0,0,0,6,0
223,Christoph Baumgartner,RB Leipzig,6.0,13,8,3,6,4,4,15,26.7,11,15,4,11,5,18,6,0
224,Rafael Bauza,Espanyol,1.7,4,2,2,1,1,3,5,60.0,2,3,1,2,0,4,4,0
225,Adrian Beck,Heidenheim,4.5,15,6,11,4,0,5,15,33.3,10,16,1,15,4,19,10,0
226,Sheraldo Becker,Real Sociedad,7.0,2,2,0,2,0,0,2,0.0,2,4,0,4,1,3,8,0
227,Timo Becker,Holstein Kiel,11.5,19,12,14,5,0,13,19,68.4,6,9,6,3,7,26,32,0
228,Jan Bednarek,Southampton,10.9,8,4,6,2,0,3,9,33.3,6,16,14,2,15,23,57,1
229,Donny van de Beek,Girona,7.2,14,7,8,2,4,5,10,50.0,5,8,2,6,3,17,7,0
230,Kevin Behrens,Wolfsburg,1.1,1,1,0,1,0,0,1,0.0,1,0,0,0,0,1,1,0
231,Maximilian Beier,Dortmund,6.6,13,8,4,5,4,5,13,38.5,8,7,0,7,4,17,4,0
232,Reda Belahyane,Hellas Verona,11.9,25,18,9,10,6,9,10,90.0,1,11,4,7,6,31,11,0
234,Haris Belkebla,Angers,8.0,14,10,10,4,0,6,15,40.0,9,12,2,10,9,23,16,1
235,Yassin Belkhdim,Angers,5.5,28,13,13,10,5,11,26,42.3,15,9,2,7,8,36,12,0
236,Stefan Bell,Mainz 05,5.8,9,4,7,2,0,3,6,50.0,3,4,4,0,13,22,35,0
237,Raoul Bellanova,Torino,1.0,0,0,0,0,0,0,1,0.0,1,0,0,0,0,0,4,0
238,Raoul Bellanova,Atalanta,8.6,7,5,2,4,1,3,5,60.0,2,4,1,3,8,15,6,0
239,Jean-Ricner Bellegarde,Wolves,6.9,7,4,2,3,2,3,5,60.0,2,8,1,7,5,12,7,0
240,Hector Bellerin,Betis,5.8,12,7,6,4,2,9,16,56.3,7,4,3,1,6,18,18,0
241,Jude Bellingham,Real Madrid,9.2,22,10,10,7,5,11,15,73.3,4,15,1,14,11,33,6,0
242,Jeanuel Belocian,Leverkusen,0.5,1,1,1,0,0,1,1,100.0,0,0,0,0,0,1,2,0
243,Andrea Belotti,Como,3.7,5,4,1,3,1,0,2,0.0,2,3,0,3,1,6,4,0
244,Fran Beltran,Celta Vigo,9.2,19,11,10,7,2,9,21,42.9,12,12,4,8,7,26,10,2
245,Lucas Beltran,Fiorentina,5.9,8,4,2,4,2,2,3,66.7,1,6,1,5,1,9,3,0
246,Eliesse Ben Seghir,Monaco,9.3,17,13,5,8,4,10,17,58.8,7,10,0,10,4,21,1,0
247,Carlos Benavidez,Alavés,2.6,5,3,2,2,1,0,3,0.0,3,1,1,0,5,10,3,1
248,Adrian Benedyczak,Parma,1.2,0,0,0,0,0,0,0,0.0,0,1,1,0,0,0,2,0
249,Laszlo Benes,Union Berlin,1.9,1,1,0,1,0,0,1,0.0,1,2,1,1,0,1,1,0
250,Iker Benito,Osasuna,0.4,0,0,0,0,0,0,1,0.0,1,0,0,0,1,1,2,0
251,Ismael Bennacer,Milan,0.6,1,1,0,1,0,0,0,0.0,0,0,0,0,0,1,0,0
252,Said Benrahma,Lyon,6.3,6,3,3,2,1,2,7,28.6,5,5,0,5,2,8,1,0
253,Ramy Bensebaini,Dortmund,6.8,17,8,10,6,1,8,15,53.3,7,18,2,16,9,26,11,1
254,Rodrigo Bentancur,Tottenham,5.9,19,9,9,9,1,11,16,68.8,5,5,0,5,16,35,5,0
255,Lucas Beraldo,Paris S-G,8.4,16,14,12,4,0,10,20,50.0,10,6,2,4,8,24,14,1
256,Yuri Berchiche,Athletic Club,10.1,14,8,10,3,1,8,16,50.0,8,11,2,9,9,23,26,1
257,Alex Berenguer,Athletic Club,9.0,11,4,2,6,3,8,11,72.7,3,5,2,3,5,16,6,0
258,Sander Berge,Fulham,6.8,16,9,6,8,2,6,9,66.7,3,10,4,6,13,29,7,0
260,Lucas Bergvall,Tottenham,0.6,6,3,1,3,2,6,8,75.0,2,0,0,0,1,7,0,0
261,Medon Berisha,Lecce,0.9,2,1,1,1,0,1,1,100.0,0,0,0,0,0,2,0,0
262,Mergim Berisha,Hoffenheim,3.4,2,2,1,1,0,0,3,0.0,3,2,1,1,0,2,3,0
263,Adrian Bernabe,Parma,10.0,21,13,14,6,1,12,26,46.2,14,18,9,9,6,27,16,0
264,Marc Bernal,Barcelona,2.7,8,6,2,5,1,7,8,87.5,1,5,1,4,1,9,4,0
265,Bernardo,Bochum,0.8,4,1,4,0,0,3,3,100.0,0,4,2,2,2,6,3,0
266,Juan Bernat,Villarreal,0.5,3,2,2,0,1,1,2,50.0,1,2,0,2,0,3,0,0
267,Alexander Bernhardsson,Holstein Kiel,2.1,1,1,0,0,1,1,2,50.0,1,2,0,2,0,1,2,0
268,Victor Bernth Kristiansen,Leicester City,10.5,36,26,26,9,1,18,31,58.1,13,18,7,11,12,48,28,0
269,Matus Bero,Bochum,9.2,16,7,7,5,4,7,22,31.8,15,16,3,13,6,22,6,1
270,Juan Berrocal,Getafe,6.1,10,3,8,2,0,7,10,70.0,3,1,1,0,7,17,29,0
271,Dimitry Bertaud,Montpellier,3.0,0,0,0,0,0,0,0,0.0,0,0,0,0,0,0,2,0
272,Beto,Everton,2.1,2,0,0,1,1,0,1,0.0,1,1,0,1,0,2,2,0
273,Sam Beukema,Bologna,12.5,13,5,5,7,1,3,9,33.3,6,13,10,3,9,22,36,0
274,Alessandro Bianco,Monza,8.4,18,12,6,9,3,12,16,75.0,4,10,1,9,6,24,10,3
275,Alessandro Bianco,Fiorentina,0.2,0,0,0,0,0,0,1,0.0,1,0,0,0,0,0,0,0
276,Jaka Bijol,Udinese,13.0,20,12,14,6,0,12,21,57.1,9,15,7,8,15,35,57,1
277,El Bilal Toure,Stuttgart,3.5,3,1,1,1,1,3,3,100.0,0,1,0,1,0,3,1,0
278,Philip Billing,Bournemouth,0.4,4,0,2,2,0,0,0,0.0,0,0,0,0,1,5,0,0
279,Cristiano Biraghi,Fiorentina,4.8,4,4,1,3,0,2,7,28.6,5,2,0,2,4,8,11,0
280,Samuele Birindelli,Monza,2.2,7,5,2,3,2,2,2,100.0,0,2,1,1,0,7,4,0
281,Tom Bischof,Hoffenheim,8.6,46,23,15,26,5,17,29,58.6,12,22,5,17,10,56,17,0
282,Yves Bissouma,Tottenham,6.5,16,10,8,7,1,10,16,62.5,6,5,2,3,9,25,17,1
283,Leonardo Bittencourt,Werder Bremen,5.1,7,2,3,3,1,3,8,37.5,5,6,0,6,7,14,6,0
284,Emmanuel Biumla,Angers,8.1,14,7,10,4,0,9,14,64.3,5,11,5,6,6,20,37,0
286,Marco Bizot,Brest,13.0,1,1,1,0,0,0,0,0.0,0,0,0,0,0,1,11,0
287,Bjarki Bjarkason,Venezia,0.0,0,0,0,0,0,0,0,0.0,0,0,0,0,0,0,0,0
288,Antonio Blanco,Alavés,10.3,25,15,8,17,0,12,26,46.2,14,14,5,9,17,42,15,0
289,Ludovic Blas,Rennes,11.7,16,12,3,4,9,11,19,57.9,8,9,2,7,3,19,3,0
290,Daley Blind,Girona,11.1,17,8,8,8,1,11,15,73.3,4,15,6,9,13,30,34,1
291,Myron Boadu,Bochum,3.9,0,0,0,0,0,0,1,0.0,1,1,0,1,0,0,3,0
292,Augustine Boakye,Saint-Étienne,3.7,4,2,1,3,0,2,8,25.0,6,1,0,1,4,8,2,0
293,Sacha Boey,Bayern Munich,1.7,7,2,3,2,2,3,4,75.0,1,2,0,2,0,7,4,0
294,Jeremie Boga,Nice,6.8,6,4,1,5,0,2,3,66.7,1,8,0,8,2,8,1,0
295,Lamare Bogarde,Aston Villa,2.4,8,4,2,5,1,5,9,55.6,4,2,0,2,1,9,4,0
296,Emil Bohinen,Genoa,1.8,4,4,3,0,1,2,5,40.0,3,2,0,2,1,5,6,0
297,Adama Boiro,Athletic Club,3.7,8,4,3,4,1,3,5,60.0,2,5,3,2,4,12,11,0
298,Willy Boly,Nott'ham Forest,1.0,4,0,3,1,0,3,3,100.0,0,3,1,2,1,5,8,0
299,Moise Bombito,Nice,10.7,13,11,7,6,0,10,15,66.7,5,14,8,6,8,21,51,1
300,Warren Bondo,Monza,11.9,23,15,14,7,2,9,14,64.3,5,14,5,9,4,27,5,3
301,Victor Boniface,Leverkusen,7.3,4,3,0,3,1,2,2,100.0,0,1,0,1,0,4,4,0
302,Ange-Yoan Bonny,Parma,10.6,12,7,2,7,3,2,6,33.3,4,5,0,5,0,12,5,0
303,Sebastiaan Bornauw,Wolfsburg,7.0,7,4,2,4,1,2,6,33.3,4,13,12,1,9,16,26,0
304,Saimon Bouabre,Monaco,0.1,0,0,0,0,0,0,2,0.0,2,1,0,1,0,0,0,0
305,Ayyoub Bouaddi,Lille,5.4,22,14,12,5,5,6,12,50.0,6,4,0,4,5,27,3,0
306,Badredine Bouanani,Nice,3.7,3,1,1,1,1,0,2,0.0,2,5,0,5,3,6,1,0
307,Benjamin Bouchouari,Saint-Étienne,5.2,13,10,4,6,3,8,16,50.0,8,5,0,5,7,20,6,1
308,Hicham Boudaoui,Nice,8.9,29,16,14,10,5,13,23,56.5,10,13,3,10,8,37,13,0
309,Carlo Boukhalfa,St. Pauli,7.5,10,4,2,7,1,3,6,50.0,3,9,1,8,6,16,9,1
310,Benjamin Bourigeaud,Rennes,0.9,1,0,0,1,0,0,2,0.0,2,2,1,1,2,3,1,0
312,Edoardo Bove,Fiorentina,9.3,24,17,7,14,3,14,28,50.0,14,12,0,12,6,30,8,0
313,Jarrod Bowen,West Ham,12.7,19,10,8,4,7,7,19,36.8,12,9,1,8,8,27,16,0
314,Enzo Boyomo,Osasuna,12.0,25,17,19,5,1,12,15,80.0,3,17,12,5,14,39,58,2
315,Enzo Boyomo,Valladolid,3.0,6,2,4,2,0,3,3,100.0,0,4,3,1,1,7,7,0
316,Domagoj Bradaric,Hellas Verona,6.1,12,9,10,1,1,7,12,58.3,5,4,2,2,2,14,17,0
317,Conor Bradley,Liverpool,2.6,3,2,1,1,1,3,9,33.3,6,0,0,0,2,5,11,0
318,Bilal Brahimi,Nice,0.8,0,0,0,0,0,0,0,0.0,0,1,0,1,0,0,2,0
319,Julian Brandt,Dortmund,9.9,8,3,4,3,1,5,14,35.7,9,6,0,6,3,11,6,0
320,Jarrad Branthwaite,Everton,4.1,8,4,5,3,0,3,4,75.0,1,3,1,2,5,13,16,1
321,Darko Brasanac,Leganés,8.8,13,5,2,6,5,4,9,44.4,5,10,6,4,6,19,22,0
322,Lilian Brassier,Marseille,7.0,6,5,6,0,0,3,4,75.0,1,7,2,5,4,10,24,1
323,Matthias Braunoder,Como,3.0,10,4,6,3,1,7,11,63.6,4,3,0,3,2,12,4,1
324,Iker Bravo,Udinese,2.4,5,3,1,4,0,2,3,66.7,1,0,0,0,0,5,1,0
325,James Bree,Southampton,0.2,0,0,0,0,0,0,0,0.0,0,0,0,0,0,0,0,0
326,Tim Breithaupt,Augsburg,1.3,1,1,0,1,0,0,4,0.0,4,1,0,1,2,3,0,0
327,Gleison Bremer,Juventus,6.0,15,7,9,5,1,4,5,80.0,1,15,11,4,6,21,16,0
328,Brenner,Udinese,4.3,6,4,2,3,1,3,8,37.5,5,4,0,4,1,7,6,0
329,Ben Brereton,Southampton,4.5,3,2,0,2,1,1,8,12.5,7,2,1,1,0,3,3,0
330,Marco Brescianini,Atalanta,5.1,5,2,1,3,1,2,3,66.7,1,9,1,8,0,5,3,0
331,Maximilian Breunig,Heidenheim,3.3,4,3,1,2,1,3,5,60.0,2,8,2,6,1,5,3,0
332,Nathan Broadhead,Ipswich Town,0.1,1,1,0,1,0,0,0,0.0,0,0,0,0,0,1,0,0
333,David Brooks,Bournemouth,1.4,3,1,0,3,0,1,2,50.0,1,3,1,2,2,5,1,0
334,Moritz Broschinski,Bochum,7.6,10,6,4,4,2,1,9,11.1,8,11,0,11,0,10,7,0
335,Nathaniel Brown,Eint Frankfurt,3.8,14,11,5,5,4,8,11,72.7,3,6,0,6,2,16,13,0
336,Jacob Bruun Larsen,Hoffenheim,2.3,2,1,1,0,1,1,4,25.0,3,5,1,4,1,3,1,0
338,Tajon Buchanan,Inter,0.2,0,0,0,0,0,0,1,0.0,1,0,0,0,0,0,1,0
339,Ante Budimir,Osasuna,12.3,8,3,1,6,1,2,4,50.0,2,10,2,8,1,9,10,0
340,Emi Buendia,Aston Villa,0.4,3,3,2,1,0,0,2,0.0,2,4,0,4,0,3,1,0
341,Santiago Bueno,Wolves,4.9,9,5,5,4,0,6,8,75.0,2,12,8,4,4,13,19,0
342,Marius Bulter,Hoffenheim,8.9,6,6,1,4,1,6,8,75.0,2,3,1,2,1,7,4,0
343,Facundo Buonanotte,Leicester City,8.8,23,10,8,8,7,10,33,30.3,23,19,4,15,7,30,7,0
344,Alessandro Buongiorno,Napoli,13.0,24,16,16,8,0,17,18,94.4,1,21,13,8,22,46,39,0
345,Cameron Burgess,Ipswich Town,6.0,4,3,3,1,0,1,1,100.0,0,5,4,1,5,9,38,1
346,Jonathan Burkardt,Mainz 05,10.5,5,3,1,2,2,1,4,25.0,3,4,1,3,0,5,9,0
347,Oliver Burke,Werder Bremen,0.5,1,1,1,0,0,0,0,0.0,0,0,0,0,0,1,0,0
348,Dan Burn,Newcastle Utd,12.0,12,7,8,4,0,6,12,50.0,6,9,7,2,9,21,55,1
349,Wes Burns,Ipswich Town,5.6,6,6,0,5,1,3,6,50.0,3,4,0,4,3,9,4,2
350,Marnon Busch,Heidenheim,4.6,8,5,5,3,0,8,11,72.7,3,6,4,2,5,13,20,1
351,Gianluca Busio,Venezia,9.6,13,9,8,2,3,7,15,46.7,8,8,2,6,4,17,17,0
352,Aurelio Buta,Reims,7.9,20,12,13,6,1,12,21,57.1,9,1,0,1,10,30,18,0
353,Marcin Bulka,Nice,13.0,0,0,0,0,0,0,0,0.0,0,0,0,0,0,0,5,2
354,Pau Cabanes,Villarreal,0.4,2,2,0,1,1,1,1,100.0,0,2,0,2,0,2,1,1
355,Remy Cabella,Lille,5.0,17,11,3,8,6,10,16,62.5,6,4,0,4,6,23,1,0
356,Leandro Cabrera,Espanyol,9.0,19,11,14,4,1,7,12,58.3,5,10,6,4,12,31,46,1
357,Liberato Cacace,Empoli,4.6,6,3,4,2,0,5,7,71.4,2,7,3,4,0,6,17,0
358,Anthony Caci,Mainz 05,10.8,21,13,5,10,6,10,16,62.5,6,10,2,8,9,30,20,1
359,Mathieu Cafaro,Saint-Étienne,6.8,7,5,3,3,1,2,11,18.2,9,6,1,5,6,13,3,0
360,Moises Caicedo,Chelsea,12.7,43,27,19,19,5,24,37,64.9,13,17,5,12,21,64,17,0
361,Tom Cairney,Fulham,2.0,5,1,1,1,3,1,2,50.0,1,3,1,2,3,8,1,1
362,Jens Cajuste,Ipswich Town,4.5,9,4,4,4,1,5,14,35.7,9,9,1,8,2,11,4,0
364,Davide Calabria,Milan,1.7,5,3,5,0,0,4,6,66.7,2,0,0,0,3,8,4,0
365,Riccardo Calafiori,Arsenal,5.6,15,11,10,4,1,11,17,64.7,6,9,4,5,5,20,17,0
366,Luca Caldirola,Monza,4.0,5,3,4,1,0,2,4,50.0,2,4,4,0,2,7,16,0
367,Fernando Calero,Espanyol,2.1,4,2,4,0,0,1,2,50.0,1,3,3,0,5,9,20,0
368,Duje Caleta-Car,Lyon,10.8,13,8,7,6,0,6,11,54.5,5,22,17,5,12,25,54,0
369,Hakan Calhanoglu,Inter,6.3,14,7,1,6,7,6,10,60.0,4,2,2,0,3,17,7,0
370,Dominic Calvert-Lewin,Everton,11.2,7,5,1,3,3,0,1,0.0,1,3,1,2,5,12,12,0
371,Drissa Camara,Parma,1.0,2,2,1,1,0,0,2,0.0,2,1,0,1,0,2,1,0
372,Issiaga Camara,Nice,0.1,0,0,0,0,0,0,0,0.0,0,0,0,0,3,3,0,0
373,Lamine Camara,Monaco,8.4,31,21,12,14,5,14,24,58.3,10,17,4,13,17,48,5,1
374,Mahdi Camara,Brest,9.8,32,14,5,18,9,9,17,52.9,8,15,1,14,11,43,13,0
375,Francesco Camarda,Milan,0.8,2,0,0,0,2,1,2,50.0,1,0,0,0,0,2,2,0
376,Eduardo Camavinga,Real Madrid,4.3,9,7,2,6,1,5,10,50.0,5,9,3,6,5,14,6,0
377,Nicolo Cambiaghi,Bologna,0.2,1,0,0,1,0,0,0,0.0,0,1,0,1,0,1,0,0
378,Andrea Cambiaso,Juventus,13.0,22,15,14,5,3,16,24,66.7,8,11,1,10,8,30,16,2
379,Axel Camblan,Brest,0.3,1,1,0,0,1,1,2,50.0,1,1,0,1,0,1,0,0
380,Sergio Camello,Rayo Vallecano,8.1,7,2,1,5,1,2,2,100.0,0,7,1,6,4,11,11,0
381,Jose Campana,Las Palmas,6.0,10,8,2,6,2,5,8,62.5,3,2,0,2,14,24,11,1
382,Cole Campbell,Dortmund,0.2,0,0,0,0,0,0,0,0.0,0,0,0,0,0,0,1,0
383,Emre Can,Dortmund,6.6,18,9,11,6,1,6,12,50.0,6,7,4,3,4,22,20,3
384,Peio Canales,Athletic Club,0.2,1,1,0,0,1,0,0,0.0,0,0,0,0,1,2,1,0
385,Matteo Cancellieri,Parma,6.4,15,9,10,4,1,3,9,33.3,6,6,0,6,8,23,13,0
386,Antonio Candela,Venezia,9.3,21,16,11,6,4,13,19,68.4,6,6,5,1,8,29,13,1
387,Sergi Canos,Valencia,2.0,6,4,0,3,3,3,6,50.0,3,2,0,2,2,8,1,0
388,Jaydee Canvot,Toulouse,0.1,1,1,1,0,0,1,2,50.0,1,0,0,0,0,1,0,0
390,Pierrick Capelle,Angers,2.9,11,7,4,5,2,3,7,42.9,4,1,1,0,4,15,0,1
391,Gianluca Caprari,Monza,5.2,8,5,3,4,1,1,4,25.0,3,5,0,5,2,10,1,1
392,Elia Caprile,Napoli,3.6,0,0,0,0,0,0,0,0.0,0,0,0,0,0,0,2,0
393,Francesco Caputo,Empoli,0.1,0,0,0,0,0,0,0,0.0,0,0,0,0,0,0,0,0
394,Maxence Caqueret,Lyon,6.4,21,11,5,11,5,4,22,18.2,18,12,2,10,7,28,2,0
395,Andrea Carboni,Monza,10.3,23,11,15,8,0,13,23,56.5,10,16,6,10,14,37,44,1
396,Franco Carboni,Venezia,0.1,0,0,0,0,0,0,0,0.0,0,0,0,0,0,0,1,0
397,Valentin Carboni,Marseille,1.1,2,2,0,1,1,0,1,0.0,1,1,0,1,1,3,1,0
398,Cardenas,Rayo Vallecano,4.0,0,0,0,0,0,0,0,0.0,0,0,0,0,0,0,3,0
399,Irvin Cardona,Espanyol,4.6,7,5,2,4,1,5,13,38.5,8,4,1,3,3,10,8,0
400,Marc Cardona,Las Palmas,0.8,1,0,0,1,0,0,0,0.0,0,0,0,0,0,1,0,0
401,Sergi Cardona,Villarreal,13.7,28,20,16,10,2,19,32,59.4,13,25,5,20,18,46,45,0
402,Johnny Cardoso,Betis,6.3,18,11,4,10,4,7,18,38.9,11,9,3,6,14,32,23,0
403,Patrik Carlgren,Nantes,1.0,0,0,0,0,0,0,0,0.0,0,0,0,0,0,0,0,0
404,Diego Carlos,Aston Villa,6.2,4,1,3,1,0,0,1,0.0,1,4,2,2,5,9,23,2
405,Carmona,Sevilla,14.7,41,31,26,12,3,19,31,61.3,12,15,4,11,34,75,33,0
406,Marco Carnesecchi,Atalanta,13.0,0,0,0,0,0,0,0,0.0,0,1,0,1,0,0,8,1
407,Sergio Carreira,Celta Vigo,2.6,6,4,3,2,1,2,4,50.0,2,2,0,2,1,7,9,0
408,Dani Carvajal,Real Madrid,6.8,12,8,7,3,2,9,12,75.0,3,8,3,5,10,22,19,1
409,Fabio Carvalho,Brentford,3.5,11,7,3,3,5,4,8,50.0,4,5,1,4,3,14,1,0
410,William Carvalho,Betis,2.7,3,2,0,3,0,2,4,50.0,2,4,1,3,3,6,4,0
411,Marc Casado,Barcelona,9.5,25,15,5,14,6,9,18,50.0,9,10,4,6,8,33,13,0
412,Nicolo Casale,Bologna,2.9,3,1,1,2,0,1,2,50.0,1,8,6,2,2,5,7,2
413,Nicolo Casale,Lazio,1.5,5,3,4,1,0,0,0,0.0,0,4,3,1,1,6,2,0
414,Casemiro,Manchester Utd,8.3,35,22,20,9,6,17,35,48.6,18,20,5,15,7,42,27,3
416,Matty Cash,Aston Villa,6.2,14,5,10,3,1,5,10,50.0,5,5,2,3,9,23,22,0
417,Josue Casimir,Le Havre,7.5,15,9,5,8,2,4,9,44.4,5,7,0,7,1,16,16,1
418,Federico Cassa,Atalanta,0.2,0,0,0,0,0,0,0,0.0,0,1,0,1,0,0,0,0
419,Cristian Casseres Jr.,Toulouse,10.3,40,27,22,15,3,14,31,45.2,17,14,3,11,14,54,14,1
420,Timothy Castagne,Fulham,0.6,4,2,2,2,0,3,4,75.0,1,0,0,0,0,4,4,0
421,Valentin Castellanos,Lazio,11.9,4,2,0,1,3,1,7,14.3,6,10,1,9,2,6,5,0
422,Jean-Charles Castelletto,Nantes,10.8,13,5,5,7,1,9,13,69.2,4,8,5,3,8,21,58,0
423,Santiago Castro,Bologna,10.8,8,3,3,4,1,1,6,16.7,5,8,1,7,2,10,11,0
424,Gaetano Castrovilli,Lazio,1.4,5,2,3,1,1,2,4,50.0,2,2,0,2,3,8,1,0
425,Danilo Cataldi,Fiorentina,6.2,14,11,6,6,2,6,10,60.0,4,5,3,2,4,18,11,0
426,Catena,Osasuna,14.0,24,14,18,6,0,14,23,60.9,9,16,9,7,16,40,94,0
427,Maximiliano Caufriez,Valencia,1.0,1,1,1,0,0,1,1,100.0,0,2,1,1,1,2,4,0
428,Dani Ceballos,Real Madrid,2.9,12,5,6,5,1,6,9,66.7,3,2,0,2,3,15,1,0
429,Zeki Celik,Roma,12.1,26,17,9,10,7,12,22,54.5,10,11,3,8,5,31,32,1
430,Fabien Centonze,Nantes,0.9,3,1,1,1,1,1,3,33.3,2,1,0,1,1,4,7,0
431,Alberto Cerri,Como,0.9,0,0,0,0,0,0,0,0.0,0,2,0,2,0,0,1,0
432,Franco Cervi,Celta Vigo,0.1,0,0,0,0,0,0,2,0.0,2,0,0,0,1,1,0,0
433,Julian Chabot,Stuttgart,10.2,17,10,11,5,1,9,20,45.0,11,8,4,4,20,37,49,0
434,El Chadaille Bitshiabu,RB Leipzig,2.5,8,4,3,5,0,3,5,60.0,2,4,2,2,5,13,11,1
435,Fares Chaibi,Eint Frankfurt,5.3,8,5,3,3,2,4,8,50.0,4,8,0,8,6,14,20,1
436,Trevoh Chalobah,Crystal Palace,6.9,11,9,5,5,1,6,12,50.0,6,13,7,6,14,25,35,3
437,Timothy Chandler,Eint Frankfurt,0.2,0,0,0,0,0,0,0,0.0,0,0,0,0,3,3,0,0
438,Conor Chaplin,Ipswich Town,4.0,7,4,3,4,0,4,7,57.1,3,6,0,6,2,9,1,0
439,Brendan Chardonnet,Brest,11.0,15,10,7,6,2,10,18,55.6,8,9,7,2,11,26,54,1
440,Gabriel Charpentier,Parma,3.0,4,3,2,1,1,3,4,75.0,1,3,0,3,0,4,9,0
442,Raul Chasco,Valladolid,1.4,4,1,3,1,0,2,4,50.0,2,1,0,1,2,6,2,0
443,Anrie Chase,Stuttgart,6.6,9,4,6,3,0,5,7,71.4,2,9,6,3,8,17,28,0
444,Pep Chavarria,Rayo Vallecano,7.3,12,8,9,3,0,6,14,42.9,8,8,2,6,10,22,22,0
445,Arthur Chaves,Hoffenheim,4.7,8,5,3,5,0,4,9,44.4,5,8,2,6,5,13,22,0
446,Jhoanner Chavez,Lens,6.4,8,4,4,3,1,2,7,28.6,5,10,1,9,6,14,12,0
447,Walid Cheddira,Napoli,0.1,0,0,0,0,0,0,0,0.0,0,0,0,0,0,0,0,0
448,Walid Cheddira,Espanyol,4.3,3,0,0,0,3,0,0,0.0,0,2,0,2,1,4,5,0
449,Theo Chennahi,Montpellier,0.1,0,0,0,0,0,0,0,0.0,0,1,0,1,0,0,0,0
450,Sidiki Cherif,Angers,3.1,4,4,0,3,1,3,4,75.0,1,2,0,2,0,4,0,1
451,Rayan Cherki,Lyon,5.5,4,4,1,2,1,2,7,28.6,5,3,0,3,1,5,2,0
452,Lucas Chevalier,Lille,13.0,2,2,2,0,0,2,2,100.0,0,0,0,0,0,2,1,0
453,Fabio Chiarodia,Gladbach,0.5,2,1,1,1,0,1,1,100.0,0,0,0,0,0,2,9,0
454,Julian Chicco,Leganés,2.0,6,4,0,6,0,3,5,60.0,2,2,0,2,2,8,2,0
455,Leandro Chichizola,Parma,1.0,0,0,0,0,0,0,0,0.0,0,0,0,0,0,0,2,0
456,Federico Chiesa,Liverpool,0.2,0,0,0,0,0,0,0,0.0,0,0,0,0,0,0,0,0
457,Chiquinho,Wolves,0.1,0,0,0,0,0,0,0,0.0,0,0,0,0,0,0,0,0
458,Chiquinho,Mallorca,1.6,1,0,0,1,0,0,7,0.0,7,3,0,3,2,3,0,0
459,Pedro Chirivella,Nantes,11.5,17,16,8,8,1,8,16,50.0,8,5,0,5,4,21,25,0
460,Joris Chotard,Montpellier,5.6,12,6,4,8,0,5,9,55.6,4,5,0,5,7,19,9,0
461,Hamza Choudhury,Leicester City,0.2,0,0,0,0,0,0,0,0.0,0,0,0,0,1,1,1,0
462,Andreas Christensen,Barcelona,0.3,0,0,0,0,0,0,0,0.0,0,0,0,0,0,0,2,0
463,Ryan Christie,Bournemouth,8.8,13,8,6,6,1,5,16,31.3,11,17,5,12,6,19,20,1
464,Samuel Chukwueze,Milan,5.9,6,2,3,2,1,3,11,27.3,8,2,0,2,0,6,4,0
465,Aaron Ciammaglichella,Torino,0.0,0,0,0,0,0,0,0,0.0,0,0,0,0,0,0,0,0
466,Jasper Cillessen,Las Palmas,12.7,1,0,1,0,0,1,1,100.0,0,0,0,0,0,1,9,0
468,Alessandro Circati,Parma,4.0,4,2,3,1,0,1,1,100.0,0,5,4,1,2,6,29,1
469,Pathe Ciss,Rayo Vallecano,5.1,9,6,4,5,0,1,9,11.1,8,7,4,3,9,18,25,0
470,Alphadjo Cisse,Hellas Verona,0.0,0,0,0,0,0,0,0,0.0,0,0,0,0,0,0,0,0
471,Seydouba Cisse,Leganés,10.1,21,13,7,11,3,7,16,43.8,9,11,0,11,6,27,15,1
472,Harry Clarke,Ipswich Town,1.2,2,2,2,0,0,2,3,66.7,1,1,1,0,1,3,4,1
473,Jack Clarke,Ipswich Town,4.6,11,6,3,6,2,5,12,41.7,7,4,0,4,3,14,6,0
474,Alexis Claude-Maurice,Augsburg,5.1,11,7,4,4,3,4,6,66.7,2,2,0,2,5,16,1,0
475,Jonathan Clauss,Nice,8.8,24,16,12,11,1,13,23,56.5,10,10,2,8,17,41,24,0
476,Silvi Clua,Girona,1.8,8,7,4,3,1,4,6,66.7,2,1,0,1,2,10,6,0
477,Nathaniel Clyne,Crystal Palace,3.3,10,6,7,2,1,5,6,83.3,1,2,1,1,3,13,10,1
478,Conor Coady,Leicester City,1.1,1,1,1,0,0,0,0,0.0,0,4,3,1,1,2,9,0
479,Marcus Coco,Nantes,4.8,14,14,6,6,2,7,16,43.8,9,6,2,4,3,17,12,0
480,Saul Coco,Torino,13.0,12,7,9,3,0,2,8,25.0,6,18,12,6,20,32,58,3
481,Seamus Coleman,Everton,1.0,1,0,0,1,0,1,2,50.0,1,2,1,1,0,1,2,0
482,Nathan Collins,Brentford,13.0,17,9,10,5,2,11,15,73.3,4,35,26,9,13,30,72,0
483,Nnamdi Collins,Eint Frankfurt,3.1,6,6,5,0,1,3,3,100.0,0,9,4,5,3,9,14,1
484,Toby Collyer,Manchester Utd,0.5,4,3,1,3,0,2,2,100.0,0,0,0,0,0,4,1,0
485,Lorenzo Colombo,Empoli,9.7,11,6,4,3,4,4,11,36.4,7,9,1,8,1,12,4,0
486,Andrea Colpani,Fiorentina,10.3,8,3,3,4,1,0,5,0.0,5,3,0,3,2,10,8,0
487,Levi Colwill,Chelsea,13.0,12,8,9,3,0,4,8,50.0,4,19,13,6,15,27,43,1
488,Kingsley Coman,Bayern Munich,6.7,10,6,3,2,5,3,5,60.0,2,6,0,6,5,15,12,0
489,Eray Comert,Valladolid,9.9,13,8,6,7,0,6,11,54.5,5,16,9,7,12,25,32,1
490,Santi Comesana,Villarreal,11.2,31,20,16,13,2,13,24,54.2,11,19,8,11,9,40,16,0
491,Pietro Comuzzo,Fiorentina,10.5,20,10,11,7,2,10,13,76.9,3,14,10,4,10,30,32,0
492,Francisco Conceicao,Juventus,6.0,9,5,3,3,3,4,9,44.4,5,2,0,2,4,13,1,0
494,Diego Conde,Villarreal,14.0,2,2,2,0,0,2,4,50.0,2,0,0,0,1,3,7,1
495,Tomas Conechny,Alavés,5.2,4,2,2,2,0,2,10,20.0,8,8,1,7,4,8,4,0
496,Sirlord Conteh,Heidenheim,3.2,6,3,3,3,0,2,2,100.0,0,0,0,0,0,6,1,0
497,Lewis Cook,Bournemouth,11.9,32,19,16,15,1,12,26,46.2,14,15,4,11,20,52,17,0
498,Copete,Mallorca,4.7,8,6,7,1,0,3,3,100.0,0,6,4,2,4,12,37,0
499,Diego Coppola,Hellas Verona,10.5,21,13,17,3,1,11,16,68.8,5,19,9,10,25,46,44,1
500,Derek Cornelius,Marseille,5.7,9,5,6,3,0,7,9,77.8,2,7,3,4,3,12,23,0
501,Maxwel Cornet,Southampton,0.8,5,5,1,4,0,0,4,0.0,4,0,0,0,0,5,2,0
502,Pierre Cornud,Saint-Étienne,2.5,3,3,2,0,1,3,4,75.0,1,4,1,3,3,6,11,1
503,Angel Correa,Atlético Madrid,4.5,3,0,2,0,1,1,5,20.0,4,4,0,4,2,5,2,0
504,Joaquin Correa,Inter,1.5,1,0,0,1,0,0,0,0.0,0,0,0,0,0,1,0,0
505,Thierry Correia,Valencia,8.5,27,18,19,5,3,13,23,56.5,10,10,1,9,4,31,18,0
506,Coba da Costa,Getafe,0.5,2,2,1,1,0,0,0,0.0,0,1,0,1,1,3,0,0
507,Danny da Costa,Mainz 05,3.9,10,4,7,2,1,3,3,100.0,0,5,1,4,3,13,8,0
508,David Costa,Lens,3.1,2,0,1,1,0,1,4,25.0,3,5,1,4,1,3,0,0
509,Logan Costa,Villarreal,10.2,13,8,8,4,1,9,10,90.0,1,6,4,2,5,18,35,1
510,Logan Costa,Toulouse,1.0,2,1,0,2,0,1,1,100.0,0,2,2,0,2,4,4,0
511,Samu Costa,Mallorca,13.2,40,19,23,16,1,16,30,53.3,14,20,5,15,17,57,41,0
512,Vladimir Coufal,West Ham,3.0,2,1,1,1,0,1,4,25.0,3,2,2,0,2,4,5,0
513,Lassana Coulibaly,Lecce,8.9,11,7,4,7,0,5,15,33.3,10,14,4,10,7,18,9,0
514,Lasso Coulibaly,Auxerre,0.4,0,0,0,0,0,0,0,0.0,0,0,0,0,0,0,0,0
515,Soumaila Coulibaly,Brest,3.6,2,2,0,2,0,0,0,0.0,0,4,1,3,5,7,13,0
516,Tanguy Coulibaly,Montpellier,4.9,9,6,2,6,1,2,8,25.0,6,3,0,3,4,13,0,0
517,Woyo Coulibaly,Parma,10.0,12,9,8,2,2,5,11,45.5,6,17,2,15,8,20,20,0
518,Thibaut Courtois,Real Madrid,11.0,0,0,0,0,0,0,0,0.0,0,0,0,0,1,1,2,0
520,Yan Couto,Dortmund,3.3,5,3,4,1,0,4,7,57.1,3,6,0,6,3,8,8,1
521,Nicolas Cozza,Nantes,8.3,23,16,14,7,2,9,18,50.0,9,8,3,5,7,30,25,0
522,Aaron Cresswell,West Ham,0.3,1,0,0,1,0,1,1,100.0,0,1,0,1,0,1,3,0
523,Charlie Cresswell,Toulouse,9.8,13,5,6,7,0,12,20,60.0,8,11,9,2,10,23,50,1
524,Bryan Cristante,Roma,11.1,23,17,7,13,3,9,16,56.3,7,12,7,5,11,34,20,0
525,Domen Crnigoj,Venezia,1.1,4,2,0,1,3,1,2,50.0,1,4,2,2,2,6,3,0
526,Juan Cruz Armada,Osasuna,6.1,8,4,3,5,0,4,8,50.0,4,4,0,4,2,10,17,0
527,Juan Cruz,Leganés,10.2,8,6,2,6,0,5,11,45.5,6,6,1,5,6,14,10,0
528,Juan Cuadrado,Atalanta,2.3,1,0,0,0,1,1,6,16.7,5,2,1,1,1,2,3,0
529,Pau Cubarsi,Barcelona,13.3,12,8,9,2,1,8,15,53.3,7,5,4,1,9,21,31,0
530,Marc Cucurella,Chelsea,10.2,21,14,13,8,0,11,21,52.4,10,18,5,13,11,32,30,0
531,Jorge Cuenca,Fulham,0.0,1,1,1,0,0,1,1,100.0,0,0,0,0,0,1,1,0
532,Matheus Cunha,Wolves,11.8,15,10,6,7,2,4,15,26.7,11,11,0,11,8,23,15,0
533,Patrick Cutrone,Como,12.2,9,7,0,5,4,5,8,62.5,3,5,0,5,2,11,6,0
534,Tomas Cvancara,Gladbach,2.4,1,1,0,1,0,1,2,50.0,1,3,2,1,0,1,5,0
535,Wylan Cyprien,Parma,0.3,0,0,0,0,0,0,1,0.0,1,1,0,1,1,1,0,0
536,Danilo D'Ambrosio,Monza,2.4,9,3,8,0,1,3,7,42.9,4,4,2,2,2,11,4,0
537,Lucas Da Cunha,Como,6.9,16,6,5,7,4,5,8,62.5,3,5,0,5,4,20,5,0
538,Samuel Dahl,Roma,0.5,2,2,0,2,0,1,2,50.0,1,2,0,2,0,2,0,0
539,Mahmoud Dahoud,Eint Frankfurt,2.2,5,2,4,1,0,2,3,66.7,1,4,1,3,1,6,2,0
540,Patson Daka,Leicester City,0.4,1,0,0,0,1,1,3,33.3,2,0,0,0,0,1,0,0
541,Ameen Al-Dakhil,Stuttgart,0.1,0,0,0,0,0,0,0,0.0,0,0,0,0,0,0,2,0
542,Thijs Dallinga,Bologna,2.6,5,3,0,1,4,1,1,100.0,0,2,1,1,0,5,4,0
543,Diogo Dalot,Manchester Utd,12.6,31,23,18,10,3,14,23,60.9,9,12,6,6,20,51,28,0
544,Mikkel Damsgaard,Brentford,10.3,31,20,14,9,8,10,23,43.5,13,17,1,16,12,43,21,1
546,Flavius Daniliuc,Hellas Verona,6.3,16,11,11,5,0,9,16,56.3,7,4,1,3,5,21,14,0
547,Danilo,Nott'ham Forest,0.2,0,0,0,0,0,0,0,0.0,0,0,0,0,0,0,0,0
548,Danilo,Juventus,4.5,7,4,4,2,1,3,7,42.9,4,4,3,1,8,15,18,0
549,Arnaut Danjuma,Villarreal,2.2,2,1,0,1,1,0,1,0.0,1,1,0,1,0,2,0,0
550,Arnaut Danjuma,Girona,6.4,5,3,2,2,1,1,4,25.0,3,4,1,3,1,6,0,0
551,Kevin Danois,Auxerre,7.8,26,17,11,12,3,10,25,40.0,15,4,0,4,14,40,8,0
552,Kevin Danso,Lens,8.0,11,2,9,2,0,6,7,85.7,1,20,17,3,16,27,41,1
553,Dante,Nice,8.3,19,8,9,8,2,10,15,66.7,5,5,1,4,11,30,26,0
554,Pape Daouda Diongue,Strasbourg,0.6,1,0,0,1,0,0,0,0.0,0,0,0,0,3,4,0,0
555,Mohammed Daramy,Reims,0.2,0,0,0,0,0,0,0,0.0,0,0,0,0,0,0,1,0
556,Bence Dardai,Wolfsburg,3.8,8,6,2,6,0,4,7,57.1,3,6,1,5,1,9,4,0
557,Sergi Darder,Mallorca,10.9,20,12,9,6,5,6,16,37.5,10,4,0,4,4,24,8,1
558,Matteo Darmian,Inter,8.4,19,10,8,8,3,11,16,68.8,5,4,3,1,2,21,13,0
559,Lukas Daschner,Bochum,4.2,4,2,1,2,1,2,9,22.2,7,5,0,5,0,4,3,0
560,Juan David Cabal,Juventus,5.1,10,4,7,3,0,8,12,66.7,4,2,0,2,2,12,14,1
561,Jonathan David,Lille,11.1,10,2,2,5,3,3,8,37.5,5,6,2,4,3,13,3,0
562,Alphonso Davies,Bayern Munich,10.2,17,11,5,10,2,8,9,88.9,1,8,1,7,7,24,12,1
563,Ben Davies,Tottenham,2.3,1,0,0,1,0,1,4,25.0,3,5,4,1,5,6,16,0
564,Keinan Davis,Udinese,7.6,6,3,1,3,2,1,2,50.0,1,2,1,1,1,7,4,0
565,Leif Davis,Ipswich Town,13.0,23,13,18,2,3,17,29,58.6,12,10,1,9,11,34,36,0
566,Zuriko Davitashvili,Saint-Étienne,12.3,10,5,3,5,2,8,21,38.1,13,7,0,7,8,18,3,0
567,Pawel Dawidowicz,Hellas Verona,4.7,9,7,2,6,1,3,4,75.0,1,2,1,1,3,12,14,0
568,Craig Dawson,Wolves,8.8,13,3,7,5,1,11,14,78.6,3,14,11,3,8,21,44,1
569,Kevin De Bruyne,Manchester City,4.5,4,3,2,1,1,1,5,20.0,4,2,0,2,2,6,0,0
570,Charles De Ketelaere,Atalanta,9.6,4,4,0,3,1,1,6,16.7,5,4,2,2,1,5,4,0
572,Rodrigo De Paul,Atlético Madrid,7.2,5,4,2,3,0,5,9,55.6,4,5,0,5,2,7,7,2
573,Mattia De Sciglio,Empoli,1.9,3,1,0,3,0,3,4,75.0,1,2,0,2,2,5,8,0
574,Lorenzo De Silvestri,Bologna,4.8,5,3,3,1,1,3,9,33.3,6,4,0,4,3,8,13,0
575,Thibault De Smet,Reims,1.1,2,2,2,0,0,1,1,100.0,0,3,1,2,2,4,9,0
576,Koni De Winter,Genoa,7.0,12,9,6,5,1,4,6,66.7,2,2,1,1,8,20,34,0
577,Alessandro Deiola,Cagliari,6.4,14,8,4,9,1,5,18,27.8,13,7,5,2,3,17,16,0
578,Romain Del Castillo,Brest,7.4,16,10,3,7,6,10,14,71.4,4,10,0,10,2,18,0,0
579,Enrico Del Prato,Parma,12.2,6,4,4,2,0,3,7,42.9,4,30,15,15,12,18,55,1
580,Liam Delap,Ipswich Town,10.5,3,1,1,1,1,0,7,0.0,7,4,0,4,1,4,11,0
581,Fisayo Dele-Bashiru,Lazio,2.5,4,3,1,2,1,0,0,0.0,0,3,0,3,0,4,0,0
582,Olivier Deman,Werder Bremen,0.6,6,3,2,4,0,2,7,28.6,5,1,0,1,0,6,3,0
583,Ali Dembele,Torino,0.7,2,1,1,1,0,2,2,100.0,0,0,0,0,0,2,2,0
584,Ousmane Dembele,Paris S-G,7.7,5,2,0,2,3,2,4,50.0,2,1,0,1,6,11,0,1
585,Ermedin Demirovic,Stuttgart,7.9,4,3,1,1,2,0,4,0.0,4,7,0,7,2,6,4,0
586,Sepp van den Berg,Brentford,10.0,16,9,10,4,2,7,13,53.8,6,17,9,8,7,23,34,2
587,Arthur Desmas,Le Havre,13.0,0,0,0,0,0,0,1,0.0,1,0,0,0,0,0,5,1
588,Justin Devenny,Crystal Palace,1.9,6,5,5,1,0,4,6,66.7,2,1,0,1,0,6,1,0
589,Kiernan Dewsbury-Hall,Chelsea,0.5,0,0,0,0,0,0,0,0.0,0,1,0,1,1,1,1,1
590,Michele Di Gregorio,Juventus,10.0,0,0,0,0,0,0,0,0.0,0,0,0,0,0,0,2,0
591,Giovanni Di Lorenzo,Napoli,14.0,30,21,17,12,1,21,29,72.4,8,6,3,3,14,44,39,1
592,Boulaye Dia,Lazio,8.0,7,3,3,1,3,3,7,42.9,4,2,0,2,3,10,2,1
593,Mamadou Diakhon,Reims,1.6,5,5,2,0,3,4,5,80.0,1,0,0,0,1,6,1,0
594,Bafode Diakite,Lille,13.0,15,9,9,4,2,11,16,68.8,5,12,6,6,14,29,35,3
595,Oumar Diakite,Reims,10.1,11,7,6,4,1,6,11,54.5,5,7,1,6,2,13,6,0
596,Amad Diallo,Manchester Utd,7.4,20,16,4,10,6,9,14,64.3,5,3,0,3,4,24,10,0
598,Assane Diao,Betis,2.4,4,2,0,3,1,3,7,42.9,4,2,0,2,0,4,3,0
599,Habib Diarra,Strasbourg,11.2,9,6,0,7,2,5,8,62.5,3,6,0,6,2,11,12,1
600,Moussa Diarra,Alavés,7.4,15,10,5,9,1,9,14,64.3,5,4,1,3,8,23,5,0
601,Ruben Dias,Manchester City,9.1,7,4,3,3,1,3,4,75.0,1,5,4,1,10,17,27,1
602,Krepin Diatta,Monaco,2.2,11,7,8,1,2,7,13,53.8,6,4,1,3,3,14,7,1
603,Kandet Diawara,Le Havre,0.0,0,0,0,0,0,0,0,0.0,0,1,0,1,0,0,1,0
604,Mahamadou Diawara,Lyon,0.2,1,0,0,1,0,1,3,33.3,2,2,0,2,0,1,0,0
605,Brahim Diaz,Real Madrid,3.5,10,6,4,5,1,0,4,0.0,4,2,0,2,1,11,0,0
606,Luis Diaz,Liverpool,8.5,13,7,5,7,1,6,13,46.2,7,8,0,8,3,16,4,1
607,Pedro Diaz,Rayo Vallecano,1.0,1,1,0,1,0,1,1,100.0,0,3,0,3,1,2,1,0
608,Tyler Dibling,Southampton,8.3,14,10,6,7,1,6,10,60.0,4,5,1,4,4,18,5,0
609,Diego,Leganés,3.0,0,0,0,0,0,0,1,0.0,1,0,0,0,0,0,5,0
610,Justin Diehl,Stuttgart,0.9,0,0,0,0,0,0,0,0.0,0,2,0,2,0,0,0,0
611,Bamba Dieng,Angers,3.6,2,0,0,1,1,0,0,0.0,0,1,0,1,0,2,3,0
612,Eric Dier,Bayern Munich,0.5,1,1,1,0,0,0,1,0.0,1,1,0,1,0,1,3,0
613,Lucas Digne,Aston Villa,10.6,26,16,15,7,4,17,27,63.0,10,11,3,8,14,40,33,0
614,Federico Dimarco,Inter,10.6,8,3,3,3,2,5,7,71.4,2,10,2,8,6,14,11,0
615,Junior Dina Ebimbe,Eint Frankfurt,3.1,2,1,1,1,0,0,2,0.0,2,4,0,4,7,9,6,0
616,Eren Dinkci,Freiburg,6.5,12,7,3,6,3,3,13,23.1,10,10,1,9,4,16,1,0
617,Sinaly Diomande,Auxerre,7.8,10,7,3,6,1,8,12,66.7,4,13,9,4,9,19,26,0
618,Lois Diony,Angers,0.2,0,0,0,0,0,0,0,0.0,0,0,0,0,0,0,0,0
619,Issa Diop,Fulham,5.4,11,7,7,4,0,4,6,66.7,2,6,5,1,1,12,24,0
620,Sofiane Diop,Nice,3.3,4,4,2,0,2,1,6,16.7,5,7,0,7,3,7,2,0
621,Andy Diouf,Lens,10.5,16,10,4,10,2,10,19,52.6,9,14,1,13,6,22,7,0
622,Yehvann Diouf,Reims,13.0,1,1,1,0,0,1,2,50.0,1,0,0,0,0,1,4,1
624,Assane Diousse,Auxerre,0.3,1,1,0,1,0,0,0,0.0,0,0,0,0,0,1,1,0
625,Axel Disasi,Chelsea,1.0,1,1,1,0,0,1,3,33.3,2,1,0,1,1,2,3,0
626,Roman Dixon,Everton,1.0,5,5,3,2,0,4,4,100.0,0,1,0,1,1,6,3,0
627,Alvaro djalo,Athletic Club,4.8,5,3,3,2,0,1,3,33.3,2,2,0,2,1,6,2,0
628,Djene,Getafe,11.5,6,1,3,3,0,1,8,12.5,7,8,5,3,11,17,44,0
629,Berat Djimsiti,Atalanta,10.4,25,15,13,12,0,12,14,85.7,2,13,8,5,19,44,36,1
630,Marko Dmitrovic,Leganés,9.0,0,0,0,0,0,0,1,0.0,1,0,0,0,0,0,11,2
631,Ritsu Doan,Freiburg,11.2,19,14,11,6,2,8,15,53.3,7,18,0,18,6,25,12,1
632,Dodo,Fiorentina,12.9,13,10,7,3,3,9,16,56.3,7,10,3,7,18,31,23,0
633,Danilho Doekhi,Union Berlin,12.0,14,9,7,5,2,6,9,66.7,3,16,5,11,14,28,36,0
634,Matt Doherty,Wolves,2.4,8,6,6,2,0,4,5,80.0,1,4,1,3,2,10,8,0
635,Jeremy Doku,Manchester City,4.9,10,5,3,3,4,1,3,33.3,2,4,0,4,0,10,1,0
636,Marc Domenech,Mallorca,1.3,0,0,0,0,0,0,2,0.0,2,2,0,2,0,0,0,0
637,Alex Dominguez,Toulouse,0.2,0,0,0,0,0,0,0,0.0,0,0,0,0,0,0,0,0
638,Benjamin Dominguez,Bologna,0.8,2,0,0,1,1,0,0,0.0,0,0,0,0,0,2,1,0
639,Carlos Dominguez,Celta Vigo,3.8,7,4,4,3,0,4,7,57.1,3,4,4,0,4,11,22,0
640,Israel Dominguez,Sevilla,0.2,0,0,0,0,0,0,0,0.0,0,0,0,0,0,0,0,0
641,Nicolas Dominguez,Nott'ham Forest,6.7,24,11,10,10,4,13,23,56.5,10,17,4,13,13,37,15,0
642,Sergi Dominguez,Barcelona,1.9,1,1,1,0,0,0,0,0.0,0,0,0,0,3,4,7,0
643,Gianluigi Donnarumma,Paris S-G,9.0,1,1,1,0,0,1,1,100.0,0,0,0,0,0,1,3,0
644,Patrick Dorgu,Lecce,12.4,26,14,11,11,4,14,26,53.8,12,13,3,10,12,38,21,1
645,Niklas Dorsch,Augsburg,0.4,0,0,0,0,0,0,0,0.0,0,1,0,1,0,0,0,0
646,Niklas Dorsch,Heidenheim,5.1,9,5,4,5,0,2,7,28.6,5,5,0,5,5,14,4,0
647,Alberto Dossena,Como,11.6,16,9,13,3,0,7,12,58.3,5,9,6,3,12,28,57,1
648,Abdoulaye Doucoure,Everton,9.0,14,6,8,5,1,5,6,83.3,1,14,3,11,4,18,6,0
650,Cheick Doucoure,Crystal Palace,2.2,6,3,1,4,1,1,4,25.0,3,4,0,4,6,12,2,0
651,Desire Doue,Paris S-G,4.5,5,3,1,4,0,2,10,20.0,8,3,0,3,1,6,1,0
652,Guela Doue,Strasbourg,12.0,24,18,14,4,6,14,20,70.0,6,11,0,11,19,43,58,0
653,Douglas,Nantes,10.4,27,16,10,12,5,8,17,47.1,9,22,4,18,8,35,14,0
654,Ismael Doukoure,Strasbourg,9.8,15,6,6,9,0,8,8,100.0,0,15,5,10,8,23,28,2
655,Issa Doumbia,Venezia,1.6,3,1,1,2,0,3,4,75.0,1,3,1,2,1,4,2,0
656,Kamory Doumbia,Brest,4.5,13,8,5,6,2,8,17,47.1,9,4,0,4,8,21,4,0
657,Amidou Doumbouya,Nice,0.2,1,1,0,0,1,1,1,100.0,0,3,1,2,1,2,0,0
658,Anastasios Douvikas,Celta Vigo,6.7,8,3,2,5,1,3,5,60.0,2,5,2,3,3,11,5,0
659,Artem Dovbyk,Roma,12.3,3,2,0,1,2,0,2,0.0,2,6,2,4,1,4,6,0
660,Flynn Downes,Southampton,11.7,26,14,13,11,2,7,22,31.8,15,16,3,13,15,41,22,3
661,Tommy Doyle,Wolves,3.0,3,1,0,3,0,2,5,40.0,3,4,1,3,2,5,5,0
662,Radu Dragusin,Tottenham,5.1,5,3,4,1,0,3,7,42.9,4,8,6,2,5,10,20,2
663,Patrick Drewes,Bochum,12.0,0,0,0,0,0,0,1,0.0,1,0,0,0,0,0,9,1
664,Tim Drexler,Hoffenheim,4.0,17,7,11,6,0,9,12,75.0,3,6,4,2,1,18,9,1
665,Domingos Duarte,Getafe,2.0,2,2,2,0,0,2,2,100.0,0,1,1,0,2,4,7,0
666,Marvin Ducksch,Werder Bremen,10.9,6,4,1,4,1,2,11,18.2,9,2,0,2,3,9,13,1
667,Ondrej Duda,Hellas Verona,7.9,11,7,5,6,0,6,15,40.0,9,8,2,6,9,20,5,3
668,Denzel Dumfries,Inter,5.3,5,4,1,2,2,2,6,33.3,4,5,0,5,2,7,5,0
669,Alfred Duncan,Venezia,8.8,14,5,3,9,2,4,12,33.3,8,4,2,2,8,22,6,0
670,Lewis Dunk,Brighton,8.0,3,1,3,0,0,1,1,100.0,0,9,5,4,7,10,22,0
671,Jhon Duran,Aston Villa,3.7,5,4,1,0,4,1,3,33.3,2,3,0,3,0,5,8,0
672,Pablo Duran,Celta Vigo,2.1,3,2,0,2,1,2,4,50.0,2,1,1,0,2,5,2,0
673,Julien Duranville,Dortmund,0.4,0,0,0,0,0,0,0,0.0,0,1,0,1,0,0,0,0
674,Hugo Duro,Valencia,9.6,7,5,3,3,1,2,2,100.0,0,6,1,5,6,13,5,0
676,Jean-Kevin Duverne,Nantes,5.5,20,12,12,4,4,14,26,53.8,12,10,3,7,8,28,21,0
677,Paulo Dybala,Roma,6.8,10,4,2,5,3,5,7,71.4,2,4,0,4,1,11,0,0
678,Stefan Dzodic,Montpellier,1.9,5,2,3,2,0,3,5,60.0,2,2,1,1,4,9,7,0
679,Adam Dzwigala,St. Pauli,1.1,8,3,7,1,0,5,7,71.4,2,0,0,0,0,8,5,0
680,Aron Donnum,Toulouse,10.1,15,8,5,8,2,6,17,35.3,11,10,2,8,8,23,16,0
681,Enzo Ebosse,Udinese,1.0,0,0,0,0,0,0,2,0.0,2,3,3,0,1,1,1,0
682,Ederson,Manchester City,12.0,0,0,0,0,0,0,1,0.0,1,0,0,0,1,1,3,1
683,Ederson,Atalanta,12.8,14,11,5,8,1,7,13,53.8,6,6,1,5,14,28,13,0
684,George Edmundson,Ipswich Town,0.0,0,0,0,0,0,0,0,0.0,0,0,0,0,0,0,0,0
685,Odsonne Edouard,Crystal Palace,1.3,1,0,0,1,0,0,2,0.0,2,1,0,1,0,1,1,0
686,Odsonne Edouard,Leicester City,0.3,1,1,1,0,0,0,0,0.0,0,0,0,0,0,1,1,0
687,Samuel Edozie,Southampton,0.7,3,1,0,1,2,2,2,100.0,0,0,0,0,0,3,0,0
688,Johannes Eggestein,St. Pauli,10.8,1,0,0,0,1,0,2,0.0,2,1,0,1,0,1,4,0
689,Maximilian Eggestein,Freiburg,10.4,15,8,5,8,2,8,14,57.1,6,11,2,9,15,30,15,0
690,Kingsley Ehizibue,Udinese,12.7,24,17,15,7,2,12,21,57.1,9,17,4,13,12,36,29,2
691,Chidera Ejuke,Sevilla,6.0,5,3,0,3,2,3,9,33.3,6,6,0,6,1,6,2,0
692,Jeff Ekhator,Genoa,4.0,0,0,0,0,0,0,0,0.0,0,4,0,4,0,0,1,0
693,Hugo Ekitike,Eint Frankfurt,8.7,5,2,2,2,1,3,4,75.0,1,4,0,4,4,9,5,0
694,Jurgen Ekkelenkamp,Udinese,4.8,8,6,2,6,0,6,9,66.7,3,6,1,5,3,11,4,0
695,Jacques Ekomie,Angers,2.5,6,5,3,2,1,2,4,50.0,2,6,0,6,2,8,6,0
696,Emmanuel Ekong,Empoli,1.5,3,2,0,2,1,2,2,100.0,0,1,0,1,1,4,1,0
697,Caleb Ekuban,Genoa,2.3,1,1,0,1,0,0,0,0.0,0,2,0,2,0,1,3,0
698,Pierre Ekwah Elimby,Saint-Étienne,9.7,18,12,8,10,0,11,17,64.7,6,9,5,4,15,33,36,0
699,Anthony Elanga,Nott'ham Forest,7.8,7,4,3,3,1,2,6,33.3,4,4,0,4,3,10,11,0
700,Mikael Ellertsson,Venezia,9.4,18,7,9,6,3,9,17,52.9,8,11,2,9,5,23,22,0
702,Harvey Elliott,Liverpool,0.1,1,1,1,0,0,0,0,0.0,0,0,0,0,0,1,0,0
703,Elif Elmas,RB Leipzig,0.5,3,1,3,0,0,1,3,33.3,2,2,0,2,0,3,2,0
704,Aritz Elustondo,Real Sociedad,3.1,6,3,4,1,1,3,3,100.0,0,6,5,1,2,8,15,0
705,Nico Elvedi,Gladbach,5.5,10,5,5,2,3,6,6,100.0,0,10,8,2,8,18,19,0
706,Adri Embarba,Rayo Vallecano,7.3,14,5,7,6,1,7,14,50.0,7,7,1,6,5,19,5,0
707,Breel Embolo,Monaco,7.5,3,2,1,1,1,1,7,14.3,6,3,0,3,1,4,3,0
708,Emanuel Emegha,Strasbourg,7.1,4,4,0,2,2,1,1,100.0,0,6,4,2,0,4,8,0
709,Emerson,Milan,9.5,25,16,12,9,4,12,23,52.2,11,5,2,3,8,33,25,0
710,Yunus Emre Konak,Brentford,0.2,1,1,0,1,0,0,1,0.0,1,0,0,0,0,1,0,0
711,Julio Enciso,Brighton,1.0,0,0,0,0,0,0,1,0.0,1,1,0,1,0,0,0,0
712,Wataru Endo,Liverpool,0.3,3,2,0,3,0,2,2,100.0,0,2,0,2,1,4,1,0
713,Endrick,Real Madrid,0.7,0,0,0,0,0,0,1,0.0,1,0,0,0,1,1,0,0
714,Yannik Engelhardt,Como,4.9,10,6,4,5,1,5,9,55.6,4,1,0,1,3,13,7,0
715,Arne Engels,Augsburg,0.9,0,0,0,0,0,0,0,0.0,0,1,1,0,0,0,0,0
716,Christian Eriksen,Manchester Utd,5.6,9,3,2,5,2,5,10,50.0,5,4,1,3,4,13,5,0
717,Martin Erlic,Bologna,2.5,2,0,0,2,0,1,2,50.0,1,5,4,1,1,3,5,0
718,Patrick Erras,Holstein Kiel,9.2,8,5,6,2,0,2,9,22.2,7,13,11,2,9,17,64,0
719,Alfonso Espino,Rayo Vallecano,3.4,16,9,10,5,1,9,20,45.0,11,6,2,4,7,23,7,0
720,Sebastiano Esposito,Empoli,6.5,17,9,5,10,2,8,15,53.3,7,4,1,3,5,22,2,0
721,Samuel Essende,Augsburg,5.6,1,1,0,0,1,0,0,0.0,0,4,1,3,0,1,2,0
722,Dario Essugo,Las Palmas,8.4,20,14,12,5,3,9,15,60.0,6,8,5,3,19,39,22,5
723,Nahuel Estevez,Parma,3.9,6,3,4,1,1,2,8,25.0,6,6,2,4,3,9,14,0
724,Pervis Estupinan,Brighton,7.8,21,14,13,7,1,6,12,50.0,6,3,2,1,12,33,22,0
725,Evanilson,Bournemouth,9.7,7,4,1,3,3,3,5,60.0,2,7,1,6,0,7,9,0
726,Jonny Evans,Manchester Utd,3.2,7,5,4,3,0,2,4,50.0,2,2,1,1,4,11,13,0
728,Eberechi Eze,Crystal Palace,9.7,15,8,6,7,2,6,15,40.0,9,6,0,6,5,20,3,1
729,Abde Ezzalzouli,Betis,11.7,19,14,10,8,1,6,10,60.0,4,16,3,13,4,23,5,0
730,Giovanni Fabbian,Bologna,4.3,6,5,1,2,3,3,6,50.0,3,1,1,0,1,7,4,0
731,Lukasz Fabianski,West Ham,5.5,0,0,0,0,0,0,1,0.0,1,0,0,0,0,0,3,0
732,Alieu Fadera,Como,9.2,28,23,12,10,6,11,27,40.7,16,7,1,6,3,31,3,0
733,Wout Faes,Leicester City,13.0,18,13,14,3,1,8,23,34.8,15,26,18,8,9,27,83,3
734,Nicolo Fagioli,Juventus,5.4,11,7,7,3,1,5,7,71.4,2,1,0,1,2,13,4,0
735,Romain Faivre,Brest,5.3,8,8,3,4,1,4,9,44.4,5,1,0,1,3,11,2,1
736,Wladimiro Falcone,Lecce,14.0,0,0,0,0,0,0,0,0.0,0,0,0,0,0,0,9,1
737,Davide Faraoni,Hellas Verona,0.5,1,1,0,1,0,0,2,0.0,2,1,1,0,0,1,2,1
738,Abdul Fatawu Issahaku,Leicester City,6.4,21,15,13,2,6,11,19,57.9,8,7,0,7,4,25,12,0
739,Ansu Fati,Barcelona,1.4,1,1,0,1,0,0,0,0.0,0,0,0,0,0,1,0,1
740,Khalil Fayad,Montpellier,2.8,14,7,5,9,0,5,8,62.5,3,4,0,4,1,15,4,0
741,Jacopo Fazzini,Empoli,6.1,16,9,8,7,1,9,13,69.2,4,7,1,6,2,18,10,0
742,Peter Federico,Getafe,2.6,5,2,1,2,2,3,3,100.0,0,3,0,3,0,5,3,0
743,Nabil Fekir,Betis,2.0,3,2,1,1,1,1,2,50.0,1,2,0,2,0,3,0,0
744,Mattia Felici,Cagliari,1.1,0,0,0,0,0,0,2,0.0,2,0,0,0,4,4,1,0
745,Joao Felix,Chelsea,2.3,5,2,1,3,1,3,5,60.0,2,2,0,2,1,6,2,0
746,Kiko Femenia,Villarreal,12.3,25,15,18,6,1,16,30,53.3,14,14,7,7,17,42,24,0
747,Evan Ferguson,Brighton,1.4,3,2,0,3,0,2,3,66.7,1,2,1,1,0,3,3,0
748,Lewis Ferguson,Bologna,0.1,0,0,0,0,0,0,0,0.0,0,0,0,0,0,0,0,0
749,Zinedine Ferhat,Angers,2.3,1,0,0,1,0,0,2,0.0,2,1,0,1,2,3,2,0
750,Bruno Fernandes,Manchester Utd,12.0,30,19,7,17,6,10,25,40.0,15,11,1,10,10,40,13,0
751,Edimilson Fernandes,Brest,3.5,4,3,2,2,0,4,6,66.7,2,7,3,4,8,12,9,1
752,Mateus Fernandes,Southampton,9.9,34,18,17,11,6,9,24,37.5,15,12,1,11,6,40,13,2
754,Alvaro Fernandez,Sevilla,4.3,0,0,0,0,0,0,0,0.0,0,0,0,0,0,0,3,0
755,Enzo Fernandez,Chelsea,8.8,29,13,8,11,10,14,31,45.2,17,10,1,9,3,32,8,2
756,Valery Fernandez,Mallorca,1.7,5,5,3,0,2,3,5,60.0,2,2,1,1,0,5,1,0
757,Matias Fernandez-Pardo,Lille,3.4,6,4,3,3,0,4,8,50.0,4,3,0,3,1,7,3,0
758,Jordan Ferri,Montpellier,7.2,17,10,6,10,1,9,16,56.3,7,7,1,6,3,20,6,0
759,Karol Fila,Strasbourg,0.1,0,0,0,0,0,0,0,0.0,0,0,0,0,0,0,0,0
760,Kilian Fischer,Wolfsburg,9.4,23,16,18,3,2,17,40,42.5,23,17,2,15,7,30,41,2
761,Mark Flekken,Brentford,13.0,1,1,1,0,0,1,3,33.3,2,0,0,0,0,1,12,1
762,Mateo Flores,Betis,0.3,0,0,0,0,0,0,0,0.0,0,0,0,0,0,0,1,0
763,Phil Foden,Manchester City,7.0,1,0,1,0,0,1,5,20.0,4,4,1,3,3,4,2,0
764,Malick Fofana,Lyon,7.8,9,6,4,5,0,5,8,62.5,3,7,0,7,3,12,6,0
765,Wesley Fofana,Chelsea,11.3,13,12,6,7,0,6,14,42.9,8,14,9,5,12,25,49,2
766,Yahia Fofana,Angers,13.0,0,0,0,0,0,0,1,0.0,1,0,0,0,0,0,12,0
767,Youssouf Fofana,Milan,10.6,19,12,5,13,1,10,20,50.0,10,10,3,7,9,28,11,2
768,Jonas Fohrenbach,Heidenheim,11.6,21,12,13,7,1,10,14,71.4,4,12,3,9,10,31,32,0
769,Michael Folorunsho,Napoli,0.4,3,2,0,3,0,2,4,50.0,2,0,0,0,1,4,1,1
770,Lamine Fomba,Saint-Étienne,0.8,2,1,1,1,0,1,2,50.0,1,4,1,3,2,4,3,1
771,Carlos Forbs,Wolves,2.3,6,5,3,2,1,4,5,80.0,1,3,0,3,1,7,2,1
772,Pablo Fornals,Betis,10.6,11,7,5,5,1,4,14,28.6,10,17,0,17,13,24,8,1
773,Omari Forson,Monza,0.3,0,0,0,0,0,0,0,0.0,0,2,0,2,0,0,0,0
774,Fraser Forster,Tottenham,1.0,0,0,0,0,0,0,0,0.0,0,0,0,0,0,0,1,0
775,Hector Fort,Barcelona,3.0,6,5,2,3,1,5,8,62.5,3,6,0,6,4,10,9,0
776,Dimitri Foulquier,Valencia,7.4,21,15,11,7,3,10,16,62.5,6,7,0,7,2,23,13,1
777,Alejandro Frances,Girona,6.2,19,13,11,7,1,16,22,72.7,6,6,2,4,9,28,19,0
778,Przemyslaw Frankowski,Lens,8.5,17,10,9,5,3,11,17,64.7,6,5,0,5,2,19,14,0
780,Enric Franquesa,Leganés,6.8,17,9,9,6,2,9,13,69.2,4,7,1,6,5,22,12,0
781,Ryan Fraser,Southampton,2.7,6,2,2,4,0,4,6,66.7,2,1,1,0,1,7,9,0
782,Davide Frattesi,Inter,6.5,8,4,3,4,1,6,11,54.5,5,4,2,2,2,10,2,1
783,Morten Frendrup,Genoa,12.5,45,30,11,21,13,16,34,47.1,18,21,8,13,17,62,19,0
784,Martin Frese,Hellas Verona,3.7,13,7,6,7,0,5,8,62.5,3,2,1,1,6,19,14,1
785,Remo Freuler,Bologna,12.7,30,17,16,10,4,15,31,48.4,16,15,2,13,12,42,27,1
786,Marco Friedl,Werder Bremen,9.4,24,16,14,10,0,14,23,60.9,9,15,8,7,15,39,49,0
787,Marvin Friedrich,Gladbach,6.5,6,1,6,0,0,4,6,66.7,2,10,9,1,2,8,32,0
788,Jeremie Frimpong,Leverkusen,9.7,10,9,6,2,2,6,13,46.2,7,10,0,10,5,15,5,0
789,Jorge de Frutos,Rayo Vallecano,10.9,19,11,8,6,5,8,23,34.8,15,6,0,6,5,24,12,0
790,Chris Fuhrich,Stuttgart,5.9,5,3,1,3,1,5,10,50.0,5,5,1,4,1,6,7,0
791,Angelo Fulgini,Lens,4.9,4,3,1,1,2,3,4,75.0,1,6,1,5,0,4,2,0
792,Niclas Fullkrug,West Ham,0.7,0,0,0,0,0,0,0,0.0,0,0,0,0,0,0,2,0
793,Manuel Fuster,Las Palmas,3.3,5,1,1,4,0,5,10,50.0,5,4,1,3,1,6,6,0
794,Matteo Gabbia,Milan,5.7,6,4,3,2,1,2,3,66.7,1,7,5,2,2,8,16,1
795,Alessandro Gabrielloni,Como,1.0,0,0,0,0,0,0,3,0.0,3,0,0,0,0,0,0,0
796,Gianluca Gaetano,Cagliari,4.8,5,3,2,3,0,3,9,33.3,6,4,0,4,3,8,6,0
797,Roberto Gagliardini,Monza,1.1,1,0,0,1,0,0,2,0.0,2,0,0,0,1,2,4,0
798,Cody Gakpo,Liverpool,6.2,10,6,4,4,2,6,9,66.7,3,6,0,6,5,15,6,1
799,Javi Galan,Atlético Madrid,4.5,10,7,6,2,2,7,14,50.0,7,7,1,6,3,13,2,0
800,Inigo Ruiz de Galarreta,Athletic Club,7.0,16,12,9,6,1,10,15,66.7,5,5,1,4,3,19,3,0
801,Conor Gallagher,Atlético Madrid,7.7,20,13,6,11,3,9,19,47.4,10,9,1,8,7,27,12,0
802,Antonino Gallo,Lecce,12.3,26,16,17,6,3,10,20,50.0,10,15,1,14,9,35,51,0
803,Gauthier Gallon,Rennes,0.5,0,0,0,0,0,0,0,0.0,0,0,0,0,0,0,0,0
804,Cristian Gamboa,Bochum,1.3,1,1,1,0,0,1,2,50.0,1,0,0,0,0,1,2,0
806,Idrissa Gana Gueye,Everton,9.9,38,20,22,11,5,14,23,60.9,9,17,2,15,12,50,8,0
807,Ignatius Ganago,Nantes,1.6,1,1,0,1,0,1,1,100.0,0,2,1,1,3,4,1,0
808,Aleix Garcia,Leverkusen,4.2,4,1,1,2,1,2,4,50.0,2,2,0,2,2,6,4,0
809,Alvaro Garcia,Rayo Vallecano,9.0,19,13,11,5,3,8,15,53.3,7,9,0,9,12,31,15,1
810,Eric Garcia,Barcelona,4.9,10,4,2,6,2,4,6,66.7,2,8,3,5,4,14,9,0
811,Fran Garcia,Real Madrid,6.6,8,6,5,1,2,4,8,50.0,4,4,2,2,5,13,10,0
812,Joan Garcia,Espanyol,14.0,0,0,0,0,0,0,0,0.0,0,0,0,0,0,0,5,3
813,Ruben Garcia,Osasuna,8.5,21,14,9,8,4,14,23,60.9,9,13,1,12,9,30,14,0
814,Ulisses Garcia,Marseille,4.4,9,7,4,4,1,3,10,30.0,7,3,0,3,2,11,8,0
815,Alejandro Garnacho,Manchester Utd,9.2,13,10,4,4,5,3,13,23.1,10,7,0,7,5,18,7,1
816,James Garner,Everton,2.8,10,8,6,4,0,7,10,70.0,3,2,2,0,4,14,9,0
817,Yarek Gasiorowski,Valencia,5.1,16,13,14,2,0,8,11,72.7,3,7,3,4,6,22,27,0
818,Federico Gatti,Juventus,10.6,10,7,8,2,0,7,10,70.0,3,11,8,3,8,18,29,0
819,Gavi,Barcelona,1.7,5,4,3,2,0,3,3,100.0,0,5,1,4,4,9,2,0
820,Paulo Gazzaniga,Girona,15.0,1,1,1,0,0,1,1,100.0,0,0,0,0,0,1,3,0
821,Jean-Philippe Gbamin,Nantes,2.1,2,1,0,2,0,1,3,33.3,2,4,1,3,3,5,2,0
822,Yann Gboho,Toulouse,12.1,15,6,4,6,5,7,14,50.0,7,10,0,10,3,18,2,0
823,David de Gea,Fiorentina,10.0,0,0,0,0,0,0,0,0.0,0,0,0,0,0,0,2,0
824,Viggo Gebel,RB Leipzig,0.2,0,0,0,0,0,0,0,0.0,0,0,0,0,0,0,0,0
825,Lutsharel Geertruida,RB Leipzig,7.6,14,8,8,6,0,7,17,41.2,10,7,1,6,7,21,26,3
826,Dennis Geiger,Hoffenheim,2.0,6,5,2,3,1,3,5,60.0,2,1,0,1,1,7,0,0
827,Valentin Gendrey,Lecce,2.0,2,2,1,0,1,1,1,100.0,0,3,1,2,2,4,1,0
828,Valentin Gendrey,Hoffenheim,5.5,14,8,9,4,1,4,7,57.1,3,6,2,4,5,19,24,0
829,Denis Genreau,Toulouse,0.4,0,0,0,0,0,0,1,0.0,1,0,0,0,0,0,0,0
830,Yannick Gerhardt,Wolfsburg,3.8,7,5,5,2,0,3,6,50.0,3,7,0,7,7,14,14,0
832,Max Geschwill,Holstein Kiel,8.3,13,11,7,6,0,7,9,77.8,2,10,6,4,18,31,28,0
833,Daniele Ghilardi,Hellas Verona,4.5,6,4,3,3,0,4,7,57.1,3,5,3,2,4,10,23,0
834,Lautaro Gianetti,Udinese,7.4,17,7,12,4,1,10,16,62.5,6,13,5,8,11,28,24,0
835,Dimitris Giannoulis,Augsburg,10.2,16,11,8,7,1,14,23,60.9,9,20,5,15,16,32,25,0
836,Morgan Gibbs-White,Nott'ham Forest,7.8,13,4,4,7,2,3,5,60.0,2,2,1,1,4,17,7,0
837,Samuel Gigot,Lazio,0.7,0,0,0,0,0,0,1,0.0,1,1,0,1,1,1,2,0
838,Armin Gigovic,Holstein Kiel,6.7,9,5,5,3,1,2,10,20.0,8,6,0,6,9,18,14,0
839,Bryan Gil,Girona,9.5,18,13,6,7,5,8,15,53.3,7,13,0,13,5,23,6,1
840,Mario Gila,Lazio,10.9,24,19,15,8,1,16,23,69.6,7,6,4,2,8,32,43,2
841,Billy Gilmour,Brighton,1.1,3,3,2,1,0,3,4,75.0,1,1,0,1,0,3,1,0
842,Billy Gilmour,Napoli,4.4,8,3,2,1,5,3,7,42.9,4,5,1,4,2,10,6,0
843,Benedikt Gimber,Heidenheim,11.7,39,22,29,10,0,21,31,67.7,10,24,6,18,13,52,58,0
844,Gvidas Gineitis,Torino,4.6,6,3,3,2,1,2,6,33.3,4,4,2,2,4,10,13,0
845,Matthias Ginter,Freiburg,8.7,10,7,6,3,1,4,6,66.7,2,12,7,5,3,13,38,1
846,Jamie Gittens,Dortmund,7.9,13,6,3,6,4,5,8,62.5,3,5,0,5,5,18,3,0
847,Serge Gnabry,Bayern Munich,5.5,7,5,3,1,3,3,7,42.9,4,4,0,4,4,11,3,0
848,Ben Godfrey,Atalanta,0.3,0,0,0,0,0,0,1,0.0,1,1,1,0,0,0,0,0
849,Saba Goglichidze,Empoli,9.6,23,15,14,9,0,11,18,61.1,7,10,5,5,14,37,33,0
850,Edoardo Goldaniga,Como,7.5,11,7,9,1,1,5,6,83.3,1,4,1,3,7,18,25,0
851,Pierluigi Gollini,Genoa,7.0,0,0,0,0,0,0,0,0.0,0,1,0,1,0,0,2,1
852,Aleksandr Golovin,Monaco,7.8,21,15,6,11,4,11,21,52.4,10,9,3,6,5,26,6,0
853,Andre Gomes,Lille,4.0,4,3,2,1,1,1,5,20.0,4,2,1,1,3,7,2,1
854,Angel Gomes,Lille,6.8,7,4,3,2,2,1,7,14.3,6,0,0,0,0,7,2,0
855,Joao Gomes,Wolves,12.3,44,22,26,17,1,10,35,28.6,25,14,1,13,10,54,10,0
856,Rodrigo Gomes,Wolves,2.8,5,2,3,2,0,1,4,25.0,3,3,0,3,1,6,5,1
858,Toti Gomes,Wolves,9.9,18,14,12,5,1,7,9,77.8,2,6,3,3,5,23,46,1
859,Carlos Gomez,Rennes,2.9,6,5,2,3,1,2,5,40.0,3,3,0,3,1,7,1,0
860,Dani Gomez,Valencia,4.7,3,2,0,0,3,0,0,0.0,0,1,0,1,2,5,3,0
861,Joe Gomez,Liverpool,1.6,5,4,2,3,0,5,6,83.3,1,4,3,1,1,6,4,0
862,Moi Gomez,Osasuna,4.2,9,5,3,5,1,2,4,50.0,2,2,1,1,5,14,3,1
863,Sergi Gomez,Espanyol,6.2,6,4,6,0,0,2,2,100.0,0,12,8,4,6,12,30,0
864,Sergio Gomez,Real Sociedad,12.4,37,23,16,15,6,13,25,52.0,12,20,1,19,7,44,13,1
865,Unai Gomez,Athletic Club,4.6,3,1,2,1,0,1,1,100.0,0,4,0,4,2,5,6,0
866,Fabio Gonzalez,Las Palmas,0.6,0,0,0,0,0,0,1,0.0,1,0,0,0,0,0,0,0
867,Nicolas Gonzalez,Juventus,2.5,3,1,1,0,2,1,2,50.0,1,4,1,3,0,3,0,0
868,Urko Gonzalez,Real Sociedad,0.5,0,0,0,0,0,0,0,0.0,0,1,1,0,0,0,0,0
869,Anthony Gordon,Newcastle Utd,11.0,14,8,7,6,1,6,14,42.9,8,13,0,13,5,19,1,1
870,Leon Goretzka,Bayern Munich,3.6,6,3,2,4,0,2,2,100.0,0,6,0,6,4,10,4,0
871,Andoni Gorosabel,Athletic Club,3.1,5,1,3,1,1,2,6,33.3,4,3,1,2,0,5,13,0
872,Robin Gosens,Fiorentina,10.7,19,12,11,4,4,8,12,66.7,4,7,1,6,7,26,33,0
873,Robin Gosens,Union Berlin,1.0,0,0,0,0,0,0,3,0.0,3,1,0,1,1,1,2,0
874,Mario Gotze,Eint Frankfurt,6.2,14,11,5,6,3,6,17,35.3,11,6,1,5,4,18,6,0
875,Amine Gouiri,Rennes,8.8,8,5,4,3,1,2,7,28.6,5,6,0,6,1,9,1,0
876,Jeffrey Gouweleeuw,Augsburg,12.0,16,9,8,5,3,10,16,62.5,6,18,8,10,13,29,56,0
877,Kamil Grabara,Wolfsburg,12.0,0,0,0,0,0,0,2,0.0,2,1,0,1,0,0,4,1
878,Jonathan Gradit,Lens,8.3,18,9,10,7,1,10,19,52.6,9,9,4,5,12,30,26,0
879,Jose Gragera,Espanyol,6.3,25,16,11,14,0,9,17,52.9,8,9,1,8,5,30,13,0
880,Samuel Grandsir,Le Havre,0.6,3,3,0,2,1,2,2,100.0,0,2,0,2,0,3,0,0
881,Alberto Grassi,Empoli,6.0,13,7,3,8,2,5,6,83.3,1,5,3,2,8,21,8,0
882,Ryan Gravenberch,Liverpool,13.0,26,15,11,10,5,13,22,59.1,9,18,3,15,24,50,16,0
884,Archie Gray,Tottenham,0.6,2,1,0,0,2,1,3,33.3,2,2,0,2,0,2,2,0
885,Jack Grealish,Manchester City,4.2,6,3,4,0,2,2,4,50.0,2,5,1,4,1,7,3,1
886,Jacob Greaves,Ipswich Town,7.0,14,6,6,8,0,7,11,63.6,4,8,6,2,8,22,41,1
887,Mason Greenwood,Marseille,12.2,15,8,4,8,3,7,18,38.9,11,3,0,3,4,19,5,1
888,Michael Gregoritsch,Freiburg,1.7,2,1,1,0,1,0,1,0.0,1,0,0,0,0,2,3,0
889,Dominik Greif,Mallorca,11.0,0,0,0,0,0,0,0,0.0,0,0,0,0,0,0,4,1
890,Antoine Griezmann,Atlético Madrid,12.3,12,8,7,3,2,4,15,26.7,11,11,0,11,5,17,12,0
891,Vincenzo Grifo,Freiburg,10.2,8,7,3,4,1,2,15,13.3,13,9,1,8,2,10,7,0
892,Florian Grillitsch,Hoffenheim,6.7,15,9,5,9,1,8,14,57.1,6,6,2,4,8,23,18,0
893,Alex Grimaldo,Leverkusen,12.0,9,5,5,2,2,6,17,35.3,11,7,2,5,10,19,16,2
894,Pascal Gross,Dortmund,9.4,18,12,4,12,2,6,17,35.3,11,13,1,12,3,21,9,1
895,Brajan Gruda,Brighton,0.7,3,1,0,3,0,3,4,75.0,1,1,0,1,0,3,1,0
896,Marco Grull,Werder Bremen,4.2,3,2,0,1,2,0,5,0.0,5,5,1,4,1,4,2,0
897,Albert Gronbaek,Rennes,7.4,19,9,8,7,4,10,23,43.5,13,7,0,7,4,23,4,0
898,Vicente Guaita,Celta Vigo,11.0,0,0,0,0,0,0,0,0.0,0,0,0,0,0,0,3,0
899,Sergi Guardiola,Rayo Vallecano,0.9,3,2,0,3,0,0,0,0.0,0,0,0,0,0,3,2,0
900,Nemanja Gudelj,Sevilla,12.0,22,11,5,13,4,6,8,75.0,2,11,3,8,14,36,31,0
901,Gabriel Gudmundsson,Lille,8.9,14,9,3,8,3,10,17,58.8,7,13,4,9,6,20,18,1
902,Goncalo Guedes,Wolves,1.7,9,2,1,1,7,2,5,40.0,3,4,0,4,2,11,1,0
903,Axel Gueguin,Montpellier,0.3,1,1,0,1,0,1,1,100.0,0,0,0,0,0,1,0,0
904,Marc Guehi,Crystal Palace,13.0,18,9,12,6,0,9,14,64.3,5,23,13,10,9,27,71,1
905,Matteo Guendouzi,Lazio,13.5,16,9,4,9,3,8,22,36.4,14,9,3,6,14,30,15,0
906,Javier Guerra,Valencia,7.5,23,12,8,9,6,10,18,55.6,8,5,0,5,4,27,14,1
907,Raphael Guerreiro,Bayern Munich,7.3,10,7,6,2,2,7,9,77.8,2,5,0,5,5,15,7,1
908,Evann Guessand,Nice,12.4,15,7,2,8,5,0,1,0.0,1,8,0,8,6,21,7,0
910,Ander Guevara,Alavés,10.4,22,11,11,10,1,12,30,40.0,18,15,3,12,7,29,19,1
911,Pape Gueye,Villarreal,8.1,16,9,7,6,3,7,9,77.8,2,6,0,6,8,24,15,0
912,Morgan Guilavogui,St. Pauli,8.0,16,7,5,9,2,8,13,61.5,5,12,0,12,5,21,12,0
913,Frederic Guilbert,Lecce,8.3,23,7,11,11,1,9,13,69.2,4,11,3,8,11,34,28,0
914,Luis Guilherme,West Ham,0.1,0,0,0,0,0,0,0,0.0,0,1,0,1,0,0,0,0
915,Hugo Guillamon,Valencia,3.7,9,6,0,8,1,7,8,87.5,1,2,1,1,5,14,7,0
916,Bruno Guimaraes,Newcastle Utd,12.8,28,16,14,10,4,12,22,54.5,10,14,5,9,13,41,13,2
917,Carlos Guirao,Betis,1.2,5,3,1,4,0,4,6,66.7,2,1,1,0,3,8,2,0
918,Bahereba Guirassy,Nantes,1.2,2,2,0,0,2,1,3,33.3,2,3,0,3,0,2,1,0
919,Serhou Guirassy,Dortmund,8.8,3,2,1,0,2,0,0,0.0,0,4,1,3,2,5,11,0
920,Marc Guiu,Chelsea,0.3,0,0,0,0,0,0,0,0.0,0,0,0,0,0,0,0,0
921,Peter Gulacsi,RB Leipzig,11.5,0,0,0,0,0,0,0,0.0,0,0,0,0,0,0,4,1
922,Arda Guler,Real Madrid,4.3,11,5,5,2,4,4,8,50.0,4,8,0,8,1,12,4,0
923,Gerard Gumbau,Rayo Vallecano,5.0,12,10,6,5,1,6,11,54.5,5,5,3,2,3,15,9,0
924,Ilkay Gundogan,Manchester City,8.6,8,4,1,6,1,5,13,38.5,8,5,0,5,5,13,9,0
925,Christian Gunter,Freiburg,11.6,9,7,5,4,0,6,14,42.9,8,12,6,6,3,12,22,0
926,Jon Guridi,Alavés,9.3,11,6,4,5,2,5,17,29.4,12,10,0,10,7,18,4,0
927,Gorka Guruzeta,Athletic Club,8.5,8,3,0,7,1,4,12,33.3,8,13,1,12,4,12,8,0
928,Malo Gusto,Chelsea,8.1,19,13,12,6,1,10,23,43.5,13,14,4,10,10,29,16,1
929,Miguel Gutierrez,Girona,13.9,23,15,10,12,1,9,17,52.9,8,6,3,3,9,32,14,1
930,Albert Gudmundsson,Fiorentina,2.2,0,0,0,0,0,0,2,0.0,2,1,0,1,2,2,2,0
931,Josko Gvardiol,Manchester City,11.5,21,15,11,6,4,11,14,78.6,3,13,5,8,15,36,30,1
932,Emmanuel Gyasi,Empoli,13.8,22,11,15,7,0,11,16,68.8,5,12,4,8,4,26,36,0
933,Christian Gytkjaer,Venezia,2.6,1,1,1,0,0,1,2,50.0,1,1,1,0,0,1,3,0
934,Erling Haaland,Manchester City,13.0,2,2,0,1,1,1,2,50.0,1,3,0,3,2,4,11,0
936,Nicolas Haas,Empoli,3.2,11,8,4,5,2,5,9,55.6,4,2,1,1,4,15,6,0
937,Janik Haberer,Union Berlin,5.1,10,6,4,5,1,10,18,55.6,8,2,0,2,1,11,8,0
938,Robin Hack,Gladbach,6.6,7,7,3,2,2,5,10,50.0,5,4,0,4,1,8,6,0
939,Saad El Haddad,Venezia,0.3,0,0,0,0,0,0,0,0.0,0,0,0,0,0,0,0,0
940,Munir El Haddadi,Leganés,4.0,10,7,4,4,2,3,9,33.3,6,5,1,4,0,10,1,0
941,Amadou Haidara,RB Leipzig,7.1,15,8,7,7,1,7,13,53.8,6,19,6,13,6,21,28,0
942,Massadio Haidara,Brest,4.2,4,2,2,2,0,2,6,33.3,4,3,0,3,7,11,22,0
943,Antoine Hainaut,Parma,5.3,12,9,7,4,1,6,7,85.7,1,7,2,5,5,17,24,0
944,Mohamed Haj,Parma,1.7,0,0,0,0,0,0,0,0.0,0,0,0,0,3,3,2,0
945,Achraf Hakimi,Paris S-G,10.4,22,18,8,9,5,11,20,55.0,9,9,0,9,15,37,6,1
946,Lewis Hall,Newcastle Utd,10.7,23,16,7,11,5,15,33,45.5,18,18,11,7,12,35,32,2
947,Sebastien Haller,Leganés,4.5,2,0,1,0,1,1,2,50.0,1,1,0,1,0,2,7,0
948,Ali Al Hamadi,Ipswich Town,0.5,1,0,0,0,1,0,1,0.0,1,0,0,0,0,1,2,0
949,Andreas Hanche-Olsen,Mainz 05,3.3,4,1,1,2,1,0,0,0.0,0,7,6,1,3,7,20,1
950,Florent Hanin,Angers,10.4,25,20,13,8,4,14,24,58.3,10,4,1,3,19,44,37,2
951,Ridgeciano Haps,Venezia,7.6,14,9,12,1,1,8,12,66.7,4,7,1,6,2,16,22,0
952,Amine Harit,Marseille,5.2,7,6,0,5,2,1,2,50.0,1,6,0,6,3,10,1,1
953,Marcus Harness,Ipswich Town,0.5,1,0,0,0,1,0,3,0.0,3,2,1,1,0,1,1,0
954,Phil Harres,Holstein Kiel,4.0,2,2,0,1,1,1,1,100.0,0,2,0,2,1,3,2,0
955,Jack Harrison,Everton,7.2,10,5,5,2,3,5,13,38.5,8,4,0,4,4,14,12,2
956,Abdou Harroui,Hellas Verona,3.9,6,3,4,2,0,2,2,100.0,0,5,0,5,2,8,5,0
957,Taylor Harwood-Bellis,Southampton,11.6,7,5,6,1,0,5,9,55.6,4,30,19,11,8,15,49,2
958,Hans Hateboer,Rennes,8.3,13,7,4,5,4,7,16,43.8,9,7,1,6,7,20,13,0
959,Kai Havertz,Arsenal,12.0,9,6,2,4,3,3,10,30.0,7,15,3,12,5,14,25,1
960,Jan Paul van Hecke,Brighton,10.1,14,8,9,5,0,7,12,58.3,5,13,8,5,7,21,29,0
962,Hwang Hee-chan,Wolves,3.0,1,0,0,0,1,0,1,0.0,1,6,0,6,1,2,3,0
963,Dean Henderson,Crystal Palace,13.0,1,0,1,0,0,1,3,33.3,2,0,0,0,0,1,11,0
964,Liam Henderson,Empoli,10.7,20,10,11,8,1,12,25,48.0,13,9,5,4,7,27,22,0
965,Ramon Hendriks,Stuttgart,1.7,3,2,2,1,0,2,3,66.7,1,1,0,1,4,7,11,0
966,Benjamin Henrichs,RB Leipzig,7.4,27,12,15,8,4,13,22,59.1,9,13,2,11,14,41,23,0
967,Luis Henrique,Marseille,10.6,6,4,2,3,1,4,4,100.0,0,8,2,6,4,10,10,0
968,Mads Hermansen,Leicester City,13.0,1,1,1,0,0,1,1,100.0,0,1,0,1,0,1,7,1
969,Mario Hermoso,Roma,1.7,1,0,1,0,0,0,1,0.0,1,1,1,0,3,4,9,0
970,Javi Hernandez,Leganés,9.9,15,8,7,6,2,8,20,40.0,12,8,1,7,13,28,42,0
971,Aridane Hernandez,Rayo Vallecano,1.3,2,1,2,0,0,0,0,0.0,0,0,0,0,2,4,9,0
972,Theo Hernandez,Milan,9.4,11,7,10,0,1,5,10,50.0,5,9,5,4,12,23,24,1
973,Hernani,Parma,4.5,10,6,2,6,2,5,11,45.5,6,9,1,8,3,13,2,1
974,Jorge Herrando,Osasuna,4.2,3,2,2,1,0,2,3,66.7,1,6,5,1,1,4,19,0
975,Ander Herrera,Athletic Club,3.0,8,4,1,7,0,3,6,50.0,3,1,0,1,2,10,10,0
976,Sergio Herrera,Osasuna,15.0,1,0,1,0,0,1,2,50.0,1,1,0,1,0,1,15,1
977,Yangel Herrera,Girona,8.9,28,17,12,14,2,13,23,56.5,10,7,1,6,12,40,17,0
978,Juan Herzog,Las Palmas,4.2,2,2,2,0,0,2,4,50.0,2,4,3,1,4,6,20,0
979,Son Heung-min,Tottenham,9.1,5,2,0,4,1,2,12,16.7,10,4,0,4,2,7,7,0
980,Isak Hien,Atalanta,9.8,21,12,11,10,0,9,14,64.3,5,14,8,6,15,36,35,1
981,Omar El Hilali,Espanyol,13.6,47,31,34,9,4,23,36,63.9,13,18,4,14,12,59,55,1
982,Piero Hincapie,Leverkusen,10.7,16,14,7,6,3,10,16,62.5,6,16,8,8,14,30,26,1
983,Jack Hinshelwood,Brighton,9.3,12,9,4,6,2,5,11,45.5,6,4,2,2,4,16,14,1
984,George Hirst,Ipswich Town,2.0,1,1,1,0,0,0,1,0.0,1,0,0,0,0,1,4,0
985,Adam Hlozek,Hoffenheim,8.1,13,6,4,3,6,7,13,53.8,6,6,1,5,0,13,9,0
986,Ki-Jana Hoever,Auxerre,9.3,20,14,13,5,2,11,18,61.1,7,14,1,13,10,30,25,0
988,Nicolas Hofler,Freiburg,4.0,12,8,2,9,1,6,12,50.0,6,2,0,2,8,20,16,1
989,Jonas Hofmann,Leverkusen,2.5,0,0,0,0,0,0,1,0.0,1,2,0,2,0,0,2,0
990,Philipp Hofmann,Bochum,9.6,6,4,2,2,2,2,4,50.0,2,5,0,5,1,7,16,0
991,Lucas Holer,Freiburg,3.4,7,4,2,5,0,1,5,20.0,4,6,2,4,1,8,6,0
992,Mason Holgate,Everton,0.1,0,0,0,0,0,0,0,0.0,0,0,0,0,0,0,0,0
993,Benedict Hollerbach,Union Berlin,9.4,15,9,4,7,4,8,13,61.5,5,12,0,12,1,16,3,0
994,Emil Holm,Bologna,1.7,7,4,3,2,2,5,7,71.4,2,2,1,1,1,8,3,0
995,Lewis Holtby,Holstein Kiel,6.8,16,7,9,6,1,4,11,36.4,7,6,1,5,13,29,9,1
996,Gerrit Holtmann,Bochum,2.4,7,6,4,2,1,4,7,57.1,3,3,0,3,7,14,5,0
997,Franck Honorat,Gladbach,8.1,6,2,3,1,2,1,3,33.3,2,6,1,5,2,8,12,1
998,Mathias Honsak,Heidenheim,3.8,4,3,2,2,0,3,6,50.0,3,2,1,1,2,6,9,0
999,Dinko Horkas,Las Palmas,2.3,0,0,0,0,0,0,0,0.0,0,0,0,0,0,0,2,0
1000,Cedric Hountondji,Angers,3.0,6,4,4,2,0,3,7,42.9,4,3,3,0,4,10,14,0
1001,Ilyes Housni,Le Havre,1.6,5,4,0,3,2,2,4,50.0,2,2,0,2,1,6,1,0
1002,Lukas Hradecky,Leverkusen,11.0,0,0,0,0,0,0,0,0.0,0,0,0,0,0,0,3,1
1003,Robin Hranac,Hoffenheim,1.0,0,0,0,0,0,0,1,0.0,1,1,0,1,2,2,3,1
1004,Callum Hudson-Odoi,Nott'ham Forest,10.7,11,7,2,6,3,6,8,75.0,2,4,0,4,5,16,4,1
1005,Will Hughes,Crystal Palace,6.9,27,13,6,14,7,10,24,41.7,14,6,2,4,5,32,3,0
1006,Dean Huijsen,Bournemouth,2.8,3,2,2,1,0,0,0,0.0,0,3,2,1,5,8,12,0
1007,Mats Hummels,Roma,1.6,8,4,4,4,0,4,5,80.0,1,4,1,3,5,13,10,0
1008,Omari Hutchinson,Ipswich Town,11.6,14,5,6,5,3,8,24,33.3,16,13,1,12,6,20,5,0
1009,Elseid Hysaj,Lazio,0.1,1,1,0,1,0,0,0,0.0,0,0,0,0,0,1,1,0
1010,Hong Hyunseok,Mainz 05,3.2,4,1,2,1,1,0,1,0.0,1,3,1,2,4,8,5,0
1011,Pierre Hojbjerg,Marseille,12.9,33,25,15,15,3,20,39,51.3,19,15,3,12,20,53,21,1
1012,Oscar Hojlund,Eint Frankfurt,0.3,3,2,2,1,0,0,0,0.0,0,1,0,1,1,4,0,0
1014,Rasmus Hojlund,Manchester Utd,4.9,1,0,0,0,1,0,1,0.0,1,2,0,2,0,1,2,0
1015,Pablo Ibanez,Osasuna,4.7,7,3,4,2,1,3,13,23.1,10,9,3,6,8,15,9,0
1016,Stanis Idumbo,Sevilla,1.3,4,3,2,1,1,2,3,66.7,1,2,0,2,3,7,0,0
1017,Jay Idzes,Venezia,11.7,15,10,9,4,2,5,9,55.6,4,21,10,11,8,23,34,0
1018,Iglesias,Getafe,11.9,37,23,19,15,3,19,40,47.5,21,15,2,13,22,59,45,0
1019,Borja Iglesias,Celta Vigo,8.3,4,4,1,2,1,0,3,0.0,3,5,2,3,3,7,4,0
1020,Igor,Brighton,7.3,2,2,1,0,1,2,5,40.0,3,18,10,8,2,4,33,0
1021,Kelechi Iheanacho,Sevilla,3.9,1,0,0,1,0,1,2,50.0,1,0,0,0,0,1,1,0
1022,Jonathan Ikone,Fiorentina,2.2,3,2,3,0,0,1,3,33.3,2,2,0,2,0,3,0,0
1023,George Ilenikhena,Monaco,4.6,1,1,0,1,0,0,1,0.0,1,0,0,0,1,2,0,0
1024,Ivan Ilic,Torino,6.4,2,1,0,1,1,0,4,0.0,4,0,0,0,4,6,3,0
1025,Rares Ilie,Nice,0.1,1,1,1,0,0,1,1,100.0,0,0,0,0,0,1,0,0
1026,Samuel Iling-Junior,Bologna,1.0,2,1,1,1,0,0,0,0.0,0,0,0,0,2,4,0,0
1027,Danny Ings,West Ham,1.3,2,1,2,0,0,1,1,100.0,0,0,0,0,1,3,2,0
1028,Alessio Iovine,Como,3.3,3,1,1,2,0,2,4,50.0,2,6,1,5,2,5,17,0
1029,Tim Iroegbunam,Everton,4.3,18,9,9,4,5,7,12,58.3,5,6,0,6,8,26,5,1
1030,Jackson Irvine,St. Pauli,12.0,26,12,11,12,3,9,19,47.4,10,11,2,9,20,46,32,0
1031,Andy Irving,West Ham,0.6,4,3,1,2,1,1,4,25.0,3,1,0,1,0,4,2,0
1032,Alexander Isak,Newcastle Utd,9.7,4,2,0,2,2,3,5,60.0,2,9,1,8,1,5,5,0
1033,Gustav Isaksen,Lazio,8.2,6,3,2,4,0,2,10,20.0,8,2,0,2,3,9,5,0
1034,Ismaily,Lille,0.9,2,0,0,1,1,0,1,0.0,1,4,0,4,0,2,2,0
1035,Ardian Ismajli,Empoli,14.0,11,10,8,3,0,5,8,62.5,3,23,18,5,29,40,129,0
1036,Yanis Issoufou,Montpellier,0.8,5,3,4,1,0,3,5,60.0,2,1,0,1,0,5,1,0
1037,Ko Itakura,Gladbach,12.0,19,13,10,8,1,11,17,64.7,6,11,6,5,12,31,59,0
1038,Junya Ito,Reims,12.6,17,13,5,9,3,5,23,21.7,18,14,0,14,5,22,2,1
1040,Marko Ivezic,Holstein Kiel,8.0,17,10,12,4,1,9,18,50.0,9,14,8,6,11,28,35,1
1041,Alex Iwobi,Fulham,12.4,19,11,8,8,3,7,11,63.6,4,7,0,7,5,24,13,0
1042,Armando Izzo,Monza,11.6,21,11,15,6,0,8,18,44.4,10,20,14,6,22,43,35,0
1043,Fellipe Jack,Como,0.1,0,0,0,0,0,0,0,0.0,0,1,1,0,1,1,2,0
1044,Nicolas Jackson,Chelsea,11.4,6,4,0,4,2,0,2,0.0,2,8,1,7,2,8,9,0
1045,Lee Jae-sung,Mainz 05,10.2,15,7,4,8,3,5,8,62.5,3,12,1,11,11,26,12,0
1046,Kristijan Jakic,Augsburg,8.4,18,7,5,12,1,6,13,46.2,7,16,2,14,12,30,15,1
1047,Karl Jakob Hein,Valladolid,15.0,0,0,0,0,0,0,1,0.0,1,0,0,0,0,0,11,0
1048,Ismail Jakobs,Monaco,2.0,5,5,3,0,2,3,5,60.0,2,0,0,0,2,7,6,0
1049,Jordan James,Rennes,1.8,4,2,1,2,1,3,5,60.0,2,0,0,0,2,6,1,0
1050,Reece James,Chelsea,2.7,2,2,2,0,0,1,3,33.3,2,4,2,2,3,5,5,1
1051,Vitaly Janelt,Brentford,11.5,17,10,7,6,4,9,15,60.0,6,19,4,15,10,27,31,0
1052,Adnan Januzaj,Las Palmas,2.8,3,2,1,2,0,1,2,50.0,1,2,0,2,0,3,2,0
1053,Vitezslav Jaros,Liverpool,0.1,0,0,0,0,0,0,0,0.0,0,0,0,0,0,0,0,0
1054,Ali Jasim,Como,0.1,1,0,1,0,0,1,1,100.0,0,0,0,0,0,1,0,0
1055,Mikel Jauregizar,Athletic Club,7.8,22,12,6,11,5,13,22,59.1,9,6,1,5,8,30,7,1
1056,Dominik Javorcek,Holstein Kiel,0.7,1,0,1,0,0,1,1,100.0,0,1,1,0,1,2,4,1
1057,Gaby Jean,Lecce,0.6,1,0,1,0,0,0,1,0.0,1,1,1,0,0,1,6,0
1058,Daniel Jebbison,Bournemouth,0.3,0,0,0,0,0,0,1,0.0,1,0,0,0,0,0,1,0
1059,Fredrik Jensen,Augsburg,1.3,1,1,0,0,1,1,1,100.0,0,2,0,2,0,1,1,0
1060,Mathias Jensen,Brentford,5.3,4,3,2,1,1,2,6,33.3,4,7,1,6,4,8,6,1
1061,Moritz Jenz,Mainz 05,6.0,13,6,6,7,0,4,7,57.1,3,7,6,1,5,18,45,0
1062,Gabriel Jesus,Arsenal,2.6,4,3,4,0,0,3,5,60.0,2,4,1,3,3,7,2,0
1063,Juan Jesus,Napoli,0.9,0,0,0,0,0,0,0,0.0,0,0,0,0,0,0,3,0
1064,Raul Jimenez,Fulham,9.0,13,7,1,8,4,2,8,25.0,6,5,1,4,4,17,5,2
1066,Joao Pedro,Brighton,4.9,6,4,1,4,1,1,3,33.3,2,3,0,3,3,9,3,0
1067,John Joe,Getafe,0.4,0,0,0,0,0,0,0,0.0,0,1,1,0,0,0,1,0
1068,Joelinton,Newcastle Utd,12.0,30,19,11,12,7,13,23,56.5,10,17,3,14,10,40,22,1
1069,Jofre,Espanyol,10.5,7,7,4,3,0,4,9,44.4,5,3,0,3,8,15,10,0
1070,Thorir Johann Helgason,Lecce,0.1,2,1,1,1,0,1,1,100.0,0,0,0,0,0,2,0,0
1071,Carl Johansson,Holstein Kiel,3.9,4,2,4,0,0,3,6,50.0,3,7,6,1,6,10,23,1
1072,Ben Johnson,Ipswich Town,4.5,18,9,13,5,0,12,18,66.7,6,6,2,4,8,26,8,0
1073,Brennan Johnson,Tottenham,10.9,22,14,4,12,6,9,18,50.0,9,11,1,10,2,24,8,0
1074,Karl-Johan Johnsson,Strasbourg,3.0,0,0,0,0,0,0,1,0.0,1,0,0,0,0,0,3,0
1075,Sam Johnstone,Wolves,5.0,0,0,0,0,0,0,0,0.0,0,0,0,0,0,0,5,0
1076,Paul Joly,Auxerre,4.9,16,11,11,5,0,8,19,42.1,11,5,0,5,13,29,17,4
1077,Curtis Jones,Liverpool,5.3,11,6,2,8,1,5,8,62.5,3,8,4,4,1,12,5,0
1078,Frenkie de Jong,Barcelona,2.1,1,1,0,1,0,0,0,0.0,0,2,0,2,1,2,0,0
1079,Joan Jordan,Alavés,3.8,11,7,5,4,2,5,11,45.5,6,4,0,4,2,13,5,0
1080,Jorginho,Arsenal,3.2,5,3,1,3,1,5,7,71.4,2,0,0,0,3,8,1,1
1081,Jesse Joronen,Venezia,7.0,0,0,0,0,0,0,0,0.0,0,0,0,0,0,0,3,0
1082,Jota,Rennes,3.5,3,2,1,2,0,3,6,50.0,3,1,0,1,3,6,2,0
1083,Diogo Jota,Liverpool,5.5,3,1,0,2,1,2,6,33.3,4,1,0,1,3,6,3,0
1084,Antoine Joujou,Le Havre,3.6,6,5,4,1,1,2,4,50.0,2,8,2,6,3,9,3,0
1085,Luka Jovic,Milan,0.9,0,0,0,0,0,0,0,0.0,0,0,0,0,1,1,0,0
1086,Juanmi,Betis,2.1,6,3,3,2,1,3,5,60.0,2,4,0,4,1,7,4,0
1087,Juanpe,Girona,3.0,7,4,4,3,0,6,6,100.0,0,7,3,4,4,11,20,0
1088,Jubal,Auxerre,10.4,18,13,16,2,0,11,20,55.0,9,21,7,14,6,24,52,1
1089,Abdulai Juma Bah,Valladolid,6.0,5,4,3,2,0,1,3,33.3,2,7,4,3,7,12,34,0
1090,Anthony Jung,Werder Bremen,7.4,10,7,8,2,0,5,7,71.4,2,5,1,4,10,20,28,0
1092,Hamed Junior Traore,Auxerre,10.1,19,10,5,9,5,5,24,20.8,19,4,0,4,4,23,7,0
1093,Vinicius Junior,Real Madrid,11.9,11,6,4,2,5,3,6,50.0,3,5,0,5,0,11,1,1
1094,Josip Juranovic,Union Berlin,0.1,0,0,0,0,0,0,0,0.0,0,0,0,0,0,0,0,0
1095,David Jurasek,Hoffenheim,1.7,2,1,1,0,1,0,0,0.0,0,2,0,2,2,4,5,0
1096,Stanko Juric,Valladolid,8.7,23,12,13,9,1,13,28,46.4,15,14,4,10,9,32,28,0
1097,James Justin,Leicester City,11.9,30,19,18,9,3,16,29,55.2,13,16,3,13,18,48,49,0
1098,Mohamed Kaba,Lecce,0.4,4,1,2,2,0,2,2,100.0,0,1,0,1,0,4,0,0
1099,Yusuf Kabadayi,Augsburg,0.8,1,0,0,1,0,0,0,0.0,0,1,0,1,0,1,0,0
1100,Almugera Kabar,Dortmund,0.5,2,2,0,2,0,0,0,0.0,0,1,0,1,1,3,2,0
1101,Christian Kabasele,Udinese,7.2,9,5,5,4,0,4,5,80.0,1,8,2,6,7,16,27,1
1102,Yaya Kader Fofana,Reims,6.8,16,11,7,5,4,4,10,40.0,6,10,2,8,3,19,2,0
1103,Pavel Kaderabek,Hoffenheim,7.6,14,7,7,2,5,8,16,50.0,8,7,2,5,10,24,20,1
1104,Tino Kadewere,Nantes,5.3,13,7,4,3,6,6,12,50.0,6,3,0,3,5,18,8,0
1105,Ferdi Kadioglu,Brighton,4.3,10,6,4,5,1,6,15,40.0,9,2,2,0,8,18,17,0
1106,Arnaud Kalimuendo,Rennes,10.1,4,2,0,2,2,2,2,100.0,0,1,0,1,1,5,0,0
1107,Pierre Kalulu,Juventus,10.0,10,6,8,2,0,6,7,85.7,1,12,8,4,5,15,15,0
1108,Daichi Kamada,Crystal Palace,6.9,19,9,6,11,2,5,16,31.3,11,9,2,7,7,26,8,0
1109,Waren Kamanzi,Toulouse,7.5,23,11,9,11,3,12,21,57.1,9,2,0,2,5,28,17,0
1110,Boubacar Kamara,Aston Villa,1.1,2,1,1,1,0,0,4,0.0,4,2,1,1,1,3,2,0
1111,Glen Kamara,Rennes,7.2,23,11,10,11,2,11,17,64.7,6,7,0,7,7,30,7,0
1112,Hassane Kamara,Udinese,7.1,14,10,5,7,2,3,9,33.3,6,9,2,7,9,23,15,0
1113,Willy Kambwala,Villarreal,1.0,4,2,3,0,1,2,2,100.0,0,1,1,0,0,4,6,0
1114,Jakub Kaminski,Wolfsburg,7.3,11,5,5,2,4,5,16,31.3,11,12,6,6,8,19,11,1
1115,Kevin Kampl,RB Leipzig,7.3,10,7,2,4,4,6,11,54.5,5,8,1,7,11,21,10,0
1116,Nordine Kandil,Strasbourg,0.1,0,0,0,0,0,0,0,0.0,0,0,0,0,0,0,1,0
1118,Harry Kane,Bayern Munich,10.7,2,2,0,1,1,0,2,0.0,2,3,0,3,0,2,5,0
1119,Lee Kang-in,Paris S-G,8.4,12,9,5,3,4,10,17,58.8,7,2,0,2,1,13,3,0
1120,Yann Karamoh,Torino,1.1,1,0,0,0,1,1,3,33.3,2,2,1,1,0,1,0,0
1121,Atakan Karazor,Stuttgart,9.7,22,8,5,10,7,12,21,57.1,9,12,1,11,11,33,8,1
1122,Jesper Karlsson,Bologna,3.3,1,0,0,0,1,0,2,0.0,2,4,0,4,0,1,3,0
1123,Jesper Karlstrom,Udinese,13.1,25,13,12,10,3,9,20,45.0,11,9,5,4,19,44,31,1
1124,Lior Kasa,Genoa,0.2,0,0,0,0,0,0,0,0.0,0,0,0,0,1,1,0,0
1125,Grigoris Kastanos,Hellas Verona,5.0,10,5,3,2,5,4,9,44.4,5,10,1,9,5,15,2,0
1126,Mikkel Kaufmann,Heidenheim,3.1,5,3,1,2,2,1,3,33.3,2,4,1,3,1,6,7,0
1127,Michael Kayode,Fiorentina,0.4,1,1,1,0,0,0,0,0.0,0,2,1,1,0,1,4,0
1128,Moise Kean,Fiorentina,11.1,4,2,0,2,2,1,2,50.0,1,4,0,4,0,4,8,1
1129,Michael Keane,Everton,9.0,10,7,7,2,1,7,10,70.0,3,9,6,3,10,20,50,0
1130,Yassine Kechta,Le Havre,9.9,27,17,13,11,3,14,35,40.0,21,11,2,9,9,36,6,0
1131,Thilo Kehrer,Monaco,10.0,20,15,14,6,0,12,21,57.1,9,4,3,1,7,27,48,1
1132,Abdoulaye Keita,Getafe,0.3,0,0,0,0,0,0,0,0.0,0,1,0,1,0,0,0,0
1133,Mandela Keita,Parma,3.1,7,2,1,5,1,1,4,25.0,3,4,2,2,4,11,5,1
1134,Andu Kelati,Holstein Kiel,1.1,1,1,1,0,0,0,1,0.0,1,1,0,1,2,3,1,0
1135,Caoimhin Kelleher,Liverpool,7.0,0,0,0,0,0,0,0,0.0,0,0,0,0,0,0,0,1
1136,Lloyd Kelly,Newcastle Utd,3.3,5,4,4,1,0,1,1,100.0,0,6,4,2,1,6,16,0
1137,Aljoscha Kemlein,Union Berlin,6.2,7,2,3,3,1,4,10,40.0,6,8,1,7,4,11,8,0
1138,Marc-Oliver Kempf,Como,11.0,10,8,3,6,1,4,7,57.1,3,9,4,5,21,31,43,1
1139,Kenedy,Valladolid,0.1,0,0,0,0,0,0,0,0.0,0,1,0,1,0,0,0,0
1140,Luca Kerber,Heidenheim,1.1,3,2,2,1,0,2,3,66.7,1,3,1,2,0,3,5,0
1141,Milos Kerkez,Bournemouth,12.2,18,8,4,12,2,8,13,61.5,5,13,5,8,13,31,30,0
1142,Reda Khadra,Reims,0.9,1,1,1,0,0,0,1,0.0,1,0,0,0,0,1,1,0
1144,Bilal El Khannouss,Leicester City,3.1,5,3,1,2,2,1,2,50.0,1,0,0,0,0,5,1,0
1145,Wahbi Khazri,Montpellier,6.3,12,8,4,6,2,3,8,37.5,5,4,1,3,4,16,4,0
1146,Rani Khedira,Union Berlin,11.8,20,13,6,12,2,9,14,64.3,5,11,3,8,19,39,12,0
1147,Abdukodir Khusanov,Lens,8.8,13,9,7,5,1,6,9,66.7,3,15,9,6,24,37,46,0
1148,Kialonda,Lecce,14.0,22,6,17,5,0,9,11,81.8,2,29,20,9,16,38,71,0
1149,Kike,Alavés,8.5,4,4,1,3,0,1,2,50.0,1,0,0,0,0,4,9,0
1150,Max Kilman,West Ham,13.0,12,6,5,5,2,9,12,75.0,3,22,13,9,16,28,75,2
1151,Joshua Kimmich,Bayern Munich,12.0,20,14,6,12,2,13,21,61.9,8,6,0,6,9,29,12,2
1152,Joshua King,Toulouse,7.3,5,5,2,2,1,2,4,50.0,2,5,2,3,2,7,10,0
1153,Cedric Kipre,Reims,7.8,19,13,16,3,0,17,21,81.0,4,13,5,8,9,28,45,0
1154,Jakub Kiwior,Arsenal,1.6,2,0,2,0,0,2,3,66.7,1,4,2,2,0,2,10,0
1155,Tim Kleindienst,Gladbach,11.7,10,5,1,5,4,3,13,23.1,10,15,2,13,4,14,25,0
1156,Lukas Klostermann,RB Leipzig,7.8,11,7,7,3,1,5,8,62.5,3,16,8,8,10,21,34,1
1157,Justin Kluivert,Bournemouth,8.6,10,5,3,5,2,2,5,40.0,3,10,0,10,5,15,11,0
1158,Ansgar Knauff,Eint Frankfurt,5.7,17,9,9,4,4,4,5,80.0,1,10,1,9,4,21,7,0
1159,Magnus Knudsen,Holstein Kiel,9.7,27,16,14,8,5,16,23,69.6,7,10,4,6,8,35,15,0
1160,Gregor Kobel,Dortmund,10.0,0,0,0,0,0,0,0,0.0,0,0,0,0,0,0,5,2
1161,Robin Koch,Eint Frankfurt,11.8,7,3,4,3,0,3,8,37.5,5,25,15,10,10,17,67,2
1162,Magnus Kofod Andersen,Venezia,5.3,9,2,2,6,1,2,5,40.0,3,2,1,1,5,14,7,0
1163,Derrick Kohn,Werder Bremen,6.0,7,4,3,3,1,3,4,75.0,1,10,4,6,4,11,13,0
1164,Philipp Kohn,Monaco,7.0,0,0,0,0,0,0,1,0.0,1,0,0,0,0,0,4,0
1165,Dominik Kohr,Mainz 05,10.8,24,18,15,6,3,14,23,60.9,9,19,9,10,13,37,51,0
1166,Koke,Atlético Madrid,11.8,25,18,10,10,5,13,25,52.0,12,12,0,12,11,36,15,0
1167,Sead Kolasinac,Atalanta,7.5,12,7,5,7,0,4,8,50.0,4,3,0,3,9,21,13,0
1168,Randal Kolo Muani,Paris S-G,3.7,4,4,1,1,2,0,2,0.0,2,0,0,0,0,4,5,0
1170,Marco Komenda,Holstein Kiel,2.2,6,4,3,2,1,4,4,100.0,0,3,1,2,0,6,10,0
1171,Mert Komur,Augsburg,1.0,1,0,1,0,0,0,0,0.0,0,3,2,1,3,4,1,1
1172,Ibrahima Konate,Liverpool,10.8,14,10,10,3,1,9,12,75.0,3,13,5,8,4,18,44,1
1173,Ismael Konate,Empoli,0.1,0,0,0,0,0,0,0,0.0,0,0,0,0,0,0,0,0
1174,Geoffrey Kondogbia,Marseille,10.2,28,15,17,11,0,17,20,85.0,3,7,1,6,10,38,32,2
1175,Abdoul Kone,Reims,1.2,5,3,4,1,0,3,5,60.0,2,2,1,1,1,6,4,0
1176,Amadou Kone,Reims,3.2,13,8,7,6,0,8,11,72.7,3,4,1,3,4,17,1,0
1177,Ismael Kone,Marseille,3.5,6,3,3,2,1,2,3,66.7,1,4,1,3,3,9,2,1
1178,Manu Kone,Roma,8.9,14,8,7,4,3,9,15,60.0,6,4,0,4,9,23,6,0
1179,Ezri Konsa,Aston Villa,10.1,14,9,9,3,2,8,10,80.0,2,4,1,3,8,22,34,0
1180,Teun Koopmeiners,Juventus,8.2,11,9,1,8,2,5,11,45.5,6,4,2,2,3,14,5,0
1181,Odilon Kossounou,Atalanta,4.8,8,5,6,2,0,3,6,50.0,3,6,2,4,4,12,8,0
1182,Christian Kouame,Fiorentina,5.5,10,6,4,3,3,0,3,0.0,3,2,0,2,2,12,8,0
1183,Henri Koudossou,Augsburg,2.7,6,5,2,3,1,5,7,71.4,2,2,1,1,2,8,13,0
1184,Konstantinos Koulierakis,Wolfsburg,8.3,14,6,9,3,2,8,13,61.5,5,15,9,6,10,24,43,0
1185,Jules Kounde,Barcelona,12.9,30,20,13,12,5,25,33,75.8,8,15,2,13,6,36,31,2
1186,Boubakar Kouyate,Montpellier,1.2,4,1,3,1,0,3,5,60.0,2,0,0,0,3,7,5,0
1187,Mateo Kovacic,Manchester City,9.8,22,14,5,12,5,11,25,44.0,14,11,0,11,5,27,6,0
1188,Matej Kovar,Leverkusen,1.0,0,0,0,0,0,0,0,0.0,0,0,0,0,0,0,0,0
1189,Mateusz Kowalski,Parma,0.6,0,0,0,0,0,0,0,0.0,0,1,0,1,0,0,1,0
1190,Caleb Kporha,Crystal Palace,0.0,0,0,0,0,0,0,0,0.0,0,0,0,0,0,0,0,0
1191,Emil Krafth,Newcastle Utd,2.7,2,1,0,1,1,1,2,50.0,1,5,4,1,2,4,10,0
1192,Alex Kral,Espanyol,13.4,34,23,19,15,0,8,13,61.5,5,18,8,10,15,49,22,0
1193,Andrej Kramaric,Hoffenheim,10.4,5,2,1,4,0,3,5,60.0,2,4,2,2,0,5,6,0
1194,Frans Kratzig,Stuttgart,0.6,2,1,1,0,1,1,3,33.3,2,2,1,1,0,2,1,0
1196,Ladislav Krejci,Girona,7.1,6,3,5,1,0,3,8,37.5,5,7,5,2,13,19,23,0
1197,Rasmus Kristensen,Eint Frankfurt,8.4,19,10,15,2,2,15,27,55.6,12,11,3,8,7,26,26,0
1198,Thomas Kristensen,Udinese,2.6,2,1,1,1,0,1,2,50.0,1,1,1,0,1,3,9,0
1199,Nikola Krstovic,Lecce,13.2,11,5,4,3,4,5,10,50.0,5,6,3,3,5,16,9,0
1200,Lukas Kubler,Freiburg,10.4,19,7,10,7,2,12,19,63.2,7,21,8,13,25,44,25,2
1201,Takefusa Kubo,Real Sociedad,11.3,19,12,7,6,6,11,22,50.0,11,24,1,23,6,25,5,1
1202,Mohammed Kudus,West Ham,7.4,9,7,2,4,3,3,10,30.0,7,9,1,8,1,10,1,0
1203,Dejan Kulusevski,Tottenham,10.8,13,8,3,2,8,3,15,20.0,12,14,3,11,7,20,7,0
1204,Sael Kumbedi,Lyon,2.0,5,2,1,3,1,4,5,80.0,1,0,0,0,4,9,5,0
1205,Marash Kumbulla,Espanyol,11.2,16,10,12,3,1,8,15,53.3,7,24,17,7,12,28,73,0
1206,Daler Kuzyaev,Le Havre,5.7,12,7,6,4,2,2,9,22.2,7,7,4,3,9,21,7,0
1207,Khvicha Kvaratskhelia,Napoli,11.1,12,8,3,8,1,4,11,36.4,7,11,0,11,2,14,7,0
1208,Moritz-Broni Kwarteng,Bochum,1.7,2,2,0,1,1,0,1,0.0,1,0,0,0,0,2,1,0
1209,Giorgos Kyriakopoulos,Monza,14.0,25,16,11,12,2,15,29,51.7,14,19,5,14,13,38,41,0
1210,Remy Labeau Lascary,Lens,5.5,9,3,3,4,2,3,8,37.5,5,3,0,3,0,9,5,0
1211,Gaetan Laborde,Nice,2.3,4,2,3,1,0,4,8,50.0,4,2,0,2,2,6,1,0
1212,Nediljko Labrovic,Augsburg,12.0,0,0,0,0,0,0,0,0.0,0,0,0,0,0,0,11,0
1213,Alexandre Lacazette,Lyon,9.5,5,2,1,3,1,3,9,33.3,6,4,0,4,2,7,1,0
1214,Maxence Lacroix,Crystal Palace,10.0,21,13,16,4,1,10,17,58.8,7,14,5,9,21,42,47,1
1215,Alban Lafont,Nantes,12.0,1,1,1,0,0,1,1,100.0,0,2,0,2,0,1,8,1
1216,Konrad Laimer,Bayern Munich,3.6,10,6,2,6,2,4,11,36.4,7,3,0,3,1,11,5,0
1217,Stefan Lainer,Gladbach,3.3,8,3,6,2,0,3,3,100.0,0,4,3,1,4,12,11,0
1218,Kenny Lala,Brest,10.8,30,19,17,10,3,22,35,62.9,13,16,6,10,11,41,22,0
1219,Adam Lallana,Southampton,3.5,6,5,3,3,0,2,8,25.0,6,4,1,3,4,10,5,0
1220,Mathis Lambourde,Hellas Verona,0.4,3,1,2,1,0,1,3,33.3,2,1,0,1,0,3,0,0
1222,Mohamed Lamine Bayo,Lille,2.4,0,0,0,0,0,0,0,0.0,0,0,0,0,0,0,1,0
1223,Tariq Lamptey,Brighton,0.9,2,2,1,1,0,0,2,0.0,2,4,1,3,1,3,2,0
1224,Will Lankshear,Tottenham,0.0,0,0,0,0,0,0,0,0.0,0,0,0,0,0,0,0,0
1225,Gianluca Lapadula,Cagliari,2.7,2,0,1,0,1,0,0,0.0,0,0,0,0,0,2,1,0
1226,Cyle Larin,Mallorca,8.0,4,2,1,2,1,0,2,0.0,2,6,0,6,1,5,4,0
1227,Gautier Larsonneur,Saint-Étienne,13.0,1,0,1,0,0,0,1,0.0,1,0,0,0,0,1,9,0
1228,Hugo Larsson,Eint Frankfurt,9.3,14,6,8,5,1,10,23,43.5,13,17,6,11,13,27,16,1
1229,Juanmi Latasa,Valladolid,5.5,1,0,0,1,0,0,2,0.0,2,2,1,1,0,1,5,1
1230,Toni Lato,Mallorca,2.9,7,5,2,1,4,3,5,60.0,2,3,0,3,3,10,10,0
1231,Romeo Lavia,Chelsea,4.8,12,6,4,6,2,6,13,46.2,7,5,0,5,8,20,5,0
1232,Valentino Lazaro,Torino,11.7,17,7,9,6,2,10,14,71.4,4,11,3,8,3,20,17,1
1233,Darko Lazovic,Hellas Verona,10.8,16,8,4,10,2,8,17,47.1,9,12,1,11,7,23,24,0
1234,Manuel Lazzari,Lazio,8.4,11,10,5,5,1,7,11,63.6,4,3,3,0,4,15,8,0
1235,Julien Le Cardinal,Brest,7.8,13,8,7,6,0,6,10,60.0,4,11,8,3,23,36,34,0
1236,Jeremy Le Douaron,Brest,1.1,1,0,0,0,1,0,1,0.0,1,1,0,1,0,1,0,0
1237,Enzo Le Fee,Roma,2.9,6,3,4,2,0,2,6,33.3,4,7,2,5,3,9,1,0
1238,Robin Le Normand,Atlético Madrid,7.0,11,8,11,0,0,3,5,60.0,2,3,2,1,2,13,25,0
1239,Nicola Leali,Genoa,7.0,0,0,0,0,0,0,0,0.0,0,0,0,0,0,0,5,1
1240,Rafael Leao,Milan,9.1,7,6,1,4,2,5,9,55.6,4,6,0,6,4,11,0,0
1241,Benjamin Lecomte,Montpellier,10.0,0,0,0,0,0,0,0,0.0,0,0,0,0,0,0,6,0
1242,Pierre Lees-Melou,Brest,3.9,11,7,3,5,3,7,10,70.0,3,4,2,2,4,15,2,0
1243,Jordan Lefort,Angers,13.0,23,16,17,5,1,13,23,56.5,10,21,10,11,14,37,64,1
1244,Diogo Leite,Union Berlin,10.1,31,15,21,8,2,13,24,54.2,11,24,8,16,20,51,41,0
1245,Maxim Leitsch,Mainz 05,6.1,11,3,6,3,2,7,8,87.5,1,9,4,5,8,19,32,1
1246,Florian Lejeune,Rayo Vallecano,13.9,21,13,12,7,2,7,13,53.8,6,14,11,3,7,28,61,0
1248,Inigo Lekue,Athletic Club,4.1,6,4,4,2,0,3,6,50.0,3,2,1,1,3,9,14,2
1249,Nunzio Lella,Venezia,0.1,0,0,0,0,0,0,0,0.0,0,0,0,0,0,0,0,0
1250,Thomas Lemar,Atlético Madrid,0.1,0,0,0,0,0,0,1,0.0,1,0,0,0,0,0,0,0
1251,Felix Lemarechal,Strasbourg,3.1,8,6,1,5,2,2,3,66.7,1,6,0,6,4,12,2,0
1252,Mario Lemina,Wolves,11.8,39,24,21,14,4,16,21,76.2,5,8,4,4,25,64,40,2
1253,Clement Lenglet,Atlético Madrid,5.4,2,2,1,1,0,1,2,50.0,1,5,3,2,7,9,25,0
1254,Bernd Leno,Fulham,13.0,0,0,0,0,0,0,0,0.0,0,1,0,1,0,0,2,3
1255,Donovan Leon,Auxerre,13.0,0,0,0,0,0,0,2,0.0,2,0,0,0,0,0,8,1
1256,Giovanni Leoni,Parma,1.5,0,0,0,0,0,0,0,0.0,0,4,2,2,3,3,4,0
1257,Esteban Lepaul,Angers,1.9,1,1,0,0,1,0,5,0.0,5,5,1,4,2,3,2,0
1258,Johann Lepenant,Nantes,7.9,21,9,8,10,3,6,22,27.3,16,8,2,6,9,30,7,0
1259,Jefferson Lerma,Crystal Palace,5.9,7,3,2,4,1,4,7,57.1,3,10,5,5,11,18,14,0
1260,Louis Leroux,Nantes,0.2,1,1,1,0,0,1,1,100.0,0,0,0,0,0,1,0,0
1261,Robert Lewandowski,Barcelona,13.9,6,3,1,4,1,2,5,40.0,3,9,2,7,1,7,16,0
1262,Jamie Leweling,Stuttgart,7.3,5,2,2,0,3,3,9,33.3,6,10,0,10,4,9,7,0
1263,Rico Lewis,Manchester City,10.3,22,12,10,9,3,7,9,77.8,2,13,2,11,10,32,22,1
1264,Keane Lewis-Potter,Brentford,10.5,18,8,6,9,3,9,15,60.0,6,8,3,5,5,23,19,0
1265,Myles Lewis-Skelly,Arsenal,0.2,1,1,1,0,0,0,0,0.0,0,0,0,0,0,1,1,0
1266,Philipp Lienhart,Freiburg,11.2,10,8,7,3,0,7,13,53.8,6,11,8,3,15,25,34,1
1267,Matthijs de Ligt,Manchester Utd,10.1,11,5,8,3,0,8,12,66.7,4,11,8,3,16,27,31,0
1268,Victor Lindelof,Manchester Utd,0.7,3,0,3,0,0,1,1,100.0,0,1,0,1,2,5,3,0
1269,Jesper Lindstrom,Everton,5.4,15,6,5,10,0,6,18,33.3,12,9,3,6,3,18,3,0
1270,Karol Linetty,Torino,9.2,17,11,7,10,0,9,18,50.0,9,12,4,8,5,22,16,1
1271,Samuel Lino,Atlético Madrid,7.2,9,3,6,2,1,6,20,30.0,14,10,1,9,4,13,4,0
1272,Pol Lirola,Marseille,3.8,8,5,4,4,0,3,9,33.3,6,4,2,2,0,8,4,0
1274,Dailon Livramento,Hellas Verona,4.7,9,7,1,3,5,3,6,50.0,3,4,0,4,2,11,3,0
1275,Valentino Livramento,Newcastle Utd,9.9,19,12,14,4,1,13,20,65.0,7,14,4,10,12,31,34,1
1276,Diego Llorente,Betis,13.6,17,7,10,7,0,9,16,56.3,7,16,11,5,24,41,66,1
1277,Marcos Llorente,Atlético Madrid,8.5,19,14,12,5,2,12,17,70.6,5,6,1,5,7,26,15,1
1278,Gautier Lloris,Le Havre,13.0,34,24,24,10,0,20,30,66.7,10,11,5,6,6,40,74,0
1279,Giovani Lo Celso,Betis,6.9,17,11,4,7,6,9,13,69.2,4,4,0,4,1,18,1,0
1280,Stanislav Lobotka,Napoli,9.1,18,10,2,10,6,6,8,75.0,2,7,2,5,5,23,10,0
1281,Manuel Locatelli,Juventus,11.6,27,21,14,12,1,11,20,55.0,9,23,8,15,7,34,24,0
1282,Ruben Loftus-Cheek,Milan,7.0,14,6,3,7,4,4,7,57.1,3,1,0,1,2,16,9,0
1283,Enzo Loiodice,Las Palmas,2.9,4,2,3,1,0,1,5,20.0,4,3,0,3,3,7,2,0
1284,Sean Longstaff,Newcastle Utd,6.5,25,16,9,8,8,16,23,69.6,7,13,2,11,5,30,4,0
1285,Ademola Lookman,Atalanta,8.2,14,7,7,5,2,6,10,60.0,4,11,0,11,1,15,0,1
1286,David Lopez,Girona,13.4,13,7,8,3,2,9,18,50.0,9,16,9,7,9,22,51,1
1287,Diego Lopez,Valencia,10.4,9,6,1,5,3,5,18,27.8,13,7,0,7,3,12,2,0
1288,Fermin Lopez,Barcelona,3.4,6,5,3,1,2,2,7,28.6,5,1,0,1,2,8,1,0
1289,Javi Lopez,Real Sociedad,8.0,14,7,8,5,1,7,12,58.3,5,5,2,3,3,17,23,1
1290,Roberto Lopez,Leganés,4.0,7,5,4,3,0,4,13,30.8,9,4,0,4,1,8,7,2
1291,Unai Lopez,Rayo Vallecano,7.4,8,6,4,2,2,3,11,27.3,8,7,1,6,12,20,7,0
1292,Iker Losada,Betis,3.7,10,7,2,4,4,5,10,50.0,5,2,0,2,3,13,2,0
1293,Anthony Losilla,Bochum,9.1,22,15,12,9,1,12,24,50.0,12,14,6,8,11,33,11,1
1294,Jordan Lotomba,Nice,0.4,0,0,0,0,0,0,0,0.0,0,0,0,0,0,0,1,0
1295,Tom Louchet,Nice,3.6,14,9,9,2,3,10,11,90.9,1,5,1,4,5,19,9,0
1296,Sandi Lovric,Udinese,8.8,19,10,11,5,3,9,16,56.3,7,14,1,13,11,30,5,0
1297,Pol Lozano,Espanyol,7.1,20,15,9,8,3,9,20,45.0,11,10,2,8,8,28,10,0
1298,Lorenzo Lucca,Udinese,9.3,7,4,1,2,4,3,5,60.0,2,6,0,6,2,9,6,0
1300,Jhon Lucumi,Bologna,8.4,13,7,6,7,0,3,9,33.3,6,12,6,6,3,16,25,1
1301,Yannik Luhrs,Dortmund,0.4,1,1,1,0,0,0,0,0.0,0,0,0,0,1,2,3,0
1302,Jose Luis Gaya,Valencia,3.1,6,5,1,4,1,5,9,55.6,4,0,0,0,4,10,9,0
1303,Jose Luis Palomino,Cagliari,3.2,5,4,0,3,2,2,3,66.7,1,4,4,0,6,11,8,0
1304,Douglas Luiz,Juventus,3.0,6,2,2,3,1,4,5,80.0,1,2,0,2,2,8,0,0
1305,Romelu Lukaku,Napoli,9.8,1,1,0,1,0,0,2,0.0,2,1,1,0,0,1,8,0
1306,Castello Lukeba,RB Leipzig,8.1,17,7,7,7,3,6,9,66.7,3,13,6,7,4,21,29,0
1307,Dodi Lukebakio,Sevilla,13.1,8,6,3,3,2,4,10,40.0,6,7,0,7,1,9,7,1
1308,Sasa Lukic,Fulham,7.8,20,9,8,11,1,5,17,29.4,12,6,3,3,11,31,7,0
1309,Milos Lukovic,Strasbourg,0.1,0,0,0,0,0,0,0,0.0,0,0,0,0,0,0,0,0
1310,Joe Lumley,Southampton,1.0,0,0,0,0,0,0,0,0.0,0,0,0,0,0,0,0,1
1311,Daniel Luna,Mallorca,0.2,0,0,0,0,0,0,0,0.0,0,1,0,1,0,0,0,0
1312,Andriy Lunin,Real Madrid,3.0,0,0,0,0,0,0,0,0.0,0,0,0,0,0,0,1,0
1313,Massimo Luongo,Ipswich Town,1.6,5,3,5,0,0,4,6,66.7,2,3,2,1,2,7,2,0
1314,Sebastiano Luperto,Cagliari,14.0,17,8,12,4,1,5,10,50.0,5,8,6,2,13,30,62,1
1315,Zito Luvumbo,Cagliari,10.1,4,2,1,3,0,2,9,22.2,7,2,0,2,0,4,4,0
1316,Charalambos Lykogiannis,Bologna,4.5,5,2,3,2,0,3,7,42.9,4,1,1,0,3,8,13,0
1317,Senne Lynen,Werder Bremen,10.8,27,13,12,11,4,17,22,77.3,5,19,4,15,18,45,19,4
1318,Othmane Maamma,Montpellier,0.7,0,0,0,0,0,0,1,0.0,1,2,0,2,0,0,1,0
1319,Ian Maatsen,Aston Villa,2.5,6,4,2,4,0,2,4,50.0,2,2,0,2,1,7,5,1
1320,Alexis Mac Allister,Liverpool,10.0,32,24,9,19,4,19,38,50.0,19,25,0,25,4,36,8,0
1321,Deiver Machado,Lens,5.9,13,10,8,4,1,9,10,90.0,1,7,1,6,5,18,7,0
1322,Shuto Machino,Holstein Kiel,5.8,2,2,1,0,1,2,5,40.0,3,2,0,2,3,5,2,0
1323,Darwin Machis,Valladolid,3.0,0,0,0,0,0,0,4,0.0,4,2,0,2,1,1,3,0
1324,Yvann Macon,Saint-Étienne,3.2,4,3,0,3,1,1,5,20.0,4,7,2,5,0,4,6,1
1326,James Maddison,Tottenham,9.5,15,9,4,8,3,7,20,35.0,13,6,3,3,7,22,14,0
1327,Eros Maddy,Auxerre,0.1,0,0,0,0,0,0,0,0.0,0,0,0,0,0,0,0,0
1328,Noni Madueke,Chelsea,9.5,13,10,6,6,1,8,18,44.4,10,7,0,7,3,16,4,0
1329,Pablo Maffeo,Mallorca,9.3,19,11,13,5,1,11,16,68.8,5,13,5,8,8,27,24,1
1330,Gabriel Magalhaes,Arsenal,12.1,8,4,4,4,0,4,7,57.1,3,24,18,6,7,15,42,1
1331,Soungoutou Magassa,Monaco,5.4,20,11,5,13,2,14,24,58.3,10,4,0,4,9,29,9,1
1332,Giangiacomo Magnani,Hellas Verona,9.4,18,13,12,6,0,6,6,100.0,0,14,8,6,10,28,54,0
1333,Hugo Magnetti,Brest,9.3,16,9,4,11,1,6,14,42.9,8,8,2,6,6,22,11,0
1334,Frank Magri,Toulouse,3.7,1,0,0,0,1,1,4,25.0,3,8,0,8,1,2,4,0
1335,Harry Maguire,Manchester Utd,3.1,2,1,2,0,0,2,2,100.0,0,2,2,0,6,8,10,0
1336,Jon Magunacelaya,Real Sociedad,0.1,1,1,1,0,0,0,0,0.0,0,0,0,0,0,1,0,0
1337,Arne Maier,Augsburg,4.1,6,2,1,5,0,4,5,80.0,1,8,1,7,1,7,4,1
1338,Mike Maignan,Milan,13.0,0,0,0,0,0,0,0,0.0,0,0,0,0,0,0,8,1
1339,Patrick Mainka,Heidenheim,12.0,19,8,13,6,0,11,18,61.1,7,25,15,10,21,40,53,0
1340,Kobbie Mainoo,Manchester Utd,7.2,16,13,12,3,1,10,15,66.7,5,6,2,4,15,31,3,1
1341,Ainsley Maitland-Niles,Lyon,9.4,33,20,13,11,9,21,29,72.4,8,13,2,11,12,45,21,3
1342,Radoslaw Majecki,Monaco,6.0,0,0,0,0,0,0,0,0.0,0,0,0,0,0,0,5,0
1343,Lovro Majer,Wolfsburg,1.6,0,0,0,0,0,0,2,0.0,2,2,0,2,0,0,1,0
1344,Jordy Makengo,Freiburg,0.5,4,3,3,1,0,2,2,100.0,0,0,0,0,0,4,4,0
1345,Antoine Makoumbou,Cagliari,6.7,10,5,7,3,0,2,4,50.0,2,11,2,9,6,16,4,0
1346,Nikola Maksimovic,Montpellier,4.0,4,3,2,2,0,2,2,100.0,0,1,1,0,5,9,15,1
1347,Julian Malatini,Werder Bremen,4.8,10,9,4,5,1,4,10,40.0,6,6,3,3,7,17,16,0
1348,Daniel Maldini,Monza,9.1,12,5,4,8,0,5,8,62.5,3,6,2,4,3,15,10,2
1349,Youssef Maleh,Empoli,7.6,10,7,5,5,0,2,9,22.2,7,16,5,11,6,16,10,0
1350,Donyell Malen,Dortmund,5.6,0,0,0,0,0,0,0,0.0,0,2,0,2,3,3,6,0
1352,Ruslan Malinovskyi,Genoa,2.5,8,6,2,5,1,2,3,66.7,1,1,0,1,1,9,3,0
1353,Lennard Maloney,Heidenheim,7.4,17,8,11,5,1,11,16,68.8,5,9,2,7,11,28,37,0
1354,Giorgi Mamardashvili,Valencia,13.0,0,0,0,0,0,0,0,0.0,0,0,0,0,0,0,3,0
1355,Dennis Man,Parma,11.9,5,3,3,1,1,4,14,28.6,10,4,1,3,7,12,6,0
1356,Hianga Mananga Mbock,Brest,0.2,0,0,0,0,0,0,0,0.0,0,0,0,0,1,1,0,0
1357,Gianluca Mancini,Roma,13.1,16,8,8,6,2,10,12,83.3,2,9,6,3,15,31,21,0
1358,Steve Mandanda,Rennes,12.5,0,0,0,0,0,0,1,0.0,1,0,0,0,0,0,1,1
1359,Reinildo Mandava,Atlético Madrid,7.2,16,10,8,7,1,9,16,56.3,7,7,3,4,10,26,25,0
1360,Aissa Mandi,Lille,7.8,12,7,3,7,2,6,10,60.0,4,12,8,4,5,17,18,0
1361,Rolando Mandragora,Fiorentina,3.4,2,0,1,0,1,0,1,0.0,1,3,1,2,6,8,5,1
1362,Orel Mangala,Everton,5.5,11,5,1,10,0,4,6,66.7,2,0,0,0,12,23,4,0
1363,Orel Mangala,Lyon,0.7,1,0,0,0,1,0,1,0.0,1,2,0,2,0,1,1,0
1364,Ryan Manning,Southampton,4.7,7,4,2,3,2,4,5,80.0,1,8,5,3,3,10,9,0
1365,Javier Manquillo,Celta Vigo,5.5,7,5,4,3,0,2,9,22.2,7,5,3,2,7,14,13,0
1366,Johan Manzambi,Freiburg,0.1,0,0,0,0,0,0,0,0.0,0,0,0,0,0,0,0,0
1367,Alberto Manzoni,Atalanta,0.1,0,0,0,0,0,0,0,0.0,0,0,0,0,0,0,0,0
1368,Sekou Mara,Strasbourg,5.5,7,4,0,4,3,2,6,33.3,4,3,0,3,3,10,2,0
1369,Alessandro Marcandalli,Genoa,0.5,1,0,1,0,0,0,0,0.0,0,0,0,0,0,1,2,0
1370,Marcao,Sevilla,5.1,9,6,6,3,0,2,3,66.7,1,9,6,3,6,15,23,1
1371,Filip Marchwinski,Lecce,0.2,0,0,0,0,0,0,0,0.0,0,0,0,0,0,0,0,0
1372,Oscar de Marcos,Athletic Club,9.0,19,10,10,8,1,13,23,56.5,10,10,1,9,10,29,18,0
1373,Alberto Mari,Valencia,0.1,0,0,0,0,0,0,0,0.0,0,0,0,0,0,0,0,0
1374,Pablo Mari,Monza,14.0,16,9,10,6,0,7,16,43.8,9,19,18,1,29,45,70,1
1375,Jose Maria Gimenez,Atlético Madrid,11.3,10,7,6,4,0,8,15,53.3,7,15,11,4,14,24,51,1
1376,Luca Marianucci,Empoli,0.3,2,1,2,0,0,1,3,33.3,2,0,0,0,0,2,3,0
1378,Mirko Maric,Monza,0.8,0,0,0,0,0,0,0,0.0,0,1,1,0,1,1,1,0
1379,Pablo Marin,Real Sociedad,0.9,3,2,1,2,0,1,2,50.0,1,0,0,0,0,3,1,0
1380,Razvan Marin,Cagliari,9.0,12,8,5,6,1,7,15,46.7,8,4,0,4,2,14,14,1
1381,Guillermo Maripan,Torino,4.0,6,2,3,2,1,3,4,75.0,1,3,0,3,8,14,21,0
1382,Mika Marmol,Las Palmas,6.7,14,4,8,5,1,6,10,60.0,4,14,6,8,10,24,22,0
1383,Omar Marmoush,Eint Frankfurt,11.1,7,4,0,3,4,1,3,33.3,2,7,1,6,1,8,2,0
1384,Mario Maroto,Valladolid,0.2,0,0,0,0,0,0,1,0.0,1,0,0,0,2,2,1,0
1385,Marquinhos,Paris S-G,9.0,15,11,5,7,3,11,14,78.6,3,14,6,8,5,20,24,0
1386,Aaron Martin,Genoa,12.2,29,21,14,13,2,13,19,68.4,6,12,4,8,6,35,20,1
1387,Carlos Martin,Alavés,4.9,11,4,4,5,2,3,19,15.8,16,8,1,7,0,11,6,0
1388,Gerard Martin,Barcelona,4.3,10,4,4,3,3,7,10,70.0,3,9,2,7,4,14,9,0
1389,Ivan Martin,Girona,9.2,13,8,8,4,1,5,15,33.3,10,11,1,10,5,18,3,1
1390,Jon Martin,Real Sociedad,1.0,0,0,0,0,0,0,0,0.0,0,1,1,0,1,1,6,0
1391,Jonas Martin,Brest,5.1,11,5,8,2,1,5,10,50.0,5,3,0,3,6,17,11,1
1392,Mario Martin,Valladolid,7.1,22,12,11,10,1,10,22,45.5,12,9,1,8,7,29,18,3
1393,Gabriel Martinelli,Arsenal,7.6,9,7,1,3,5,4,11,36.4,7,4,0,4,1,10,9,0
1394,Arnau Martinez,Girona,9.9,18,11,10,4,4,12,17,70.6,5,4,2,2,4,22,25,2
1395,Emiliano Martinez,Aston Villa,12.5,1,1,1,0,0,0,0,0.0,0,0,0,0,0,1,8,3
1396,Inigo Martinez,Barcelona,13.8,14,8,12,2,0,9,9,100.0,0,8,5,3,9,23,43,1
1397,Javi Martinez,Osasuna,0.1,0,0,0,0,0,0,0,0.0,0,0,0,0,0,0,0,0
1398,Lautaro Martinez,Inter,10.0,7,3,2,3,2,3,5,60.0,2,5,1,4,3,10,3,0
1399,Lisandro Martinez,Manchester Utd,10.8,22,13,15,5,2,11,20,55.0,9,11,3,8,24,46,32,1
1400,Lucas Martinez Quarta,Fiorentina,3.9,12,7,9,3,0,8,13,61.5,5,5,2,3,3,15,25,1
1401,Toni Martinez,Alavés,5.5,5,3,0,3,2,0,1,0.0,1,5,2,3,0,5,7,0
1402,Kevin Martins,Monza,0.0,0,0,0,0,0,0,0,0.0,0,0,0,0,0,0,0,0
1404,Javi Marton,Athletic Club,0.6,0,0,0,0,0,0,0,0.0,0,0,0,0,0,0,0,0
1405,Adam Marusic,Lazio,7.5,13,6,8,5,0,6,11,54.5,5,5,2,3,5,18,21,0
1406,Marvin,Las Palmas,4.7,10,5,5,3,2,5,17,29.4,12,4,1,3,5,15,14,0
1407,Omar Mascarell,Mallorca,7.1,14,7,7,7,0,8,14,57.1,6,11,6,5,14,28,22,2
1408,Adam Masina,Torino,12.5,21,10,14,6,1,16,28,57.1,12,19,12,7,11,32,48,1
1409,Patrizio Masini,Genoa,0.8,6,3,2,4,0,1,1,100.0,0,4,0,4,0,6,3,0
1410,Erhan Masovic,Bochum,6.2,7,6,5,2,0,6,14,42.9,8,11,7,4,8,15,27,0
1411,Clinton Mata,Lyon,9.1,16,9,9,6,1,13,14,92.9,1,8,4,4,17,33,18,2
1412,Jaime Mata,Las Palmas,2.9,3,0,1,2,0,2,6,33.3,4,3,1,2,1,4,1,0
1413,Igor Matanovic,Eint Frankfurt,2.7,1,0,0,1,0,0,1,0.0,1,2,0,2,1,2,7,0
1414,Pape Matar Sarr,Tottenham,6.9,19,13,7,11,1,4,9,44.4,5,12,2,10,9,28,9,0
1415,Eliot Matazo,Monaco,0.0,0,0,0,0,0,0,0,0.0,0,0,0,0,0,0,0,0
1416,Jean-Philippe Mateta,Crystal Palace,10.4,4,3,1,2,1,0,5,0.0,5,6,0,6,1,5,12,0
1417,Nemanja Matic,Lyon,8.4,15,13,5,9,1,7,15,46.7,8,11,6,5,6,21,13,0
1418,Chrislain Matsima,Augsburg,6.5,3,3,3,0,0,2,6,33.3,4,16,8,8,16,19,36,0
1419,Jean Matteo Bahoya,Eint Frankfurt,1.7,5,5,3,2,0,4,8,50.0,4,1,0,1,1,6,0,0
1420,Alan Matturro,Genoa,6.2,8,4,3,5,0,3,12,25.0,9,5,2,3,9,17,17,0
1421,Azor Matusiwa,Rennes,10.2,34,19,17,16,1,18,23,78.3,5,13,4,9,16,50,17,0
1422,Neal Maupay,Marseille,5.0,6,3,1,4,1,2,2,100.0,0,4,0,4,0,6,0,0
1423,Stephy Mavididi,Leicester City,7.3,15,10,7,5,3,7,19,36.8,12,14,1,13,1,16,4,0
1424,Konstantinos Mavropanos,West Ham,7.6,14,11,11,2,1,6,10,60.0,4,11,9,2,15,29,41,0
1425,Christian Mawissa,Monaco,4.3,15,8,6,7,2,10,17,58.8,7,8,1,7,11,26,4,0
1426,Keke Maximilian Topp,Werder Bremen,2.2,2,1,0,1,1,1,2,50.0,1,0,0,0,1,3,1,0
1427,Borja Mayoral,Getafe,1.4,1,1,1,0,0,0,0,0.0,0,1,0,1,0,1,1,0
1428,Senny Mayulu,Paris S-G,2.1,9,5,4,4,1,3,6,50.0,3,5,3,2,2,11,3,0
1430,Noussair Mazraoui,Manchester Utd,10.7,43,23,23,14,6,22,34,64.7,12,12,2,10,12,55,34,0
1431,Luca Mazzitelli,Como,3.2,9,6,4,5,0,5,7,71.4,2,5,2,3,2,11,10,0
1432,Pasquale Mazzocchi,Napoli,4.3,5,2,3,1,1,2,6,33.3,4,3,1,2,3,8,12,0
1433,Samuel Mbangula,Juventus,3.8,11,8,7,3,1,5,8,62.5,3,4,0,4,0,11,2,0
1434,Ethan Mbappe,Lille,0.9,1,0,0,1,0,0,2,0.0,2,4,0,4,0,1,0,0
1435,Kylian Mbappe,Real Madrid,12.3,1,1,0,1,0,0,0,0.0,0,2,0,2,0,1,0,0
1436,Ibrahim Mbaye,Paris S-G,1.0,0,0,0,0,0,0,3,0.0,3,0,0,0,0,0,0,0
1437,Bryan Mbeumo,Brentford,12.9,15,9,6,6,3,6,9,66.7,3,7,2,5,3,18,19,0
1438,James Mcatee,Manchester City,0.0,0,0,0,0,0,0,0,0.0,0,1,0,1,0,0,0,0
1439,Kasey McAteer,Leicester City,1.2,4,2,4,0,0,2,3,66.7,1,4,0,4,0,4,4,0
1440,Oliver McBurnie,Las Palmas,7.9,5,4,2,2,1,2,4,50.0,2,4,1,3,3,8,9,0
1441,Alex McCarthy,Southampton,3.0,0,0,0,0,0,0,0,0.0,0,0,0,0,0,0,1,4
1442,John McGinn,Aston Villa,7.9,10,6,3,6,1,4,7,57.1,3,8,0,8,3,13,3,0
1443,Scott McKenna,Las Palmas,10.1,8,7,6,2,0,4,5,80.0,1,17,13,4,3,11,57,2
1444,Weston McKennie,Juventus,5.0,5,3,2,3,0,1,2,50.0,1,3,0,3,2,7,1,0
1445,Mark McKenzie,Toulouse,10.7,19,12,11,8,0,13,20,65.0,7,13,9,4,6,25,47,0
1446,Dwight McNeil,Everton,11.9,10,6,5,3,2,7,16,43.8,9,7,0,7,5,15,1,1
1447,Scott McTominay,Manchester Utd,0.2,0,0,0,0,0,0,1,0.0,1,0,0,0,0,0,1,0
1448,Scott McTominay,Napoli,10.2,15,10,4,10,1,10,19,52.6,9,7,0,7,9,24,13,0
1449,Jakov Medic,Bochum,9.8,7,6,4,2,1,4,8,50.0,4,23,15,8,12,19,52,2
1450,Facundo Medina,Lens,11.8,24,15,12,11,1,10,18,55.6,8,13,4,9,15,39,27,0
1451,Ben Mee,Brentford,0.1,1,1,0,1,0,1,1,100.0,0,1,1,0,1,2,0,0
1452,Henrik Meister,Rennes,0.7,2,0,0,2,0,0,0,0.0,0,4,0,4,1,3,0,0
1453,Bamo Meite,Marseille,0.3,0,0,0,0,0,0,0,0.0,0,0,0,0,0,0,1,0
1454,Mohamed Meite,Rennes,0.1,0,0,0,0,0,0,0,0.0,0,0,0,0,0,0,0,0
1456,Mateo Mejia,Sevilla,0.1,0,0,0,0,0,0,0,0.0,0,0,0,0,0,0,0,0
1457,Farid El Melali,Angers,9.7,16,8,6,5,5,6,19,31.6,13,8,1,7,7,23,7,1
1458,Filippo Melegoni,Genoa,1.0,1,1,1,0,0,0,4,0.0,4,0,0,0,0,1,2,0
1459,Nuno Mendes,Paris S-G,5.3,7,5,2,4,1,6,11,54.5,5,8,4,4,5,12,6,0
1460,Brais Mendez,Real Sociedad,8.6,9,6,3,3,3,4,12,33.3,8,9,1,8,3,12,8,0
1461,Antoine Mendy,Nice,4.5,19,13,10,9,0,12,18,66.7,6,6,2,4,4,23,15,0
1462,Ferland Mendy,Real Madrid,7.4,15,12,6,5,4,8,10,80.0,2,7,2,5,8,23,6,1
1463,Nampalys Mendy,Lens,1.2,4,2,3,1,0,2,5,40.0,3,2,1,1,1,5,0,0
1464,Gideon Mensah,Auxerre,7.3,21,15,12,6,3,9,21,42.9,12,4,0,4,14,35,22,0
1465,Alex Meret,Napoli,10.4,0,0,0,0,0,0,0,0.0,0,1,0,1,0,0,4,0
1466,Mikel Merino,Arsenal,4.1,14,10,5,4,5,4,10,40.0,6,10,5,5,8,22,5,1
1467,Quentin Merlin,Marseille,4.5,4,3,2,1,1,1,5,20.0,4,2,1,1,7,11,4,1
1468,Victor Meseguer,Valladolid,4.2,10,6,4,4,2,2,10,20.0,8,3,0,3,2,12,3,1
1469,Rafik Messali,Toulouse,0.0,0,0,0,0,0,0,0,0.0,0,0,0,0,0,0,0,0
1470,Junior Messias,Genoa,3.4,4,1,3,1,0,1,2,50.0,1,1,1,0,4,8,7,0
1471,Connor Metcalfe,St. Pauli,2.5,1,0,0,1,0,0,3,0.0,3,3,0,3,2,3,4,0
1472,Karol Mets,St. Pauli,10.0,13,8,6,7,0,4,7,57.1,3,9,3,6,12,25,60,0
1473,Thomas Meunier,Lille,6.6,13,9,9,3,1,8,13,61.5,5,8,2,6,12,25,20,0
1474,Alexander Meyer,Dortmund,2.0,0,0,0,0,0,0,0,0.0,0,0,0,0,0,0,0,0
1475,Florian Micheler,Hoffenheim,0.4,0,0,0,0,0,0,2,0.0,2,0,0,0,0,0,0,0
1476,Miguel,Leganés,10.0,7,3,3,2,2,4,9,44.4,5,10,2,8,3,10,8,0
1477,Valentin Mihaila,Parma,8.0,23,11,6,11,6,7,14,50.0,7,11,0,11,3,26,2,0
1478,Georges Mikautadze,Lyon,5.5,5,4,1,2,2,2,4,50.0,2,2,0,2,1,6,0,0
1479,Nikola Milenkovic,Nott'ham Forest,12.0,14,11,9,5,0,5,6,83.3,1,12,8,4,12,26,44,0
1480,Vanja Milinkovic-Savic,Torino,13.0,0,0,0,0,0,0,2,0.0,2,0,0,0,0,0,5,1
1482,Eder Militao,Real Madrid,10.4,19,17,14,5,0,7,12,58.3,5,13,8,5,12,31,35,0
1483,Luis Milla,Getafe,14.8,30,21,16,12,2,17,35,48.6,18,19,0,19,9,39,9,0
1484,Pere Milla,Espanyol,2.3,3,1,2,0,1,0,10,0.0,10,6,2,4,2,5,2,0
1485,Enzo Millot,Stuttgart,8.6,11,9,4,5,2,4,14,28.6,10,10,0,10,6,17,2,0
1486,James Milner,Brighton,1.9,5,2,1,3,1,3,3,100.0,0,4,2,2,2,7,2,1
1487,Kim Min-jae,Bayern Munich,11.4,16,10,5,8,3,3,9,33.3,6,12,7,5,17,33,32,1
1488,Yerry Mina,Cagliari,10.1,24,8,15,8,1,18,23,78.3,5,23,15,8,9,33,55,1
1489,Takumi Minamino,Monaco,8.7,8,5,2,4,2,2,9,22.2,7,9,1,8,4,12,5,0
1490,Lucas Mincarelli,Montpellier,2.8,4,4,1,2,1,1,5,20.0,4,1,1,0,1,5,8,0
1491,Oscar Mingueza,Celta Vigo,12.2,17,9,7,7,3,13,29,44.8,16,13,3,10,7,24,17,2
1492,Kim Minsu,Girona,0.2,1,0,0,1,0,0,0,0.0,0,0,0,0,0,1,0,0
1493,Yankuba Minteh,Brighton,4.5,5,3,1,1,3,3,11,27.3,8,7,0,7,3,8,4,0
1494,Bojan Miovski,Girona,6.4,6,4,1,2,3,2,6,33.3,4,4,0,4,1,7,5,0
1495,Rafa Mir,Valencia,2.7,6,3,4,2,0,1,3,33.3,2,1,0,1,0,6,5,0
1496,Juan Miranda,Bologna,8.5,15,10,7,5,3,7,14,50.0,7,11,1,10,11,26,13,0
1497,Fabio Miretti,Genoa,5.2,12,5,3,5,4,8,10,80.0,2,5,0,5,2,14,4,0
1498,Tyrick Mitchell,Crystal Palace,12.4,34,24,22,9,3,7,15,46.7,8,27,3,24,6,40,27,1
1499,Kaoru Mitoma,Brighton,12.2,17,10,5,7,5,10,24,41.7,14,20,1,19,6,23,3,0
1500,Maximilian Mittelstadt,Stuttgart,10.0,23,15,15,7,1,16,24,66.7,8,18,8,10,13,36,29,1
1501,Koji Miyoshi,Bochum,2.9,5,4,0,1,4,3,7,42.9,4,6,1,5,1,6,2,0
1502,Henrikh Mkhitaryan,Inter,11.6,17,10,4,9,4,8,18,44.4,10,8,1,7,9,26,16,0
1503,Jakub Moder,Brighton,0.1,0,0,0,0,0,0,2,0.0,2,0,0,0,0,0,2,0
1504,Rui Modesto,Udinese,0.3,1,1,0,1,0,1,1,100.0,0,0,0,0,1,2,0,0
1505,Luka Modric,Real Madrid,7.0,6,2,5,0,1,4,9,44.4,5,6,1,5,7,13,6,0
1506,Max Moerstedt,Hoffenheim,0.9,3,3,1,2,0,1,1,100.0,0,0,0,0,0,3,3,0
1508,Mostafa Mohamed,Nantes,4.7,8,5,3,4,1,2,6,33.3,4,2,0,2,2,10,10,0
1509,Johan Mojica,Mallorca,12.1,17,12,12,2,3,9,14,64.3,5,3,1,2,12,29,35,0
1510,Alberto Moleiro,Las Palmas,12.6,15,8,7,7,1,11,23,47.8,12,13,0,13,7,22,5,0
1511,Nahuel Molina,Atlético Madrid,7.8,17,8,9,8,0,12,25,48.0,13,8,0,8,6,23,20,0
1512,Florent Mollet,Nantes,1.7,1,1,1,0,0,1,1,100.0,0,2,0,2,1,2,2,0
1513,Jon Moncayola,Osasuna,10.3,31,15,7,20,4,11,25,44.0,14,17,1,16,7,38,12,0
1514,Gonzalo Montiel,Sevilla,0.1,0,0,0,0,0,0,0,0.0,0,0,0,0,0,0,0,0
1515,Lorenzo Montipo,Hellas Verona,13.0,0,0,0,0,0,0,2,0.0,2,0,0,0,0,0,7,2
1516,Mikey Moore,Tottenham,0.9,0,0,0,0,0,0,0,0.0,0,0,0,0,1,1,0,0
1517,Alvaro Morata,Milan,7.8,7,5,1,5,1,3,6,50.0,3,4,1,3,5,12,4,0
1518,Morato,Nott'ham Forest,0.9,1,1,1,0,0,0,0,0.0,0,2,2,0,2,3,14,0
1519,Diego Moreira,Strasbourg,11.2,18,12,6,8,4,8,16,50.0,8,5,1,4,12,30,20,0
1520,Alberto Moreno,Como,13.2,19,9,12,7,0,9,16,56.3,7,9,1,8,11,30,23,2
1521,Alex Moreno,Nott'ham Forest,7.8,21,15,18,3,0,12,29,41.4,17,9,4,5,11,32,29,0
1522,Gerard Moreno,Villarreal,2.0,2,2,0,0,2,1,1,100.0,0,0,0,0,1,3,1,0
1523,Tete Morente,Lecce,5.1,8,5,3,4,1,2,12,16.7,10,7,0,7,5,13,4,0
1524,Mateu Morey,Mallorca,1.8,3,2,1,2,0,1,2,50.0,1,1,0,1,6,9,6,0
1525,Ilaix Moriba,Celta Vigo,6.7,21,17,6,13,2,14,26,53.8,12,7,2,5,5,26,7,0
1526,Manu Morlanes,Mallorca,9.7,28,18,13,11,4,13,18,72.2,5,16,6,10,21,49,13,0
1527,Nikola Moro,Bologna,7.3,20,16,5,11,4,15,18,83.3,3,13,6,7,7,27,8,0
1528,Raul Moro,Valladolid,11.9,13,8,10,2,1,7,19,36.8,12,6,0,6,9,22,6,0
1529,Sam Morsy,Ipswich Town,11.9,30,18,16,11,3,13,25,52.0,12,12,4,8,10,40,19,1
1530,Gabriel Moscardo,Reims,0.1,1,0,1,0,0,0,1,0.0,1,0,0,0,0,1,0,0
1531,Cristhian Mosquera,Valencia,13.0,11,6,9,2,0,2,4,50.0,2,13,8,5,14,25,43,0
1532,Daniel Mosquera,Hellas Verona,5.2,4,2,1,1,2,0,2,0.0,2,3,1,2,0,4,4,0
1534,Yerson Mosquera,Wolves,4.9,11,7,9,2,0,9,14,64.3,5,13,10,3,10,21,14,0
1535,Dany Mota,Monza,8.4,6,1,2,0,4,2,4,50.0,2,10,0,10,7,13,9,0
1536,Yael Mouanga,Montpellier,1.0,2,2,2,0,0,1,1,100.0,0,3,3,0,0,2,7,0
1537,Aimen Moueffek,Saint-Étienne,5.3,11,6,3,7,1,3,11,27.3,8,6,3,3,2,13,17,0
1538,Youssoufa Moukoko,Nice,2.0,1,0,1,0,0,0,1,0.0,1,0,0,0,0,1,0,0
1539,Steve Mounie,Augsburg,2.3,3,3,0,1,2,0,1,0.0,1,1,1,0,0,3,3,0
1540,Mason Mount,Manchester Utd,1.8,6,2,3,3,0,5,7,71.4,2,3,0,3,0,6,0,0
1541,Santiago Mourino,Alavés,5.0,13,9,11,2,0,7,14,50.0,7,4,0,4,9,22,20,0
1542,Louis Mouton,Saint-Étienne,4.5,14,7,5,5,4,4,9,44.4,5,3,1,2,5,19,9,0
1543,Mykhailo Mudryk,Chelsea,1.7,2,2,2,0,0,0,0,0.0,0,3,1,2,0,2,1,0
1544,Ngal'Ayel Mukau,Lille,4.4,15,10,4,10,1,10,16,62.5,6,7,0,7,8,23,10,0
1545,Nordi Mukiele,Leverkusen,1.3,3,2,0,2,1,2,2,100.0,0,1,0,1,2,5,5,1
1546,Florian Muller,Freiburg,2.0,0,0,0,0,0,0,0,0.0,0,0,0,0,0,0,0,0
1547,Kevin Muller,Heidenheim,12.0,1,1,1,0,0,1,1,100.0,0,0,0,0,0,1,4,2
1548,Thomas Muller,Bayern Munich,4.6,4,2,1,2,1,2,6,33.3,4,4,0,4,0,4,5,0
1549,Abdul Mumin,Rayo Vallecano,12.0,12,8,9,3,0,4,13,30.8,9,20,13,7,15,27,68,0
1550,Marshall Munetsi,Reims,11.8,21,12,13,4,4,13,23,56.5,10,17,3,14,11,32,16,0
1551,Rodrigo Muniz,Fulham,4.0,1,0,0,1,0,1,1,100.0,0,2,1,1,1,2,4,0
1552,Aihen Munoz,Real Sociedad,3.5,4,3,3,1,0,3,9,33.3,6,2,1,1,6,10,15,0
1553,Alex Munoz,Las Palmas,10.2,28,22,16,11,1,15,24,62.5,9,20,7,13,14,42,45,0
1554,Daniel Munoz,Crystal Palace,12.0,52,36,23,21,8,23,38,60.5,15,13,2,11,14,66,36,0
1555,Iker Munoz,Osasuna,1.7,1,0,1,0,0,0,0,0.0,0,2,0,2,1,2,1,1
1556,Javier Munoz,Las Palmas,10.2,22,16,8,9,5,9,19,47.4,10,13,1,12,12,34,14,1
1557,Arijanet Muric,Ipswich Town,12.0,0,0,0,0,0,0,2,0.0,2,0,0,0,0,0,8,3
1558,Murillo,Nott'ham Forest,13.0,17,11,13,3,1,10,21,47.6,11,25,18,7,6,23,80,1
1560,Vedat Muriqi,Mallorca,9.5,0,0,0,0,0,0,1,0.0,1,0,0,0,4,4,18,0
1561,Jacob Murphy,Newcastle Utd,5.8,8,6,4,3,1,5,10,50.0,5,7,0,7,2,10,2,0
1562,Yunus Musah,Milan,5.0,10,9,4,4,2,3,4,75.0,1,3,0,3,3,13,2,1
1563,Jamal Musiala,Bayern Munich,8.7,16,9,3,8,5,5,12,41.7,7,13,0,13,6,22,3,1
1564,Florent Muslija,Freiburg,1.9,5,4,3,1,1,2,2,100.0,0,0,0,0,1,6,1,0
1565,Juan Musso,Atalanta,1.0,0,0,0,0,0,0,0,0.0,0,0,0,0,0,0,0,0
1566,Juan Musso,Atlético Madrid,1.0,0,0,0,0,0,0,0,0.0,0,0,0,0,0,0,0,0
1567,Kingstone Mutandwa,Cagliari,0.5,0,0,0,0,0,0,0,0.0,0,0,0,0,0,0,0,0
1568,Junior Mwanga,Strasbourg,3.3,17,9,9,7,1,5,9,55.6,4,2,0,2,2,19,2,0
1569,Phillipp Mwene,Mainz 05,11.8,23,14,8,12,3,6,12,50.0,6,12,3,9,12,35,20,0
1570,Vitaliy Mykolenko,Everton,10.3,14,10,9,3,2,7,14,50.0,7,6,3,3,9,23,35,1
1571,Joakim Maehle,Wolfsburg,4.4,2,1,1,1,0,1,3,33.3,2,2,0,2,3,5,6,0
1572,Obite N'Dicka,Roma,14.0,14,12,7,7,0,8,10,80.0,2,19,14,5,17,31,45,1
1573,Nathan N'Goumou,Gladbach,3.0,6,6,3,2,1,2,4,50.0,2,6,1,5,2,8,3,0
1574,Stanley N'Soki,Hoffenheim,4.1,7,5,5,2,0,4,6,66.7,2,6,2,4,10,17,19,1
1575,Mickael Nade,Saint-Étienne,6.6,21,15,13,8,0,10,10,100.0,0,12,4,8,8,29,26,2
1576,Bilal Nadir,Marseille,0.2,0,0,0,0,0,0,0,0.0,0,0,0,0,0,0,0,0
1577,Mahamadou Nagida,Rennes,2.1,4,4,2,1,1,3,3,100.0,0,2,0,2,6,10,1,0
1578,Keito Nakamura,Reims,11.0,14,10,6,5,3,7,14,50.0,7,10,0,10,7,21,4,0
1579,Sebastian Nanasi,Strasbourg,10.2,8,6,2,4,2,3,11,27.3,8,9,1,8,2,10,8,0
1580,Yael Nandjou,Nice,0.8,3,1,2,1,0,3,5,60.0,2,1,0,1,1,4,1,0
1581,Matija Nastasic,Leganés,9.5,12,6,11,1,0,7,11,63.6,4,20,16,4,9,21,64,0
1582,Natan,Betis,9.1,13,10,10,2,1,10,10,100.0,0,10,5,5,13,26,45,0
1583,Pau Navarro,Villarreal,2.4,6,5,3,3,0,5,8,62.5,3,3,2,1,0,6,12,0
1584,Roberto Navarro,Mallorca,8.5,18,13,9,6,3,5,11,45.5,6,10,0,10,11,29,7,0
1586,Jesus Navas,Sevilla,3.6,4,2,2,0,2,0,1,0.0,1,0,0,0,2,6,5,0
1587,Michel Ndary Adopo,Cagliari,6.9,16,10,5,11,0,4,8,50.0,4,4,0,4,5,21,4,0
1588,Youssouf Ndayishimiye,Nice,6.5,16,7,12,3,1,7,11,63.6,4,8,5,3,7,23,32,1
1589,Iliman Ndiaye,Everton,11.0,20,11,8,5,7,11,19,57.9,8,13,3,10,13,33,8,0
1590,Junior Ndiaye,Montpellier,0.5,1,0,1,0,0,0,0,0.0,0,0,0,0,0,1,1,0
1591,Rassoul Ndiaye,Le Havre,5.1,14,10,7,7,0,1,11,9.1,10,5,1,4,3,17,6,0
1592,Wilfred Ndidi,Leicester City,11.9,39,22,22,14,3,11,26,42.3,15,29,11,18,6,45,34,0
1593,Tanguy Ndombele,Nice,7.5,23,16,5,16,2,9,13,69.2,4,7,0,7,6,29,4,0
1594,Dan Ndoye,Bologna,7.7,6,5,2,1,3,3,9,33.3,6,7,0,7,1,7,2,0
1595,Paul Nebel,Mainz 05,5.9,10,6,2,4,4,4,8,50.0,4,10,0,10,5,15,7,0
1596,Kosta Nedeljkovic,Aston Villa,1.1,7,5,1,3,3,2,3,66.7,1,1,0,1,0,7,3,0
1597,Loic Nego,Le Havre,8.0,17,10,10,5,2,13,21,61.9,8,4,0,4,12,29,19,0
1598,Reiss Nelson,Arsenal,0.0,1,0,0,1,0,0,1,0.0,1,0,0,0,0,1,1,0
1599,Reiss Nelson,Fulham,4.6,7,5,2,3,2,4,11,36.4,7,11,0,11,4,11,1,0
1600,David Nemeth,St. Pauli,2.0,2,1,1,1,0,2,5,40.0,3,3,2,1,0,2,7,0
1601,David Neres,Napoli,2.5,2,1,0,1,1,0,0,0.0,0,2,0,2,1,3,0,0
1602,Neto,Bournemouth,2.0,0,0,0,0,0,0,0,0.0,0,0,0,0,0,0,1,1
1603,Pedro Neto,Chelsea,7.2,8,3,2,5,1,4,7,57.1,3,7,0,7,4,12,2,0
1604,Luca Netz,Gladbach,5.9,13,6,9,3,1,5,10,50.0,5,9,2,7,7,20,13,0
1605,Manuel Neuer,Bayern Munich,11.0,1,0,1,0,0,1,1,100.0,0,0,0,0,0,1,5,1
1606,Florian Neuhaus,Gladbach,1.0,2,0,1,1,0,1,6,16.7,5,5,0,5,2,4,0,0
1607,Joao Neves,Paris S-G,10.4,42,22,13,20,9,17,28,60.7,11,15,3,12,7,49,5,0
1608,Yvan Neyou,Leganés,9.4,21,15,8,11,2,9,18,50.0,9,14,0,14,8,29,16,0
1609,Cyril Ngonge,Napoli,1.2,2,1,0,2,0,0,2,0.0,2,0,0,0,0,2,3,0
1610,Mikayil Ngor Faye,Rennes,5.2,11,8,8,2,1,6,6,100.0,0,3,1,2,8,19,18,0
1612,Steve Ngoura,Le Havre,1.3,2,1,0,1,1,1,1,100.0,0,2,1,1,0,2,1,0
1613,Moussa Niakhate,Lyon,11.0,24,15,21,3,0,11,14,78.6,3,11,7,4,8,32,41,2
1614,Abdoulaye Niakhate Ndiaye,Brest,3.6,7,4,5,2,0,5,6,83.3,1,5,1,4,4,11,22,0
1615,Ibrahima Niane,Angers,6.2,4,1,2,2,0,3,3,100.0,0,5,1,4,1,5,3,2
1616,Tanguy Nianzou,Sevilla,5.8,7,5,6,0,1,5,6,83.3,1,1,0,1,8,15,27,0
1617,Rasmus Nicolaisen,Toulouse,6.9,6,3,4,2,0,3,5,60.0,2,10,5,5,10,16,25,0
1618,Moritz Nicolas,Gladbach,9.0,0,0,0,0,0,0,0,0.0,0,1,0,1,0,0,6,1
1619,Hans Nicolussi Caviglia,Venezia,8.9,13,5,1,7,5,10,14,71.4,4,7,2,5,5,18,12,2
1620,Saul Niguez,Sevilla,3.9,9,6,3,3,3,1,5,20.0,4,6,1,5,2,11,6,0
1621,Eybi Nije,Torino,2.8,5,1,3,1,1,0,2,0.0,2,3,0,3,0,5,0,0
1622,Justin Njinmah,Werder Bremen,4.5,2,1,1,1,0,2,2,100.0,0,1,0,1,2,4,0,0
1623,Eddie Nketiah,Crystal Palace,5.6,10,5,5,2,3,4,8,50.0,4,5,0,5,1,11,5,0
1624,Niels Nkounkou,Eint Frankfurt,2.8,3,2,1,0,2,0,1,0.0,1,3,2,1,3,6,6,0
1625,Christopher Nkunku,Chelsea,2.1,3,3,0,1,2,2,2,100.0,0,3,1,2,1,4,4,0
1626,Felix Nmecha,Dortmund,6.7,14,10,0,8,6,4,9,44.4,5,7,2,5,8,22,12,0
1627,Lukas Nmecha,Wolfsburg,0.6,0,0,0,0,0,0,0,0.0,0,0,0,0,1,1,3,0
1628,Arnaud Nordin,Montpellier,11.0,20,12,5,14,1,10,18,55.6,8,8,0,8,3,23,7,0
1629,Brooke Norton-Cuffy,Genoa,1.1,0,0,0,0,0,0,1,0.0,1,1,0,1,1,1,0,0
1630,Tijjani Noslin,Lazio,4.7,2,2,0,0,2,0,3,0.0,3,9,0,9,0,2,7,0
1631,Hugo Novoa,Alavés,2.5,8,5,4,3,1,5,5,100.0,0,2,1,1,0,8,6,0
1632,Randy Nteka,Rayo Vallecano,4.7,5,3,0,4,1,3,5,60.0,2,4,1,3,1,6,4,0
1633,Ernest Nuamah,Lyon,2.9,8,3,5,2,1,6,7,85.7,1,1,0,1,2,10,2,0
1634,Alexander Nubel,Stuttgart,12.0,0,0,0,0,0,0,0,0.0,0,0,0,0,0,0,3,0
1635,Matheus Nunes,Manchester City,3.9,9,4,6,2,1,3,7,42.9,4,5,2,3,1,10,4,0
1636,Darwin Nunez,Liverpool,5.9,13,11,8,2,3,4,11,36.4,7,2,0,2,1,14,7,0
1638,Unai Nunez,Athletic Club,3.0,2,2,1,1,0,0,1,0.0,1,2,2,0,12,14,13,1
1639,Antonio Nusa,RB Leipzig,8.7,14,8,9,3,2,8,18,44.4,10,11,2,9,4,18,7,0
1640,Ethan Nwaneri,Arsenal,0.8,1,0,0,1,0,0,1,0.0,1,4,1,3,0,1,1,0
1641,Orjan Nyland,Sevilla,10.7,1,1,1,0,0,1,1,100.0,0,0,0,0,0,1,6,1
1642,Allan Nyom,Getafe,3.7,3,2,1,1,1,2,4,50.0,2,1,0,1,2,5,5,0
1643,Rabby Nzingoula,Montpellier,7.7,24,14,8,12,4,9,19,47.4,10,9,2,7,12,36,9,0
1644,M'Bala Nzola,Lens,6.7,2,1,0,0,2,2,4,50.0,2,3,1,2,2,4,5,0
1645,Marwann Nzuzi,Saint-Étienne,1.4,2,2,1,0,1,1,2,50.0,1,0,0,0,2,4,6,0
1646,Christian Norgaard,Brentford,9.8,29,20,12,16,1,16,24,66.7,8,19,5,14,15,44,22,1
1647,Jake O'Brien,Everton,0.4,2,2,1,1,0,2,2,100.0,0,1,0,1,0,2,0,0
1648,Matt O'Riley,Brighton,1.3,2,2,1,1,0,0,1,0.0,1,1,0,1,1,3,3,0
1649,Dara O'Shea,Ipswich Town,9.7,13,9,8,4,1,5,7,71.4,2,19,17,2,15,28,54,1
1650,Adam Obert,Cagliari,3.3,7,5,1,6,0,3,8,37.5,5,8,4,4,9,16,16,1
1651,Jan Oblak,Atlético Madrid,14.0,0,0,0,0,0,0,0,0.0,0,0,0,0,0,0,3,1
1652,Lucas Ocampos,Sevilla,1.9,3,2,2,0,1,1,2,50.0,1,2,0,2,0,3,2,0
1653,Jens Odgaard,Bologna,7.1,9,8,1,7,1,2,5,40.0,3,6,1,5,3,12,2,0
1654,Wilson Odobert,Tottenham,1.8,5,2,2,2,1,4,6,66.7,2,1,0,1,0,5,1,1
1655,Alvaro Odriozola,Real Sociedad,0.5,1,1,1,0,0,0,0,0.0,0,0,0,0,0,1,1,0
1656,Tim Oermann,Bochum,4.8,6,3,4,2,0,4,9,44.4,5,3,2,1,6,12,11,0
1657,Chiedozie Ogbene,Ipswich Town,2.6,7,3,1,2,4,2,4,50.0,2,1,0,1,1,8,3,0
1658,Ifechukwu Ogbus,Freiburg,0.2,1,1,0,0,1,0,1,0.0,1,0,0,0,1,2,2,0
1659,Hamzat Ojediran,Lens,3.2,17,10,5,10,2,4,10,40.0,6,7,1,6,9,26,5,0
1660,Noah Okafor,Milan,4.4,2,1,0,0,2,0,1,0.0,1,1,0,1,2,4,1,0
1661,Caleb Okoli,Leicester City,8.4,18,10,6,11,1,9,12,75.0,3,18,11,7,9,27,53,1
1662,Yllan Okou,Hellas Verona,0.0,0,0,0,0,0,0,0,0.0,0,1,0,1,0,0,0,0
1664,Maduka Okoye,Udinese,14.0,0,0,0,0,0,0,0,0.0,0,0,0,0,0,0,4,1
1665,Joseph Okumu,Reims,6.3,16,8,13,3,0,9,13,69.2,4,13,9,4,11,27,29,2
1666,Olasagasti,Real Sociedad,1.0,3,2,2,1,0,0,2,0.0,2,0,0,0,1,4,1,0
1667,Ben Old,Saint-Étienne,4.2,4,4,3,1,0,2,8,25.0,6,5,1,4,1,5,1,0
1668,Michael Olise,Bayern Munich,7.8,13,8,3,8,2,4,10,40.0,6,7,0,7,2,15,4,0
1669,Brian Olivan,Espanyol,5.2,6,5,4,2,0,1,6,16.7,5,4,2,2,3,9,12,0
1670,Lucas Oliveira Rosa,Valladolid,14.0,37,25,30,6,1,26,38,68.4,12,17,8,9,21,58,33,2
1671,Mathias Olivera,Napoli,11.4,32,17,19,9,4,15,23,65.2,8,15,5,10,13,45,28,0
1672,Dani Olmo,Barcelona,4.5,5,3,2,2,1,2,7,28.6,5,1,1,0,1,6,1,0
1673,Robin Olsen,Aston Villa,0.5,1,0,1,0,0,1,1,100.0,0,0,0,0,0,1,1,0
1674,Warmed Omari,Lyon,0.1,0,0,0,0,0,0,0,0.0,0,0,0,0,0,0,1,0
1675,Becir Omeragic,Montpellier,6.3,14,5,10,4,0,7,12,58.3,5,6,3,3,5,19,18,0
1676,Jonas Omlin,Gladbach,3.0,0,0,0,0,0,0,0,0.0,0,0,0,0,0,0,0,0
1677,Ado Onaiwu,Auxerre,4.6,5,4,0,5,0,2,5,40.0,3,1,0,1,1,6,6,0
1678,Amadou Onana,Aston Villa,7.8,25,15,13,10,2,8,16,50.0,8,9,5,4,16,41,16,2
1679,Andre Onana,Manchester Utd,13.0,1,1,1,0,0,1,2,50.0,1,0,0,0,0,1,5,1
1680,Karim Onisiwo,Mainz 05,1.0,0,0,0,0,0,0,0,0.0,0,0,0,0,0,0,0,0
1681,Paul Onuachu,Southampton,1.3,0,0,0,0,0,0,0,0.0,0,1,0,1,1,1,1,0
1682,Frank Onyeka,Brentford,0.3,0,0,0,0,0,0,0,0.0,0,0,0,0,0,0,0,0
1683,Frank Onyeka,Augsburg,9.7,21,17,7,10,4,8,18,44.4,10,11,2,9,15,36,11,0
1684,Lois Openda,RB Leipzig,11.1,4,3,1,3,0,1,4,25.0,3,7,0,7,1,5,1,0
1685,Christopher Operi,Le Havre,11.0,12,8,6,2,4,6,10,60.0,4,16,4,12,12,24,29,0
1686,Victor Orakpo,Nice,0.4,0,0,0,0,0,0,0,0.0,0,0,0,0,0,0,0,0
1687,Gift Orban,Lyon,2.1,0,0,0,0,0,0,1,0.0,1,0,0,0,0,0,0,0
1688,Willi Orban,RB Leipzig,9.9,20,11,11,9,0,12,16,75.0,4,17,13,4,9,29,55,1
1690,Ivan Ordets,Bochum,5.0,3,1,2,1,0,3,4,75.0,1,6,3,3,10,13,26,0
1691,Gaetano Oristanio,Venezia,11.2,8,6,3,4,1,3,7,42.9,4,13,0,13,5,13,4,0
1692,Aimar Oroz,Osasuna,13.4,17,8,8,5,4,7,20,35.0,13,16,2,14,15,32,2,0
1693,Riccardo Orsolini,Bologna,8.9,6,6,1,3,2,2,5,40.0,3,10,0,10,3,9,5,0
1694,Stefan Ortega,Manchester City,1.0,0,0,0,0,0,0,0,0.0,0,0,0,0,0,0,2,0
1695,Gabriel Osei Misehouy,Girona,2.1,0,0,0,0,0,0,0,0.0,0,0,0,0,0,0,0,0
1696,Gabriel Osho,Auxerre,9.1,8,7,8,0,0,5,10,50.0,5,19,12,7,6,14,43,0
1697,Yordan Osorio,Parma,1.9,5,3,4,1,0,2,2,100.0,0,3,1,2,4,9,6,1
1698,Patrick Osterhage,Freiburg,9.5,22,14,8,13,1,5,13,38.5,8,9,0,9,9,31,9,0
1699,William Osula,Newcastle Utd,0.1,0,0,0,0,0,0,0,0.0,0,0,0,0,0,0,0,0
1700,Jibril Othman,Saint-Étienne,0.1,0,0,0,0,0,0,0,0.0,0,0,0,0,0,0,0,0
1701,David Otorbi,Valencia,0.2,0,0,0,0,0,0,0,0.0,0,1,0,1,0,0,0,0
1702,Dango Ouattara,Bournemouth,5.2,15,14,3,6,6,9,17,52.9,8,8,1,7,4,19,14,0
1703,Guimissongui Ouattara,Strasbourg,0.5,1,1,0,0,1,0,0,0.0,0,1,0,1,0,1,0,0
1704,Kassoum Ouattara,Monaco,2.1,6,4,3,3,0,3,6,50.0,3,4,0,4,3,9,1,0
1705,Remi Oudin,Lecce,2.5,3,1,1,1,1,2,4,50.0,2,3,1,2,1,4,0,0
1706,Assan Ouedraogo,RB Leipzig,0.6,0,0,0,0,0,0,0,0.0,0,1,0,1,0,0,0,0
1707,Zinedine Ould Khaled,Angers,0.6,1,1,1,0,0,0,1,0.0,1,2,0,2,0,1,1,0
1708,Beres Owusu,Saint-Étienne,1.0,2,2,1,1,0,2,2,100.0,0,2,2,0,0,2,5,0
1709,Elisha Owusu,Auxerre,11.6,39,23,15,24,0,18,26,69.2,8,16,3,13,20,59,20,0
1710,Mikel Oyarzabal,Real Sociedad,9.6,9,4,3,4,2,4,8,50.0,4,4,0,4,0,9,5,0
1711,Salih Ozcan,Wolfsburg,3.7,2,2,1,0,1,1,5,20.0,4,5,1,4,7,9,4,0
1712,Cenk Ozkacar,Valladolid,2.2,3,3,2,1,0,2,5,40.0,3,4,2,2,7,10,18,0
1713,Jon Pacheco,Real Sociedad,4.3,4,3,3,1,0,2,3,66.7,1,5,4,1,4,8,21,1
1714,Willian Pacho,Paris S-G,10.3,25,13,15,10,0,11,16,68.8,5,17,9,8,20,45,32,0
1716,Alex Padilla,Athletic Club,3.6,0,0,0,0,0,0,0,0.0,0,0,0,0,0,0,2,1
1717,Exequiel Palacios,Leverkusen,2.2,1,1,0,0,1,1,3,33.3,2,3,0,3,1,2,0,0
1718,Tiago Palacios,Inter,0.1,0,0,0,0,0,0,0,0.0,0,0,0,0,1,1,0,0
1719,Isaac Palazon Camacho,Rayo Vallecano,8.7,9,8,4,4,1,4,15,26.7,11,7,1,6,5,14,3,1
1720,Alberto Paleari,Torino,1.0,0,0,0,0,0,0,0,0.0,0,0,0,0,0,0,2,0
1721,Marco Palestra,Atalanta,0.7,2,1,1,1,0,1,1,100.0,0,0,0,0,0,2,0,0
1722,Joao Palhinha,Bayern Munich,3.9,7,7,1,5,1,4,7,57.1,3,5,0,5,3,10,4,0
1723,Nicolas Pallois,Nantes,7.0,20,7,15,5,0,12,18,66.7,6,9,4,5,11,31,54,1
1724,Cole Palmer,Chelsea,12.6,10,7,5,4,1,3,10,30.0,7,7,1,6,3,13,6,0
1725,Emerson Palmieri,West Ham,11.0,36,20,22,12,2,14,24,58.3,10,18,4,14,10,46,25,0
1726,Mats Pannewig,Bochum,1.0,2,2,1,1,0,0,4,0.0,4,4,0,4,0,2,4,0
1727,Lucas Paqueta,West Ham,10.9,23,16,12,9,2,7,18,38.9,11,17,2,15,6,29,16,2
1728,Aitor Paredes,Athletic Club,8.4,6,5,4,2,0,3,8,37.5,5,10,6,4,8,14,54,2
1729,Leandro Paredes,Roma,2.4,3,2,1,2,0,0,2,0.0,2,3,1,2,5,8,4,1
1730,Daniel Parejo,Villarreal,11.3,18,15,12,5,1,9,23,39.1,14,8,2,6,7,25,17,1
1731,Fabiano Parisi,Fiorentina,1.7,6,4,1,3,2,1,2,50.0,1,1,0,1,1,7,3,0
1732,Thomas Partey,Arsenal,11.3,36,24,14,11,11,20,35,57.1,15,8,5,3,14,50,25,2
1733,Mario Pasalic,Atalanta,8.7,8,6,3,4,1,4,12,33.3,8,6,1,5,5,13,13,0
1734,Felix Passlack,Bochum,10.7,28,14,18,7,3,20,36,55.6,16,20,7,13,9,37,20,1
1735,Patric,Lazio,5.2,6,4,4,2,0,3,6,50.0,3,1,1,0,2,8,16,1
1736,Nathan Patterson,Everton,0.2,1,0,0,1,0,1,1,100.0,0,0,0,0,0,1,0,0
1737,Benjamin Pavard,Inter,8.5,16,8,7,6,3,10,14,71.4,4,7,5,2,10,26,18,0
1738,Aleksandar Pavlovic,Bayern Munich,4.6,11,6,2,6,3,5,8,62.5,3,6,1,5,0,11,6,0
1739,Strahinja Pavlovic,Milan,7.3,17,10,11,6,0,10,19,52.6,9,4,2,2,4,21,28,0
1740,Leonardo Pavoletti,Cagliari,1.7,0,0,0,0,0,0,0,0.0,0,1,1,0,0,0,1,0
1742,Martin Payero,Udinese,6.4,8,5,1,3,4,5,9,55.6,4,8,1,7,5,13,5,0
1743,Nicolas Paz,Como,10.9,21,14,6,10,5,9,16,56.3,7,18,2,16,10,31,6,0
1744,Mads Pedersen,Augsburg,2.4,6,5,4,1,1,3,4,75.0,1,4,0,4,2,8,5,0
1745,Marcus Pedersen,Torino,6.0,7,5,2,4,1,5,8,62.5,3,5,2,3,1,8,9,0
1746,Pedri,Barcelona,12.1,19,10,5,13,1,7,27,25.9,20,17,2,15,10,29,9,1
1747,Pedro,Lazio,4.1,7,5,0,4,3,3,7,42.9,4,3,0,3,0,7,1,0
1748,Kevin Pedro,Saint-Étienne,0.1,3,0,2,1,0,3,3,100.0,0,1,0,1,2,5,1,0
1749,Adria Pedrosa,Sevilla,11.2,31,21,22,4,5,19,32,59.4,13,20,4,16,9,40,36,0
1750,Jordan Pefok,Union Berlin,6.3,6,4,5,0,1,1,4,25.0,3,4,1,3,4,10,10,0
1751,Pejino,Las Palmas,0.2,1,1,0,1,0,1,1,100.0,0,0,0,0,0,1,0,0
1752,Pietro Pellegri,Empoli,4.5,7,2,0,6,1,2,4,50.0,2,2,0,2,0,7,3,0
1753,Lorenzo Pellegrini,Roma,9.6,11,7,2,6,3,3,8,37.5,5,2,0,2,0,11,10,0
1754,Luca Pellegrini,Lazio,3.9,5,3,1,4,0,2,5,40.0,3,4,0,4,5,10,8,0
1755,Theo Pellenard,Auxerre,0.5,3,2,2,1,0,1,3,33.3,2,1,0,1,0,3,3,0
1756,Andy Pelmard,Lecce,1.4,6,6,5,1,0,4,4,100.0,0,1,0,1,0,6,5,0
1757,Timothee Pembele,Le Havre,4.5,9,7,5,3,1,3,6,50.0,3,6,3,3,3,12,19,0
1758,Faris Pemi Moumbagna,Marseille,0.1,0,0,0,0,0,0,0,0.0,0,0,0,0,0,0,0,0
1759,Inaki Pena,Barcelona,9.5,0,0,0,0,0,0,2,0.0,2,0,0,0,0,0,14,1
1760,Ruben Pena,Osasuna,4.7,6,0,1,1,4,1,12,8.3,11,8,0,8,4,10,6,0
1761,Nicolas Pepe,Villarreal,6.3,4,1,1,1,2,0,3,0.0,3,3,1,2,3,7,3,0
1762,Peque,Sevilla,7.1,8,3,2,5,1,3,11,27.3,8,10,0,10,6,14,3,0
1763,Oscar Perea,Strasbourg,0.1,0,0,0,0,0,0,0,0.0,0,0,0,0,0,0,0,0
1764,Andreas Pereira,Fulham,9.9,8,3,2,4,2,3,17,17.6,14,5,1,4,4,12,2,0
1765,Mathias Pereira Lage,Brest,4.8,10,7,5,3,2,3,6,50.0,3,6,1,5,5,15,9,0
1766,Pedro Pereira,Monza,10.5,15,8,8,7,0,7,17,41.2,10,9,4,5,6,21,26,2
1768,Ricardo Pereira,Leicester City,1.6,3,2,0,1,2,1,4,25.0,3,3,1,2,1,4,0,0
1769,Gaston Pereiro,Genoa,0.3,1,0,0,1,0,1,1,100.0,0,0,0,0,0,1,1,0
1770,Ayoze Perez,Villarreal,5.7,6,4,2,3,1,2,7,28.6,5,5,0,5,2,8,5,0
1771,Carles Perez,Getafe,11.6,22,16,6,10,6,15,30,50.0,15,12,1,11,6,28,13,0
1772,Francisco Perez,Valencia,0.4,1,1,0,1,0,0,1,0.0,1,1,0,1,0,1,1,0
1773,Kike Perez,Valladolid,9.3,29,18,10,17,2,12,21,57.1,9,11,3,8,5,34,10,0
1774,Luis Perez,Valladolid,14.6,24,16,14,5,5,16,24,66.7,8,17,4,13,17,41,43,0
1775,Nehuen Perez,Udinese,2.0,1,1,0,0,1,0,1,0.0,1,2,2,0,1,2,7,0
1776,Simone Perilli,Hellas Verona,1.0,0,0,0,0,0,0,0,0.0,0,0,0,0,0,0,1,0
1777,Mattia Perin,Juventus,4.0,0,0,0,0,0,0,0,0.0,0,0,0,0,0,0,2,0
1778,Romain Perraud,Betis,11.3,19,11,7,8,4,12,29,41.4,17,9,2,7,14,33,33,0
1779,Lucas Perri,Lyon,13.0,1,1,1,0,0,0,3,0.0,3,1,0,1,0,1,7,1
1780,Gaetan Perrin,Auxerre,9.4,26,12,12,7,7,14,23,60.9,9,4,0,4,6,32,1,0
1781,Maximo Perrone,Como,7.3,14,9,8,5,1,4,19,21.1,15,4,0,4,6,20,16,0
1782,Matteo Pessina,Monza,9.5,15,4,3,11,1,9,14,64.3,5,6,0,6,12,27,7,0
1783,Andrea Petagna,Monza,2.0,0,0,0,0,0,0,0,0.0,0,0,0,0,1,1,1,0
1784,Leo Petrot,Saint-Étienne,8.5,32,20,20,11,1,19,21,90.5,2,18,5,13,17,49,27,0
1785,Dorde Petrovic,Strasbourg,10.0,0,0,0,0,0,0,0,0.0,0,0,0,0,0,0,7,0
1786,Giuseppe Pezzella,Empoli,10.6,24,16,17,6,1,17,29,58.6,12,8,4,4,4,28,37,0
1787,Maximilian Philipp,Freiburg,0.0,0,0,0,0,0,0,0,0.0,0,0,0,0,0,0,0,0
1788,Kalvin Phillips,Ipswich Town,6.0,14,6,4,9,1,8,18,44.4,10,16,3,13,7,21,11,1
1789,Jaden Philogene Bidace,Aston Villa,3.0,10,4,4,6,0,4,6,66.7,2,4,0,4,3,13,2,1
1790,Pica,Alavés,4.5,7,6,6,1,0,3,8,37.5,5,6,5,1,7,14,19,0
1791,Roberto Piccoli,Cagliari,12.8,4,2,2,1,1,1,2,50.0,1,6,2,4,1,5,11,0
1792,Benedikt Pichler,Holstein Kiel,7.4,4,2,1,0,3,1,3,33.3,2,4,2,2,1,5,10,0
1794,Jordan Pickford,Everton,13.0,1,0,1,0,0,1,1,100.0,0,0,0,0,1,2,13,1
1795,Amos Pieper,Werder Bremen,3.4,7,2,5,1,1,3,6,50.0,3,7,3,4,9,16,14,0
1796,Marvin Pieringer,Heidenheim,8.7,9,4,3,4,2,2,4,50.0,2,10,0,10,3,12,12,0
1797,Nicholas Pierini,Venezia,0.9,0,0,0,0,0,0,1,0.0,1,2,0,2,0,0,0,0
1798,Santiago Pierotti,Lecce,5.4,12,9,7,4,1,8,14,57.1,6,7,2,5,5,17,6,0
1799,Balthazar Pierret,Lecce,5.8,16,8,10,6,0,3,8,37.5,5,6,1,5,3,19,7,0
1800,Andrea Pinamonti,Genoa,11.7,5,3,0,4,1,0,3,0.0,3,7,1,6,1,6,14,1
1801,Ethan Pinnock,Brentford,13.0,27,14,13,11,3,11,16,68.8,5,20,14,6,16,43,80,3
1802,Yeremi Pino,Villarreal,6.1,13,9,3,7,3,8,17,47.1,9,8,1,7,3,16,4,0
1803,Niccolo Pisilli,Roma,6.4,9,7,5,3,1,4,6,66.7,2,8,1,7,5,14,6,0
1804,Semuel Pizzignacco,Monza,3.0,0,0,0,0,0,0,0,0.0,0,0,0,0,0,0,1,0
1805,Alassane Plea,Gladbach,8.8,3,1,0,1,2,2,5,40.0,3,5,0,5,2,5,2,1
1806,Tommaso Pobega,Bologna,2.6,5,3,3,0,2,2,4,50.0,2,6,2,4,4,9,4,0
1807,Daniel Podence,Wolves,0.5,0,0,0,0,0,0,1,0.0,1,0,0,0,0,0,0,0
1808,Joel Pohjanpalo,Venezia,10.9,2,2,1,1,0,0,2,0.0,2,2,2,0,4,6,12,0
1809,Matteo Politano,Napoli,11.7,8,4,5,3,0,6,19,31.6,13,8,1,7,5,13,18,0
1810,Alfie Pond,Wolves,0.0,0,0,0,0,0,0,0,0.0,0,0,0,0,0,0,0,0
1811,Marin Pongracic,Fiorentina,1.1,1,1,1,0,0,1,3,33.3,2,0,0,0,2,3,6,0
1812,Nick Pope,Newcastle Utd,13.0,0,0,0,0,0,0,0,0.0,0,1,0,1,1,1,13,3
1813,Finn Porath,Holstein Kiel,8.7,21,13,13,6,2,12,21,57.1,9,14,6,8,10,31,23,0
1814,Pedro Porro,Tottenham,13.0,27,19,11,9,7,18,33,54.5,15,19,7,12,15,42,34,0
1815,Portu,Girona,2.0,4,2,2,1,1,2,2,100.0,0,3,0,3,0,4,1,0
1816,Stefan Posch,Bologna,6.9,22,14,11,7,4,13,22,59.1,9,18,4,14,4,26,18,0
1817,Tom Pouilly,Lens,0.5,2,2,1,1,0,1,1,100.0,0,1,0,1,1,3,3,0
1818,Yussuf Poulsen,RB Leipzig,2.2,5,3,1,4,0,3,6,50.0,3,4,2,2,0,5,4,0
1820,Benat Prados,Athletic Club,7.2,14,11,6,7,1,5,19,26.3,14,12,1,11,16,30,12,0
1821,Alexander Prass,Hoffenheim,9.3,15,9,12,1,2,7,25,28.0,18,12,3,9,2,17,19,2
1822,Matteo Prati,Cagliari,2.6,5,2,1,3,1,2,6,33.3,4,0,0,0,2,7,3,1
1823,Abdon Prats,Mallorca,2.1,1,1,1,0,0,0,0,0.0,0,1,0,1,0,1,3,0
1824,Grischa Promel,Hoffenheim,1.9,0,0,0,0,0,0,1,0.0,1,1,1,0,2,2,4,0
1825,Ivan Provedel,Lazio,14.0,0,0,0,0,0,0,0,0.0,0,1,0,1,0,0,6,3
1826,Javi Puado,Espanyol,11.2,10,9,6,2,2,3,4,75.0,1,6,0,6,3,13,8,0
1827,Tymoteusz Puchacz,Holstein Kiel,4.4,9,4,6,3,0,5,7,71.4,2,4,1,3,3,12,11,0
1828,Diego Pugno,Juventus,0.1,0,0,0,0,0,0,0,0.0,0,0,0,0,0,0,0,0
1829,Christian Pulisic,Milan,10.5,19,12,5,7,7,6,14,42.9,8,6,1,5,0,19,5,1
1830,Jarell Quansah,Liverpool,0.7,3,2,2,1,0,0,1,0.0,1,1,1,0,1,4,3,0
1831,Leopold Querfeld,Union Berlin,4.2,6,2,4,2,0,3,6,50.0,3,6,1,5,4,10,21,0
1832,Dani Raba,Leganés,4.3,14,8,7,5,2,6,13,46.2,7,4,0,4,6,20,5,0
1833,Adrien Rabiot,Marseille,6.6,15,10,9,5,1,7,10,70.0,3,8,0,8,8,23,12,0
1834,Hamza Rafia,Lecce,7.6,25,14,10,13,2,9,20,45.0,11,5,2,3,4,29,11,0
1835,Antonio Raillo,Mallorca,14.8,12,7,5,4,3,4,5,80.0,1,17,15,2,21,33,71,0
1836,Antonio Raimondo,Venezia,1.0,2,1,1,1,0,0,0,0.0,0,0,0,0,0,2,0,1
1837,Ylber Ramadani,Lecce,12.7,31,17,14,17,0,18,24,75.0,6,20,7,13,11,42,20,3
1838,Benito Ramirez,Las Palmas,3.1,3,2,2,1,0,3,9,33.3,6,6,3,3,1,4,11,0
1839,Sandro Ramirez,Las Palmas,8.0,15,11,6,8,1,9,16,56.3,7,4,0,4,8,23,11,0
1840,Goncalo Ramos,Paris S-G,1.2,1,1,1,0,0,0,0,0.0,0,1,0,1,0,1,2,0
1841,Aaron Ramsdale,Southampton,9.0,0,0,0,0,0,0,1,0.0,1,0,0,0,2,2,6,2
1842,Jacob Ramsey,Aston Villa,7.0,7,3,3,3,1,3,5,60.0,2,8,2,6,5,12,2,0
1843,Luca Ranieri,Fiorentina,11.3,9,5,8,0,1,4,7,57.1,3,18,13,5,6,15,42,0
1844,Grant Ranos,Gladbach,0.1,1,0,0,1,0,0,1,0.0,1,1,0,1,0,1,0,0
1846,Lilian Raolisoa,Angers,1.6,4,2,2,1,1,1,4,25.0,3,1,1,0,2,6,4,0
1847,Raphinha,Barcelona,14.0,18,11,6,9,3,6,12,50.0,6,11,1,10,5,23,13,0
1848,Marcus Rashford,Manchester Utd,10.2,7,4,2,2,3,3,8,37.5,5,8,0,8,3,10,5,0
1849,Giacomo Raspadori,Napoli,2.7,3,1,2,1,0,2,4,50.0,2,5,1,4,2,5,0,0
1850,Andrei Ratiu,Rayo Vallecano,11.9,25,16,17,3,5,17,20,85.0,3,12,2,10,9,34,23,0
1851,Raul,Osasuna,3.4,3,2,0,2,1,1,2,50.0,1,2,0,2,0,3,2,0
1852,David Raum,RB Leipzig,5.4,11,8,5,4,2,2,6,33.3,4,5,1,4,2,13,10,0
1853,Federico Ravaglia,Bologna,5.0,0,0,0,0,0,0,0,0.0,0,0,0,0,0,0,2,0
1854,Rayan Raveloson,Auxerre,7.9,6,5,2,4,0,5,15,33.3,10,8,7,1,4,10,21,0
1855,David Raya,Arsenal,13.0,0,0,0,0,0,0,1,0.0,1,0,0,0,1,1,8,3
1856,Abderrahman Rebbach,Alavés,4.0,3,2,3,0,0,0,5,0.0,5,4,0,4,0,3,5,0
1857,Ante Rebic,Lecce,4.3,5,4,3,1,1,2,6,33.3,4,1,1,0,0,5,3,0
1858,Harrison Reed,Fulham,0.7,5,2,2,2,1,0,2,0.0,2,1,0,1,1,6,2,0
1859,Bobby Reid,Leicester City,2.1,3,2,0,3,0,2,5,40.0,3,4,1,3,0,3,3,0
1860,Tijjani Reijnders,Milan,10.1,5,3,1,3,1,2,11,18.2,9,1,0,1,10,15,7,0
1861,Pepe Reina,Como,6.0,0,0,0,0,0,0,1,0.0,1,0,0,0,0,0,2,1
1862,Rocco Reitz,Gladbach,8.0,27,14,11,14,2,11,19,57.9,8,10,4,6,31,58,17,1
1863,Nicolai Remberg,Holstein Kiel,7.2,18,11,7,10,1,7,12,58.3,5,12,2,10,6,24,17,0
1864,Alex Remiro,Real Sociedad,15.0,0,0,0,0,0,0,1,0.0,1,0,0,0,0,0,6,3
1865,Guillaume Restes,Toulouse,12.8,0,0,0,0,0,0,0,0.0,0,0,0,0,0,0,8,0
1866,Mateo Retegui,Atalanta,9.8,8,4,0,4,4,2,6,33.3,4,1,0,1,1,9,5,0
1867,Elvis Rexhbecaj,Augsburg,10.1,14,10,5,7,2,9,25,36.0,16,22,3,19,9,23,10,0
1868,Gio Reyna,Dortmund,0.3,1,0,0,0,1,1,1,100.0,0,0,0,0,0,1,0,0
1869,Chadi Riad,Crystal Palace,1.0,5,2,2,2,1,2,3,66.7,1,0,0,0,2,7,0,0
1870,Alexsandro Ribeiro,Lille,11.0,12,9,6,5,1,10,15,66.7,5,6,2,4,13,25,56,1
1872,Samuele Ricci,Torino,13.1,16,8,6,6,4,9,12,75.0,3,9,5,4,10,26,20,2
1873,Declan Rice,Arsenal,10.2,17,6,5,10,2,7,12,58.3,5,10,7,3,9,26,15,0
1874,Chris Richards,Crystal Palace,3.8,10,5,5,4,1,6,11,54.5,5,7,1,6,3,13,17,0
1875,Amir Richardson,Fiorentina,3.7,11,4,7,4,0,2,6,33.3,4,3,0,3,1,12,11,1
1876,Richarlison,Tottenham,1.0,1,1,0,0,1,0,0,0.0,0,0,0,0,0,1,2,0
1877,Diego Rico,Getafe,14.0,41,20,23,15,3,21,36,58.3,15,11,0,11,13,54,23,1
1878,Fabian Rieder,Stuttgart,6.6,10,9,3,4,3,6,20,30.0,14,8,1,7,6,16,3,0
1879,Luis Rioja,Alavés,0.3,2,1,0,1,1,1,2,50.0,1,2,0,2,0,2,0,0
1880,Luis Rioja,Valencia,10.5,12,7,1,7,4,6,16,37.5,10,11,0,11,11,23,11,0
1881,Rodrigo Riquelme,Atlético Madrid,4.5,8,3,3,5,0,4,9,44.4,5,2,0,2,1,9,3,0
1882,Alberto Risco,Getafe,0.8,4,4,2,0,2,1,6,16.7,5,2,0,2,0,4,0,0
1883,Mihailo Ristic,Celta Vigo,1.2,2,2,1,1,0,0,1,0.0,1,0,0,0,0,2,4,0
1884,Lars Ritzka,St. Pauli,4.0,26,16,15,8,3,14,23,60.9,9,8,0,8,2,28,14,0
1885,Gorka Rivera Alonso,Getafe,0.2,2,0,0,2,0,2,2,100.0,0,0,0,0,0,2,0,0
1886,Sergi Roberto,Como,5.9,10,6,3,3,4,4,5,80.0,1,4,1,3,9,19,8,0
1887,Andrew Robertson,Liverpool,10.4,15,9,11,2,2,12,21,57.1,9,2,1,1,5,20,13,0
1888,Antonee Robinson,Fulham,13.0,38,25,21,16,1,20,35,57.1,15,11,1,10,23,61,45,0
1889,Marc Roca,Betis,8.1,14,8,8,6,0,8,15,53.3,7,16,5,11,8,22,9,1
1890,Rodri,Manchester City,0.7,2,1,1,1,0,0,0,0.0,0,1,0,1,1,3,0,0
1891,Rodri,Betis,1.3,2,1,1,1,0,1,2,50.0,1,2,1,1,1,3,1,1
1892,Alvaro Rodriguez,Getafe,3.4,3,2,0,2,1,2,2,100.0,0,11,0,11,3,6,5,0
1893,Oscar Rodriguez Arnaiz,Leganés,4.8,11,5,5,4,2,5,10,50.0,5,2,0,2,6,17,5,0
1894,Damian Rodriguez,Celta Vigo,6.9,8,5,2,5,1,2,9,22.2,7,4,1,3,5,13,9,0
1895,Dani Rodriguez,Mallorca,9.1,20,15,8,8,4,6,7,85.7,1,6,1,5,4,24,12,0
1896,Guido Rodriguez,West Ham,9.1,26,13,17,9,0,11,26,42.3,15,15,7,8,10,36,22,1
1898,James Rodriguez,Rayo Vallecano,1.6,3,2,1,2,0,0,2,0.0,2,2,0,2,1,4,0,0
1899,Javi Rodriguez,Celta Vigo,9.7,15,10,12,3,0,10,16,62.5,6,8,1,7,10,25,32,0
1900,Jesus Rodriguez,Betis,0.9,1,1,0,1,0,1,1,100.0,0,0,0,0,1,2,0,0
1901,Kirian Rodriguez,Las Palmas,13.0,20,11,9,10,1,14,32,43.8,18,17,3,14,7,27,12,0
1902,Ricardo Rodriguez,Betis,3.7,9,7,6,1,2,5,9,55.6,4,2,0,2,3,12,12,0
1903,Rodrygo,Real Madrid,8.1,6,4,4,2,0,3,9,33.3,6,10,1,9,0,6,3,0
1904,Mads Roerslev,Brentford,5.1,5,3,4,1,0,1,8,12.5,7,5,1,4,2,7,14,0
1905,Morgan Rogers,Aston Villa,11.6,11,5,2,6,3,5,12,41.7,7,10,2,8,3,14,6,0
1906,Merlin Rohl,Freiburg,2.0,3,3,1,2,0,1,1,100.0,0,1,0,1,1,4,0,0
1907,Alessio Romagnoli,Lazio,9.8,17,11,7,10,0,8,10,80.0,2,7,4,3,12,29,25,0
1908,Leo Roman,Mallorca,4.0,0,0,0,0,0,0,0,0.0,0,0,0,0,0,0,0,0
1909,Carlos Romero,Espanyol,10.3,29,20,21,7,1,16,30,53.3,14,11,1,10,7,36,29,0
1910,Cristian Romero,Tottenham,10.7,25,22,20,5,0,14,20,70.0,6,13,3,10,13,38,32,0
1911,Isaac Romero,Sevilla,10.9,5,2,0,2,3,1,8,12.5,7,10,1,9,1,6,11,0
1912,Luka Romero,Alavés,2.2,4,4,1,1,2,2,3,66.7,1,2,0,2,1,5,0,0
1913,Oriol Romeu,Girona,6.7,21,13,8,10,3,9,11,81.8,2,10,3,7,2,23,7,0
1914,Valentin Rongier,Marseille,3.8,10,5,6,4,0,4,8,50.0,4,11,5,6,8,18,13,1
1915,Marten de Roon,Atalanta,14.0,35,20,13,21,1,15,27,55.6,12,21,2,19,15,50,24,1
1916,Vitor Roque,Betis,8.4,3,3,0,1,2,0,2,0.0,2,1,0,1,4,7,1,0
1917,Pablo Rosario,Nice,10.8,10,6,2,8,0,4,10,40.0,6,10,5,5,22,32,18,2
1918,Lasse Rosenboom,Holstein Kiel,2.4,6,5,6,0,0,4,6,66.7,2,5,1,4,5,11,8,0
1919,Max Rosenfelder,Freiburg,5.3,14,8,9,5,0,8,9,88.9,1,6,2,4,3,17,34,0
1920,Valentin Rosier,Leganés,10.7,36,29,26,9,1,22,35,62.9,13,14,2,12,16,52,55,1
1921,Tom Rothe,Union Berlin,7.4,25,14,18,7,0,14,23,60.9,9,17,3,14,7,32,18,1
1922,Anthony Rouault,Stuttgart,6.9,7,6,4,1,2,6,7,85.7,1,10,4,6,10,17,34,1
1924,Jonas Rouhi,Juventus,1.3,1,0,0,1,0,0,0,0.0,0,1,0,1,1,2,2,0
1925,Jerome Roussillon,Union Berlin,0.1,0,0,0,0,0,0,0,0.0,0,0,0,0,0,0,1,0
1926,Nicolo Rovella,Lazio,10.8,37,24,12,21,4,16,27,59.3,11,8,2,6,16,53,14,2
1927,Jon Rowe,Marseille,4.2,6,6,0,2,4,4,6,66.7,2,1,1,0,1,7,0,0
1928,Amir Rrahmani,Napoli,14.0,11,9,7,4,0,6,10,60.0,4,14,8,6,5,16,57,0
1929,Tommaso Rubino,Fiorentina,0.1,0,0,0,0,0,0,1,0.0,1,0,0,0,0,0,0,0
1930,Antonio Rudiger,Real Madrid,13.1,10,6,6,4,0,6,8,75.0,2,14,10,4,5,15,45,0
1931,Matteo Ruggeri,Atalanta,10.3,15,10,5,7,3,9,11,81.8,2,14,1,13,10,25,17,1
1932,Aitor Ruibal,Betis,6.2,12,8,7,2,3,8,12,66.7,4,9,2,7,7,19,11,0
1933,Abel Ruiz,Girona,7.8,2,0,1,0,1,2,5,40.0,3,4,1,3,2,4,3,0
1934,Ferran Ruiz,Girona,0.2,0,0,0,0,0,0,0,0.0,0,2,1,1,1,1,0,0
1935,Fabian Ruiz Pena,Paris S-G,6.9,16,9,8,5,3,8,21,38.1,13,8,1,7,9,25,8,1
1936,Geronimo Rulli,Marseille,13.0,1,1,1,0,0,1,4,25.0,3,0,0,0,0,1,11,1
1937,Georginio Rutter,Brighton,8.4,14,4,6,6,2,5,15,33.3,10,7,0,7,5,19,7,1
1938,Julian Ryerson,Dortmund,9.5,16,10,12,3,1,14,21,66.7,7,11,1,10,11,27,11,1
1939,Frederik Ronnow,Union Berlin,12.0,0,0,0,0,0,0,0,0.0,0,0,0,0,0,0,5,1
1940,Jose Sa,Wolves,8.0,0,0,0,0,0,0,0,0.0,0,0,0,0,0,0,4,1
1941,Elias Saad,St. Pauli,3.8,12,7,4,5,3,6,11,54.5,5,6,0,6,1,13,1,0
1942,Youssouf Sabaly,Betis,7.2,17,13,10,6,1,10,14,71.4,4,8,0,8,6,23,19,0
1943,Emmanuel Sabbi,Le Havre,4.6,7,5,3,2,2,3,4,75.0,1,2,0,2,2,9,3,0
1944,Stefano Sabelli,Genoa,8.5,20,10,10,7,3,7,22,31.8,15,12,1,11,7,27,21,0
1945,Marcel Sabitzer,Dortmund,8.4,12,7,0,9,3,7,14,50.0,7,7,4,3,2,14,11,0
1946,Falaye Sacko,Montpellier,9.4,13,7,9,3,1,8,15,53.3,7,14,5,9,11,24,9,0
1947,Umar Sadiq,Real Sociedad,2.5,2,1,1,1,0,1,2,50.0,1,3,1,2,1,3,2,0
1948,Alexis Saelemaekers,Roma,1.4,6,2,3,2,1,4,4,100.0,0,2,1,1,0,6,1,0
1950,Alexis Saelemaekers,Milan,1.0,1,1,0,0,1,1,1,100.0,0,0,0,0,1,2,0,0
1951,Jorge Saenz,Leganés,5.9,14,11,6,7,1,4,7,57.1,3,5,3,2,9,23,41,0
1952,Matvei Safonov,Paris S-G,4.0,0,0,0,0,0,0,0,0.0,0,1,0,1,1,1,0,0
1953,Modibo Sagnan,Montpellier,10.9,21,9,12,7,2,12,21,57.1,9,10,6,4,17,38,45,2
1954,Richie Sagrado,Venezia,1.3,2,2,1,1,0,1,1,100.0,0,1,0,1,1,3,2,0
1955,Osame Sahraoui,Lille,7.4,4,3,2,1,1,1,4,25.0,3,9,1,8,4,8,5,1
1956,Wesley Said,Lens,3.9,3,2,1,2,0,1,2,50.0,1,0,0,0,0,3,1,0
1957,Bukayo Saka,Arsenal,10.8,17,10,5,6,6,7,16,43.8,9,13,0,13,2,19,6,0
1958,Marco Sala,Como,2.1,8,5,5,2,1,4,6,66.7,2,1,0,1,1,9,7,0
1959,Ibrahim Salah,Brest,3.4,2,1,1,0,1,1,4,25.0,3,2,0,2,1,3,0,0
1960,Mohamed Salah,Liverpool,12.6,7,5,2,3,2,2,3,66.7,1,1,0,1,4,11,4,0
1961,Amine Salama,Reims,2.4,2,2,0,1,1,0,3,0.0,3,2,1,1,0,2,0,0
1962,Kike Salas,Sevilla,6.2,6,6,2,2,2,3,5,60.0,2,8,4,4,9,15,30,0
1963,Manolis Saliakas,St. Pauli,8.9,18,7,8,8,2,10,17,58.8,7,13,1,12,9,27,24,0
1964,William Saliba,Arsenal,11.3,32,20,21,11,0,13,15,86.7,2,9,4,5,8,40,36,2
1965,Mohammed Salisu,Monaco,6.1,19,10,10,9,0,10,10,100.0,0,7,6,1,6,25,30,2
1966,Roland Sallai,Freiburg,0.5,2,1,1,1,0,0,0,0.0,0,0,0,0,1,3,0,0
1967,Yoann Salmier,Le Havre,6.6,6,2,4,2,0,5,6,83.3,1,8,6,2,4,10,43,0
1968,Lazar Samardzic,Atalanta,5.0,5,5,0,2,3,3,4,75.0,1,4,1,3,1,6,1,0
1969,Diadie Samassekou,Hoffenheim,0.1,0,0,0,0,0,0,0,0.0,0,1,0,1,1,1,0,0
1970,Mama Samba Balde,Lyon,0.4,2,2,0,2,0,0,0,0.0,0,0,0,0,1,3,1,0
1971,Mama Samba Balde,Brest,5.6,5,4,1,1,3,2,6,33.3,4,4,0,4,3,8,5,0
1972,Brice Samba,Lens,13.0,0,0,0,0,0,0,0,0.0,0,0,0,0,0,0,4,2
1973,Albert Sambi Lokonga,Sevilla,7.2,8,7,6,2,0,4,5,80.0,1,5,1,4,2,10,13,2
1974,Junior Sambia,Empoli,0.3,1,1,1,0,0,1,1,100.0,0,0,0,0,0,1,0,0
1976,Chuky san jose,Valladolid,1.0,1,0,0,0,1,1,1,100.0,0,2,0,2,0,1,0,0
1977,Antonio Sanabria,Torino,8.5,2,2,1,0,1,1,4,25.0,3,5,0,5,0,2,3,0
1978,Oihan Sancet,Athletic Club,8.5,8,5,6,1,1,4,9,44.4,5,4,0,4,2,10,3,0
1979,Antonio Sanchez,Mallorca,6.2,13,8,10,2,1,8,12,66.7,4,8,2,6,8,21,19,0
1980,Ivan Sanchez,Valladolid,6.0,13,8,8,3,2,5,14,35.7,9,7,2,5,6,19,3,0
1981,Javi Sanchez,Valladolid,7.8,8,6,7,1,0,6,9,66.7,3,13,10,3,7,15,37,1
1982,Juanlu Sanchez,Sevilla,5.4,7,6,3,2,2,5,6,83.3,1,0,0,0,6,13,7,0
1983,Manu Sanchez,Alavés,11.5,20,15,8,7,5,11,19,57.9,8,20,2,18,12,32,26,0
1984,Robert Sanchez,Chelsea,13.0,0,0,0,0,0,0,1,0.0,1,0,0,0,0,0,10,3
1985,Jadon Sancho,Chelsea,4.2,1,1,1,0,0,1,3,33.3,2,1,0,1,0,1,0,0
1986,Philipp Sander,Gladbach,4.1,14,8,6,7,1,6,9,66.7,3,8,2,6,5,19,12,0
1987,Leroy Sane,Bayern Munich,3.3,5,2,0,3,2,1,1,100.0,0,1,0,1,1,6,0,0
1988,Arouna Sangante,Le Havre,5.8,9,7,4,5,0,5,8,62.5,3,7,4,3,14,23,21,1
1989,Ibrahim Sangare,Nott'ham Forest,2.4,15,9,5,10,0,4,8,50.0,4,4,0,4,2,17,2,0
1990,Nhoa Sangui,Reims,6.4,8,4,1,4,3,3,6,50.0,3,6,2,4,3,11,12,0
1991,Kaishu Sano,Mainz 05,11.8,29,19,8,17,4,10,21,47.6,11,27,7,20,20,49,12,0
1992,Nicola Sansone,Lecce,0.6,0,0,0,0,0,0,0,0.0,0,0,0,0,0,0,0,0
1993,Baptiste Santamaria,Rennes,5.3,11,4,7,3,1,6,11,54.5,5,10,4,6,12,23,7,0
1994,Jesus Santiago,Getafe,2.5,7,4,4,3,0,2,4,50.0,2,4,1,3,0,7,2,0
1995,Andrey Santos,Strasbourg,11.7,48,30,26,18,4,24,40,60.0,16,15,4,11,11,59,15,0
1996,Kaua Santos,Eint Frankfurt,3.5,0,0,0,0,0,0,0,0.0,0,0,0,0,0,0,2,0
1997,Tiago Santos,Lille,4.5,12,7,4,5,3,6,9,66.7,3,2,0,2,2,14,4,0
1998,Pablo Sarabia,Wolves,2.0,5,3,2,2,1,3,5,60.0,2,3,0,3,2,7,2,1
1999,Jeremy Sarmiento,Brighton,0.1,0,0,0,0,0,0,0,0.0,0,0,0,0,0,0,0,0
2000,Amin Sarr,Hellas Verona,2.7,6,4,2,1,3,3,4,75.0,1,2,1,1,0,6,4,0
2002,Ismaila Sarr,Crystal Palace,7.3,3,2,0,2,1,0,7,0.0,7,7,0,7,3,6,6,0
2003,Malang Sarr,Lens,2.3,1,0,1,0,0,0,0,0.0,0,4,1,3,5,6,3,0
2004,Mamadou Sarr,Strasbourg,6.5,11,6,5,6,0,6,11,54.5,5,5,4,1,7,18,21,0
2005,Martin Satriano,Lens,0.5,3,1,1,1,1,3,3,100.0,0,0,0,0,0,3,2,0
2006,Teji Savanier,Montpellier,10.3,13,11,4,6,3,11,22,50.0,11,4,0,4,9,22,7,2
2007,Savio,Manchester City,7.0,13,9,3,5,5,3,6,50.0,3,4,0,4,1,14,1,1
2008,Nicolo Savona,Juventus,8.4,16,9,8,7,1,7,11,63.6,4,2,0,2,5,21,4,0
2009,Saba Sazonov,Torino,0.0,0,0,0,0,0,0,0,0.0,0,1,1,0,0,0,0,0
2010,Joe Scally,Gladbach,11.0,20,15,13,7,0,11,20,55.0,9,16,6,10,5,25,23,1
2011,Giorgio Scalvini,Atalanta,0.1,1,1,1,0,0,1,1,100.0,0,0,0,0,0,1,0,0
2012,Kevin Schade,Brentford,6.4,16,12,6,5,5,8,10,80.0,2,3,1,2,1,17,8,0
2013,Andras Schafer,Union Berlin,5.1,16,8,7,8,1,11,17,64.7,6,8,1,7,7,23,10,0
2014,Fabian Schar,Newcastle Utd,10.3,11,6,3,8,0,2,8,25.0,6,11,8,3,17,28,44,0
2015,Patrik Schick,Leverkusen,4.4,2,2,0,1,1,0,0,0.0,0,2,0,2,0,2,3,0
2016,Stefan Schimmer,Heidenheim,1.3,1,0,0,1,0,1,1,100.0,0,0,0,0,0,1,0,0
2017,Joel Schingtienne,Venezia,1.0,4,4,3,1,0,1,1,100.0,0,1,0,1,1,5,1,0
2018,Xaver Schlager,RB Leipzig,0.2,0,0,0,0,0,0,0,0.0,0,2,0,2,0,0,0,0
2019,Keven Schlotterbeck,Augsburg,9.4,10,9,4,6,0,6,8,75.0,2,9,4,5,10,20,40,1
2020,Nico Schlotterbeck,Dortmund,10.8,28,18,16,11,1,22,32,68.8,10,19,10,9,14,42,29,0
2021,Jeffrey Schlupp,Crystal Palace,1.0,2,0,1,0,1,0,3,0.0,3,5,0,5,0,2,2,0
2022,Romano Schmid,Werder Bremen,11.8,19,8,4,12,3,10,23,43.5,13,16,1,15,9,28,5,0
2023,Niklas Schmidt,Toulouse,1.9,5,3,1,4,0,3,5,60.0,2,0,0,0,1,6,4,0
2024,Jan Schoppner,Heidenheim,11.2,22,11,5,10,7,11,26,42.3,15,15,2,13,19,41,36,1
2025,Marvin Schulz,Holstein Kiel,1.6,4,3,2,1,1,1,5,20.0,4,6,3,3,0,4,7,0
2026,Leo Scienza,Heidenheim,7.5,11,7,7,3,1,3,8,37.5,5,6,1,5,4,15,7,0
2028,Alex Scott,Bournemouth,2.9,16,7,8,4,4,12,16,75.0,4,9,1,8,6,22,5,0
2029,Simone Scuffet,Cagliari,11.0,0,0,0,0,0,0,1,0.0,1,0,0,0,0,0,7,2
2030,Jeremy Sebas,Strasbourg,0.8,2,1,1,1,0,2,3,66.7,1,0,0,0,0,2,0,0
2031,Aleksandar Sedlar,Alavés,4.6,15,9,5,10,0,7,9,77.8,2,2,1,1,7,22,7,1
2032,Alidu Seidu,Rennes,8.9,22,18,14,6,2,12,15,80.0,3,13,6,7,14,36,17,0
2033,Nicolas Seiwald,RB Leipzig,4.8,13,8,4,9,0,6,13,46.2,7,6,1,5,10,23,10,0
2034,Matz Sels,Nott'ham Forest,13.0,1,1,1,0,0,1,1,100.0,0,0,0,0,0,1,7,0
2035,Nelson Semedo,Wolves,10.7,26,15,19,4,3,12,24,50.0,12,10,3,7,5,31,54,1
2036,Antoine Semenyo,Bournemouth,11.7,18,11,5,9,4,5,15,33.3,10,17,3,14,3,21,8,0
2037,Marvin Senaya,Strasbourg,2.2,6,3,3,2,1,5,11,45.5,6,5,2,3,7,13,10,0
2038,Marcos Senesi,Bournemouth,10.2,33,21,21,10,2,13,26,50.0,13,14,6,8,11,44,42,0
2039,Suat Serdar,Hellas Verona,5.8,11,8,5,6,0,3,10,30.0,7,4,1,3,4,15,5,0
2040,Sergi,Leganés,14.5,19,15,9,9,1,8,14,57.1,6,15,10,5,23,42,86,1
2041,Nicolas Serrano,Athletic Club,1.1,1,1,0,1,0,1,3,33.3,2,4,0,4,0,1,1,0
2042,Benjamin Sesko,RB Leipzig,8.8,5,2,0,3,2,1,5,20.0,4,5,3,2,3,8,7,0
2043,Ryan Sessegnon,Fulham,0.1,0,0,0,0,0,0,1,0.0,1,0,0,0,1,1,1,0
2044,Stephan El Shaarawy,Roma,4.9,7,5,2,2,3,1,2,50.0,1,1,0,1,4,11,5,0
2045,Luke Shaw,Manchester Utd,0.8,2,2,1,1,0,1,1,100.0,0,1,0,1,1,3,1,0
2046,Alen Sherri,Cagliari,3.0,0,0,0,0,0,0,1,0.0,1,0,0,0,0,0,0,0
2047,Eldor Shomurodov,Roma,1.3,1,0,0,1,0,0,1,0.0,1,2,0,2,0,1,0,0
2048,Djibril Sidibe,Toulouse,9.1,29,15,15,10,4,14,21,66.7,7,4,1,3,13,42,23,0
2049,Armindo Sieb,Mainz 05,4.3,3,2,1,2,0,1,4,25.0,3,2,0,2,1,4,4,0
2050,Vincent Sierro,Toulouse,12.1,23,15,9,12,2,13,27,48.1,14,20,3,17,8,31,24,1
2051,Tim Siersleben,Heidenheim,0.6,0,0,0,0,0,0,0,0.0,0,0,0,0,1,1,7,0
2052,Kiliann Sildillia,Freiburg,0.6,1,0,0,0,1,0,0,0.0,0,1,0,1,0,1,4,0
2054,Andre Silva,RB Leipzig,0.8,1,1,1,0,0,0,1,0.0,1,0,0,0,0,1,1,0
2055,Bernardo Silva,Manchester City,11.3,13,9,1,7,5,5,16,31.3,11,8,1,7,7,20,9,2
2056,Caio Henrique Oliveira Silva,Monaco,6.5,12,9,7,4,1,6,9,66.7,3,6,1,5,4,16,13,0
2057,Fabio Silva,Las Palmas,9.0,5,1,1,2,2,1,7,14.3,6,8,0,8,3,8,14,0
2058,Jota Silva,Nott'ham Forest,3.8,8,2,4,4,0,1,10,10.0,9,3,0,3,9,17,6,0
2059,Eric da Silva Moreira,Nott'ham Forest,0.0,0,0,0,0,0,0,0,0.0,0,0,0,0,0,0,0,0
2060,Rui Silva,Betis,15.0,0,0,0,0,0,0,1,0.0,1,1,0,1,0,0,7,0
2061,Abdallah Sima,Brest,4.0,2,2,0,2,0,2,4,50.0,2,1,0,1,1,3,3,0
2062,Mohamed Simakan,RB Leipzig,0.6,0,0,0,0,0,0,0,0.0,0,0,0,0,2,2,0,0
2063,Giovanni Simeone,Napoli,2.5,0,0,0,0,0,0,3,0.0,3,3,0,3,1,1,2,0
2064,Giuliano Simeone,Atlético Madrid,4.7,8,4,1,3,4,5,6,83.3,1,5,1,4,2,10,4,0
2065,Moses Simon,Nantes,11.1,8,7,2,3,3,4,11,36.4,7,5,0,5,9,17,2,0
2066,Xavi Simons,RB Leipzig,6.8,8,7,2,5,1,3,5,60.0,2,3,1,2,2,10,6,0
2067,Jahmai Simpson-Pusey,Manchester City,1.0,1,0,1,0,0,0,0,0.0,0,1,1,0,0,1,2,0
2068,Danel Sinani,St. Pauli,1.4,4,3,0,2,2,0,1,0.0,1,1,0,1,1,5,1,0
2069,Lassine Sinayoko,Auxerre,9.7,12,7,6,2,4,5,10,50.0,5,7,1,6,7,19,21,0
2070,Wilfried Singo,Monaco,9.2,14,10,6,7,1,4,7,57.1,3,4,2,2,22,36,37,0
2071,Luis Sinisterra,Bournemouth,2.3,5,1,1,2,2,0,4,0.0,4,3,0,3,0,5,5,0
2072,Daley Sinkgraven,Las Palmas,1.0,5,1,3,2,0,1,3,33.3,2,1,0,1,1,6,2,0
2073,Jailson Siqueira,Celta Vigo,5.0,7,7,5,2,0,5,6,83.3,1,5,3,2,8,15,18,1
2074,Ibrahim Sissoko,Saint-Étienne,8.5,11,9,5,3,3,2,5,40.0,3,8,1,7,2,13,13,0
2075,Ibrahima Sissoko,Bochum,10.2,23,17,11,11,1,8,15,53.3,7,9,3,6,14,37,15,0
2076,Niama Sissoko,Reims,0.2,0,0,0,0,0,0,0,0.0,0,0,0,0,0,0,0,0
2077,Antonio Sivera,Alavés,15.0,1,0,1,0,0,1,1,100.0,0,0,0,0,0,1,7,0
2078,Tim Skarke,Union Berlin,3.6,2,2,1,1,0,2,5,40.0,3,2,0,2,0,2,4,0
2080,Ellyes Skhiri,Eint Frankfurt,9.5,10,6,4,5,1,4,13,30.8,9,19,4,15,9,19,15,1
2081,Oliver Skipp,Leicester City,5.6,6,2,2,3,1,5,8,62.5,3,8,3,5,6,12,8,0
2082,Leo Skiri Ostigard,Rennes,7.9,15,13,12,3,0,12,19,63.2,7,6,6,0,7,22,45,0
2083,Lukasz Skorupski,Bologna,8.0,0,0,0,0,0,0,0,0.0,0,0,0,0,0,0,3,0
2084,Robert Skov,Union Berlin,1.8,2,1,0,2,0,1,2,50.0,1,3,0,3,2,4,0,0
2085,Milan Skriniar,Paris S-G,4.2,7,5,3,4,0,3,3,100.0,0,7,6,1,3,10,16,0
2086,Steven Skrzybski,Holstein Kiel,4.7,8,1,1,3,4,4,8,50.0,4,9,0,9,5,13,2,0
2087,Naatan Skytta,Toulouse,0.1,1,0,0,0,1,0,0,0.0,0,0,0,0,0,1,0,0
2088,William Smallbone,Southampton,2.7,7,3,3,3,1,3,5,60.0,2,3,0,3,0,7,2,1
2089,Adam Smith,Bournemouth,8.6,11,7,6,2,3,6,11,54.5,5,7,2,5,8,19,30,0
2090,Eric Smith,St. Pauli,11.4,14,10,12,2,0,8,9,88.9,1,18,6,12,19,33,42,2
2091,Justin Smith,Espanyol,1.0,4,1,1,3,0,2,2,100.0,0,1,0,1,2,6,0,0
2092,Emile Smith Rowe,Fulham,10.4,18,12,5,5,8,5,13,38.5,8,9,0,9,7,25,5,0
2093,Eduard Sobol,Strasbourg,0.0,0,0,0,0,0,0,0,0.0,0,0,0,0,0,0,0,0
2094,Simon Sohm,Parma,11.8,9,5,3,4,2,5,12,41.7,7,4,1,3,9,18,20,0
2095,Alex Sola,Getafe,10.4,17,10,8,9,0,8,23,34.8,15,8,0,8,4,21,9,0
2096,Dominic Solanke,Tottenham,9.9,9,6,1,6,2,2,4,50.0,2,6,2,4,0,9,9,0
2097,Ola Solbakken,Empoli,6.5,5,3,0,5,0,2,4,50.0,2,0,0,0,1,6,8,0
2098,Carlos Soler,West Ham,4.8,4,4,2,2,0,2,11,18.2,9,9,1,8,2,6,5,0
2099,Jhon Solis,Girona,3.6,4,4,2,2,0,3,9,33.3,6,10,1,9,3,7,4,0
2100,Yann Sommer,Inter,13.0,0,0,0,0,0,0,0,0.0,0,0,0,0,0,0,4,1
2101,David Soria,Getafe,15.0,3,3,3,0,0,3,4,75.0,1,0,0,0,0,3,7,1
2102,Juan Soriano,Leganés,6.0,1,1,1,0,0,1,1,100.0,0,0,0,0,0,1,2,0
2103,Borna Sosa,Torino,3.9,5,4,3,2,0,4,7,57.1,3,1,0,1,5,10,7,0
2104,Ramon Sosa,Nott'ham Forest,1.5,3,2,2,0,1,1,2,50.0,1,2,0,2,1,4,2,0
2106,Hugo Sotelo,Celta Vigo,6.6,14,10,5,4,5,4,11,36.4,7,6,0,6,1,15,4,0
2107,Florian Sotoca,Lens,7.8,8,6,1,1,6,5,7,71.4,2,7,1,6,2,10,13,0
2108,Riccardo Sottil,Fiorentina,4.3,0,0,0,0,0,0,1,0.0,1,1,0,1,3,3,3,0
2109,Tomas Soucek,West Ham,9.3,16,9,5,9,2,9,17,52.9,8,12,5,7,9,25,31,0
2110,Matias Soule,Roma,5.9,4,3,0,2,2,1,6,16.7,5,8,1,7,2,6,5,0
2111,Boubakary Soumare,Leicester City,3.3,5,2,4,1,0,3,4,75.0,1,3,1,2,2,7,1,1
2112,Issa Soumare,Le Havre,6.9,4,2,0,2,2,2,8,25.0,6,5,1,4,3,7,7,0
2113,Djibril Sow,Sevilla,7.3,5,3,2,3,0,0,3,0.0,3,4,1,3,5,10,5,0
2114,Saidou Sow,Strasbourg,11.3,9,5,6,3,0,6,12,50.0,6,15,9,6,15,24,37,2
2115,Djed Spence,Tottenham,0.7,2,2,2,0,0,2,2,100.0,0,0,0,0,2,4,2,0
2116,Leonardo Spinazzola,Napoli,2.9,3,3,0,2,1,1,2,50.0,1,4,1,3,0,3,6,1
2117,Anton Stach,Hoffenheim,11.4,31,22,14,16,1,17,22,77.3,5,15,7,8,16,47,51,0
2118,Jens Stage,Werder Bremen,6.4,7,6,4,3,0,3,10,30.0,7,14,3,11,8,15,7,0
2119,Filip Stankovic,Venezia,7.0,0,0,0,0,0,0,0,0.0,0,0,0,0,0,0,6,0
2120,Jay Stansfield,Fulham,0.0,0,0,0,0,0,0,0,0.0,0,0,0,0,0,0,0,0
2121,Carl Starfelt,Celta Vigo,12.2,15,8,12,3,0,7,11,63.6,4,18,13,5,15,30,60,1
2122,Niklas Stark,Werder Bremen,6.2,12,8,7,4,1,4,5,80.0,1,16,11,5,7,19,31,0
2123,Lucas Stassin,Saint-Étienne,4.3,4,2,0,2,2,3,4,75.0,1,4,0,4,0,4,3,0
2124,Jason Steele,Brighton,2.0,0,0,0,0,0,0,0,0.0,0,0,0,0,0,0,1,0
2125,Orri Steinn Oskarsson,Real Sociedad,3.6,4,4,1,1,2,1,6,16.7,5,6,0,6,0,4,4,0
2126,Pascal Stenzel,Stuttgart,1.3,1,0,1,0,0,0,1,0.0,1,3,1,2,0,1,4,0
2127,Jack Stephens,Southampton,8.4,14,10,11,3,0,6,16,37.5,10,7,5,2,5,19,31,2
2128,Leonidas Stergiou,Stuttgart,1.8,7,4,3,4,0,6,6,100.0,0,2,0,2,2,9,5,0
2129,Raheem Sterling,Arsenal,1.6,1,1,0,1,0,1,3,33.3,2,1,0,1,0,1,0,0
2130,Enzo Sternal,Marseille,0.3,0,0,0,0,0,0,0,0.0,0,0,0,0,0,0,0,0
2132,Ross Stewart,Southampton,1.5,0,0,0,0,0,0,3,0.0,3,3,0,3,0,0,4,0
2133,Angelo Stiller,Stuttgart,11.3,16,7,7,8,1,4,10,40.0,6,7,3,4,8,24,18,1
2134,Kevin Stoger,Gladbach,6.8,14,8,9,3,2,7,17,41.2,10,13,1,12,5,19,12,1
2135,Stoichkov,Alavés,6.6,13,8,6,6,1,6,11,54.5,5,2,0,2,1,14,5,0
2136,Petar Stojanovic,Empoli,0.0,0,0,0,0,0,0,0,0.0,0,0,0,0,0,0,0,0
2137,John Stones,Manchester City,3.2,5,2,2,2,1,4,4,100.0,0,2,0,2,3,8,9,1
2138,Jorgen Strand Larsen,Wolves,11.9,4,4,1,2,1,1,13,7.7,12,11,3,8,3,7,13,0
2139,Gabriel Strefezza,Como,11.6,25,17,10,10,5,10,24,41.7,14,9,1,8,3,28,8,0
2140,Cristhian Stuani,Girona,2.5,2,2,0,2,0,1,2,50.0,1,1,0,1,2,4,1,0
2141,Alex Suarez,Las Palmas,11.9,17,9,14,2,1,9,12,75.0,3,18,11,7,4,21,55,1
2142,Denis Suarez,Villarreal,1.3,1,1,1,0,0,1,2,50.0,1,1,1,0,0,1,1,0
2143,Gabriel Suazo,Toulouse,6.2,19,11,8,6,5,12,22,54.5,10,7,0,7,13,32,6,0
2144,Luka Sucic,Real Sociedad,8.8,14,9,3,9,2,6,13,46.2,7,16,2,14,5,19,6,0
2145,Yukinari Sugawara,Southampton,8.3,19,11,11,7,1,10,16,62.5,6,11,5,6,5,24,24,2
2146,Niklas Sule,Dortmund,4.5,5,4,4,1,0,4,5,80.0,1,2,2,0,1,6,24,0
2147,Ibrahim Sulemana,Atalanta,0.3,2,1,1,1,0,1,1,100.0,0,0,0,0,0,2,0,0
2148,Kamaldeen Sulemana,Southampton,0.2,3,3,2,0,1,3,3,100.0,0,1,0,1,0,3,1,0
2149,Crysencio Summerville,West Ham,5.3,10,6,2,5,3,2,5,40.0,3,7,3,4,0,10,6,0
2150,Tomas Suslov,Hellas Verona,7.3,20,14,5,11,4,7,18,38.9,11,15,1,14,3,23,6,0
2151,Suso,Sevilla,1.6,1,0,1,0,0,1,4,25.0,3,0,0,0,0,1,0,0
2152,Zion Suzuki,Parma,12.8,1,0,1,0,0,1,1,100.0,0,0,0,0,0,1,11,3
2153,Mattias Svanberg,Wolfsburg,4.4,7,4,1,5,1,2,4,50.0,2,1,0,1,4,11,5,0
2154,Marin Sverko,Venezia,6.3,8,3,5,3,0,4,4,100.0,0,5,2,3,9,17,22,1
2155,Mile Svilar,Roma,14.0,0,0,0,0,0,0,0,0.0,0,0,0,0,0,0,4,1
2156,Michael Svoboda,Venezia,13.3,24,13,17,6,1,8,17,47.1,9,17,11,6,20,44,57,2
2158,Williot Swedberg,Celta Vigo,5.9,6,5,1,4,1,5,6,83.3,1,7,1,6,1,7,4,1
2159,Abakar Sylla,Strasbourg,7.2,19,10,10,7,2,11,12,91.7,1,12,7,5,7,26,29,0
2160,Issiaga Sylla,Montpellier,5.8,15,3,11,4,0,7,16,43.8,9,5,2,3,6,21,18,0
2161,Mamadou Sylla,Valladolid,7.4,2,0,0,0,2,1,2,50.0,1,3,0,3,1,3,7,1
2162,Sammie Szmodics,Ipswich Town,7.4,9,6,2,6,1,4,8,50.0,4,8,1,7,4,13,7,0
2163,Dominik Szoboszlai,Liverpool,10.3,10,5,5,3,2,6,12,50.0,6,17,2,15,6,16,5,0
2164,Alexander Sorloth,Atlético Madrid,7.7,3,1,0,2,1,1,2,50.0,1,2,1,1,0,3,11,0
2165,Musa Al-Taamari,Montpellier,5.4,11,7,4,4,3,7,10,70.0,3,1,0,1,3,14,0,1
2166,Haris Tabakovic,Hoffenheim,3.0,1,1,0,0,1,0,1,0.0,1,1,1,0,0,1,7,0
2167,Nicolas Tagliafico,Lyon,6.0,20,13,8,8,4,13,17,76.5,4,8,4,4,15,35,14,0
2168,Jonathan Tah,Leverkusen,12.0,6,5,4,1,1,3,5,60.0,2,11,7,4,15,21,34,1
2169,Adrien Tameze,Torino,3.6,2,1,0,2,0,0,6,0.0,6,3,3,0,10,12,3,1
2170,Renato Tapia,Leganés,9.0,25,13,11,12,2,5,16,31.3,11,20,11,9,10,35,33,0
2171,Edmond Tapsoba,Leverkusen,11.9,24,16,12,10,2,11,21,52.4,10,7,5,2,10,34,37,0
2172,Florian Tardieu,Saint-Étienne,1.8,1,1,1,0,0,0,2,0.0,2,3,1,2,3,4,2,0
2173,Mehdi Taremi,Inter,2.7,2,1,0,1,1,0,0,0.0,0,5,0,5,0,2,3,0
2174,Oussama Targhalline,Le Havre,7.3,14,10,8,2,4,3,8,37.5,5,12,6,6,11,25,7,1
2175,James Tarkowski,Everton,12.9,31,19,15,14,2,15,24,62.5,9,22,18,4,12,43,75,2
2176,Cesar Tarrega,Valencia,11.0,14,11,8,5,1,5,10,50.0,5,9,5,4,6,20,52,1
2177,Nuno Tavares,Lazio,8.1,13,11,8,3,2,4,10,40.0,6,4,0,4,7,20,23,0
2178,Marcus Tavernier,Bournemouth,10.9,27,16,8,11,8,6,16,37.5,10,6,0,6,3,30,8,0
2179,Charlie Taylor,Southampton,2.3,7,5,4,3,0,5,6,83.3,1,5,3,2,3,10,20,1
2180,Jack Taylor,Ipswich Town,2.0,3,1,1,2,0,2,6,33.3,4,2,1,1,2,5,7,0
2181,Loum Tchaouna,Lazio,2.4,4,2,1,1,2,2,5,40.0,3,1,0,1,2,6,1,0
2182,Jackson Tchatchoua,Hellas Verona,12.4,21,10,16,3,2,15,21,71.4,6,11,5,6,7,28,27,0
2184,Enzo Tchato,Montpellier,9.1,17,9,10,6,1,10,21,47.6,11,14,4,10,13,30,26,0
2185,Aurelien Tchouameni,Real Madrid,9.4,20,10,9,10,1,7,16,43.8,9,8,7,1,23,43,13,0
2186,Alvaro Tejero,Espanyol,7.7,6,3,2,3,1,2,11,18.2,9,7,0,7,5,11,15,1
2187,Martin Tejon,Valencia,0.5,2,0,0,2,0,1,2,50.0,1,0,0,0,0,2,0,0
2188,Mathys Tel,Bayern Munich,1.9,2,2,0,2,0,0,0,0.0,0,0,0,0,1,3,1,0
2189,Nathan Tella,Leverkusen,2.0,3,2,1,2,0,2,5,40.0,3,1,0,1,1,4,1,0
2190,Nahuel Tenaglia,Alavés,12.3,28,15,22,3,3,14,24,58.3,10,8,2,6,10,38,37,0
2191,Casper Tengstedt,Hellas Verona,10.0,4,2,0,3,1,1,3,33.3,2,3,1,2,3,7,17,0
2192,Marc-Andre ter Stegen,Barcelona,5.5,0,0,0,0,0,0,1,0.0,1,0,0,0,0,0,2,2
2193,Filippo Terracciano,Milan,4.0,6,3,1,3,2,3,6,50.0,3,0,0,0,2,8,4,0
2194,Pietro Terracciano,Fiorentina,3.0,0,0,0,0,0,0,0,0.0,0,0,0,0,0,0,0,0
2195,Ramon Terrats,Villarreal,1.4,3,3,1,2,0,2,4,50.0,2,3,1,2,2,5,3,0
2196,Martin Terrier,Leverkusen,5.1,2,1,0,0,2,1,2,50.0,1,2,0,2,1,3,1,0
2197,Tanner Tessmann,Lyon,2.4,7,4,4,2,1,3,5,60.0,2,2,2,0,6,13,9,0
2198,Kenny Tete,Fulham,12.4,35,23,16,10,9,14,24,58.3,10,18,6,12,28,63,33,0
2199,Teddy Teuma,Reims,3.2,7,4,1,4,2,4,11,36.4,7,6,1,5,5,12,4,0
2200,Jordan Teze,Monaco,2.6,10,5,6,3,1,3,4,75.0,1,8,1,7,2,12,3,0
2201,Florian Thauvin,Udinese,8.4,9,7,6,2,1,6,12,50.0,6,4,0,4,3,12,3,0
2202,Arthur Theate,Eint Frankfurt,10.6,15,8,6,8,1,6,16,37.5,10,18,8,10,15,30,49,1
2203,Thiago,Brentford,0.4,0,0,0,0,0,0,0,0.0,0,0,0,0,1,1,1,0
2204,Malick Thiaw,Milan,7.0,7,5,2,4,1,0,2,0.0,2,6,4,2,5,12,21,0
2205,Denis Thomalla,Heidenheim,0.0,0,0,0,0,0,0,0,0.0,0,0,0,0,0,0,0,0
2206,Luke Thomas,Leicester City,1.0,2,2,2,0,0,1,2,50.0,1,3,0,3,0,2,0,0
2207,Sorba Thomas,Nantes,6.9,8,4,3,4,1,5,9,55.6,4,8,0,8,2,10,8,1
2208,Adrien Thomasson,Lens,11.5,39,22,18,12,9,23,43,53.5,20,19,1,18,10,49,19,0
2210,Morten Thorsby,Genoa,8.8,15,11,5,7,3,6,13,46.2,7,8,0,8,3,18,8,0
2211,Khephren Thuram,Juventus,7.3,13,6,3,10,0,8,11,72.7,3,4,1,3,4,17,13,0
2212,Marcus Thuram,Inter,11.4,11,7,3,3,5,2,6,33.3,4,10,3,7,1,12,4,0
2213,Youri Tielemans,Aston Villa,12.8,28,19,12,14,2,15,24,62.5,9,9,4,5,12,40,13,1
2214,Phillip Tietz,Augsburg,8.4,8,3,2,4,2,4,6,66.7,2,5,1,4,3,11,12,0
2215,Jurrien Timber,Arsenal,9.6,16,9,5,8,3,4,11,36.4,7,10,4,6,4,20,20,1
2216,Jean-Clair Todibo,West Ham,7.2,15,10,12,3,0,9,10,90.0,1,13,6,7,8,23,37,3
2217,Harry Toffolo,Nott'ham Forest,0.4,2,0,1,0,1,0,0,0.0,0,0,0,0,0,2,3,0
2218,Umut Tohumcu,Hoffenheim,3.2,9,5,3,5,1,5,7,71.4,2,2,0,2,3,12,6,0
2219,Corentin Tolisso,Lyon,8.6,20,9,9,7,4,8,21,38.1,13,15,3,12,6,26,14,1
2220,Rafael Toloi,Atalanta,1.3,4,1,2,2,0,2,4,50.0,2,1,0,1,2,6,1,0
2221,Tiago Tomas,Wolfsburg,9.6,11,7,5,2,4,6,17,35.3,11,6,1,5,4,15,6,0
2222,Takehiro Tomiyasu,Arsenal,0.1,0,0,0,0,0,0,0,0.0,0,0,0,0,0,0,1,0
2223,Fikayo Tomori,Milan,6.1,8,7,5,2,1,3,6,50.0,3,7,5,2,7,15,18,0
2224,Sandro Tonali,Newcastle Utd,5.9,14,9,4,10,0,5,10,50.0,5,8,4,4,11,25,9,1
2225,Pablo Torre,Barcelona,2.8,5,4,1,3,1,2,2,100.0,0,0,0,0,1,6,4,1
2226,David Torres,Valladolid,7.7,4,3,4,0,0,1,3,33.3,2,10,9,1,2,6,33,0
2227,Ferran Torres,Barcelona,4.0,4,2,1,2,1,1,2,50.0,1,4,0,4,1,5,1,0
2228,Pau Torres,Aston Villa,13.0,13,11,7,5,1,7,10,70.0,3,9,5,4,6,19,32,2
2229,Lucas Torro,Osasuna,13.5,32,19,10,22,0,17,32,53.1,15,23,4,19,20,52,31,2
2230,Abdoulaye Toure,Le Havre,11.0,29,14,15,10,4,18,24,75.0,6,14,8,6,15,44,19,1
2231,Birama Toure,Montpellier,3.3,8,5,5,2,1,4,6,66.7,2,3,2,1,5,13,7,0
2232,Ousmane Toure,Lille,0.1,0,0,0,0,0,0,0,0.0,0,0,0,0,1,1,2,0
2233,Souleymane Toure,Udinese,6.8,5,5,4,1,0,3,4,75.0,1,15,6,9,8,13,12,1
2234,Lucas Tousart,Union Berlin,1.4,1,1,0,1,0,0,2,0.0,2,3,1,2,1,2,2,0
2236,Conor Townsend,Ipswich Town,0.0,1,1,1,0,0,0,0,0.0,0,0,0,0,0,1,0,0
2237,Adama Traore,Fulham,8.2,7,5,4,2,1,2,6,33.3,4,5,0,5,1,8,4,1
2238,Hamari Traore,Real Sociedad,3.5,11,7,7,3,1,9,12,75.0,3,1,1,0,3,14,11,0
2239,Omar Traore,Heidenheim,9.5,13,7,11,2,0,9,10,90.0,1,12,2,10,8,21,20,0
2240,Kevin Trapp,Eint Frankfurt,8.5,0,0,0,0,0,0,0,0.0,0,0,0,0,0,0,3,1
2241,Mark Travers,Bournemouth,3.0,0,0,0,0,0,0,0,0.0,0,0,0,0,0,0,4,0
2242,Oscar Trejo,Rayo Vallecano,1.9,3,3,0,3,0,3,4,75.0,1,1,0,1,1,4,2,0
2243,Philipp Treu,St. Pauli,10.5,19,14,12,4,3,9,19,47.4,10,17,2,15,7,26,18,0
2244,Ryan Trevitt,Brentford,0.0,1,1,1,0,0,0,0,0.0,0,0,0,0,0,1,0,0
2245,Christopher Trimmel,Union Berlin,8.0,19,14,11,7,1,16,25,64.0,9,5,1,4,5,24,27,0
2246,Kieran Trippier,Newcastle Utd,3.2,9,4,4,4,1,5,13,38.5,8,2,1,1,2,11,6,0
2247,Leandro Trossard,Arsenal,8.4,12,9,2,7,3,6,15,40.0,9,10,0,10,5,17,7,0
2248,Adrien Truffert,Rennes,9.6,22,9,9,8,5,14,20,70.0,6,13,0,13,8,30,15,0
2249,Kostas Tsimikas,Liverpool,2.6,12,7,8,2,2,6,8,75.0,2,3,1,2,3,15,6,0
2250,Viktor Tsyhankov,Girona,5.2,4,3,0,2,2,2,5,40.0,3,0,0,0,2,6,2,0
2251,Axel Tuanzebe,Ipswich Town,8.6,18,11,13,2,3,10,14,71.4,4,7,3,4,11,29,25,0
2252,Stefano Turati,Monza,11.0,0,0,0,0,0,0,0,0.0,0,0,0,0,0,0,7,1
2253,Benat Turrientes,Real Sociedad,5.7,11,3,4,6,1,3,7,42.9,4,11,2,9,1,12,5,0
2254,Tuta,Eint Frankfurt,11.5,25,15,14,9,2,17,24,70.8,7,22,13,9,19,44,70,0
2255,Chrisantus Uche,Getafe,12.2,9,6,2,3,4,1,2,50.0,1,7,1,6,2,11,6,0
2256,Destiny Udogie,Tottenham,12.2,34,20,20,8,6,17,26,65.4,9,22,2,20,14,48,22,1
2257,Manuel Ugarte Ribeiro,Manchester Utd,3.8,19,11,5,12,2,7,15,46.7,8,1,0,1,5,24,4,1
2258,Lesley Ugochukwu,Southampton,2.3,5,2,0,4,1,0,6,0.0,6,6,1,5,2,7,1,0
2259,Lukas Ullrich,Gladbach,3.2,2,1,1,0,1,1,6,16.7,5,6,2,4,5,7,11,0
2260,Sven Ulreich,Bayern Munich,1.0,0,0,0,0,0,0,0,0.0,0,0,0,0,0,0,0,0
2262,Enes Unal,Bournemouth,2.0,1,0,0,0,1,0,1,0.0,1,1,0,1,0,1,3,0
2263,Deniz Undav,Stuttgart,7.1,4,4,1,1,2,0,5,0.0,5,3,0,3,3,7,3,0
2264,Naci Unuvar,Espanyol,0.3,2,2,1,1,0,1,2,50.0,1,0,0,0,0,2,0,0
2265,Dayot Upamecano,Bayern Munich,11.9,17,11,6,9,2,8,17,47.1,9,12,6,6,17,34,27,0
2266,Kacper Urbanski,Bologna,2.7,5,2,4,0,1,4,6,66.7,2,5,1,4,2,7,5,0
2267,Can Uzun,Eint Frankfurt,1.1,2,1,1,0,1,1,2,50.0,1,2,0,2,0,2,1,0
2268,Josha Vagnoman,Stuttgart,9.4,8,3,6,2,0,5,11,45.5,6,7,2,5,6,14,23,0
2269,Oscar Valentin,Rayo Vallecano,10.7,27,20,9,10,8,14,26,53.8,12,16,2,14,12,39,23,0
2270,German Valera,Valencia,0.9,1,1,1,0,0,0,0,0.0,0,0,0,0,3,4,1,0
2271,Emanuele Valeri,Parma,9.6,19,9,13,4,2,14,20,70.0,6,10,3,7,12,31,25,1
2272,Martin Valjent,Mallorca,10.8,11,7,11,0,0,5,5,100.0,0,10,5,5,5,16,52,0
2273,Jesus Vallejo,Real Madrid,0.1,0,0,0,0,0,0,0,0.0,0,0,0,0,0,0,2,0
2274,Mattia Valoti,Monza,0.4,2,2,2,0,0,0,2,0.0,2,1,0,1,0,2,2,0
2275,Federico Valverde,Real Madrid,13.4,22,14,9,11,2,14,20,70.0,6,22,4,18,25,47,15,0
2276,Ignace Van Der Brempt,Como,5.2,18,13,13,4,1,10,13,76.9,3,4,2,2,6,24,9,0
2277,Virgil van Dijk,Liverpool,13.0,8,3,6,1,1,3,6,50.0,3,8,3,5,25,33,62,2
2278,Vanderson,Monaco,8.4,30,17,13,13,4,18,25,72.0,7,15,4,11,22,52,16,1
2279,Maarten Vandevoordt,RB Leipzig,0.5,0,0,0,0,0,0,0,0.0,0,0,0,0,0,0,0,0
2280,Jamie Vardy,Leicester City,10.9,3,3,2,1,0,0,4,0.0,4,2,1,1,1,4,12,0
2281,Ruben Vargas,Augsburg,2.7,2,1,1,1,0,1,4,25.0,3,1,0,1,2,4,0,1
2282,Nikola Vasilj,St. Pauli,12.0,0,0,0,0,0,0,1,0.0,1,0,0,0,0,0,5,1
2283,Devis Vasquez,Empoli,14.0,0,0,0,0,0,0,0,0.0,0,0,0,0,0,0,10,1
2284,Johan Vasquez,Genoa,12.5,15,8,5,8,2,4,13,30.8,9,19,11,8,18,33,48,1
2285,Denis Vavro,Wolfsburg,7.0,4,3,4,0,0,3,5,60.0,2,10,5,5,8,12,56,1
2286,Jose Luis Garcia Vaya,Valencia,9.7,17,11,7,7,3,4,12,33.3,8,10,3,7,3,20,15,0
2288,Jesus Vazquez,Valencia,6.2,16,13,8,6,2,5,12,41.7,7,11,5,6,5,21,19,0
2289,Lucas Vazquez,Real Madrid,6.0,14,10,9,5,0,8,16,50.0,8,4,0,4,3,17,4,0
2290,Matias Vecino,Lazio,5.4,8,6,1,6,1,3,13,23.1,10,5,2,3,5,13,6,0
2291,Renato Veiga,Chelsea,1.9,8,5,5,3,0,4,8,50.0,4,3,1,2,1,9,2,0
2292,Alejo Veliz,Espanyol,7.9,1,1,0,1,0,1,5,20.0,4,11,2,9,2,3,14,0
2293,Milos Veljkovic,Werder Bremen,4.5,2,1,1,0,1,1,5,20.0,4,6,5,1,1,3,15,0
2294,Joel Veltman,Brighton,10.6,22,15,13,7,2,15,34,44.1,19,12,5,7,11,33,35,0
2295,Micky van de Ven,Tottenham,7.9,7,4,3,3,1,5,10,50.0,5,6,4,2,9,16,24,1
2296,Nikolas Veratschnig,Mainz 05,0.1,0,0,0,0,0,0,0,0.0,0,1,0,1,0,0,0,0
2297,Bart Verbruggen,Brighton,11.0,0,0,0,0,0,0,2,0.0,2,0,0,0,0,0,9,2
2298,Simone Verdi,Como,1.1,1,1,0,0,1,0,2,0.0,2,0,0,0,0,1,2,0
2299,Jordan Veretout,Lyon,7.2,10,5,4,5,1,5,16,31.3,11,9,2,7,1,11,8,0
2300,Arthur Vermeeren,RB Leipzig,5.7,13,10,4,9,0,4,19,21.1,15,12,5,7,12,25,8,0
2301,Yorbe Vertessen,Union Berlin,6.4,6,3,3,2,1,2,6,33.3,4,4,0,4,3,9,4,0
2302,Mikel Vesga,Athletic Club,4.1,8,5,2,6,0,4,12,33.3,8,6,0,6,6,14,5,0
2303,Jannik Vestergaard,Leicester City,4.6,8,1,5,3,0,1,2,50.0,1,3,1,2,4,12,29,1
2304,Ben Viadere,Auxerre,0.1,0,0,0,0,0,0,0,0.0,0,0,0,0,0,0,0,0
2305,Guglielmo Vicario,Tottenham,12.0,0,0,0,0,0,0,0,0.0,0,0,0,0,1,1,7,2
2306,Carlos Vicente,Alavés,13.7,13,10,9,2,2,6,10,60.0,4,9,1,8,4,17,11,0
2307,Pau Victor Delgado,Barcelona,1.6,1,1,0,1,0,0,3,0.0,3,5,1,4,2,3,4,0
2308,Nacho Vidal,Osasuna,1.3,2,0,0,1,1,1,3,33.3,2,1,0,1,0,2,3,0
2309,Gabriel Vidovic,Mainz 05,0.0,0,0,0,0,0,0,0,0.0,0,0,0,0,0,0,0,0
2310,Samuele Vignato,Monza,2.5,4,2,0,2,2,3,5,60.0,2,0,0,0,0,4,4,0
2311,Asier Villalibre,Alavés,2.4,0,0,0,0,0,0,0,0.0,0,1,0,1,1,1,4,0
2312,Ivan Villar,Celta Vigo,4.0,0,0,0,0,0,0,0,0.0,0,0,0,0,0,0,3,0
2314,Nicolas Viola,Cagliari,4.8,5,5,1,4,0,0,4,0.0,4,1,0,1,2,7,2,0
2315,Viti,Las Palmas,9.5,32,23,18,11,3,11,16,68.8,5,14,3,11,16,48,26,0
2316,Mattia Viti,Empoli,14.0,36,24,26,9,1,19,25,76.0,6,26,14,12,24,60,59,2
2317,Vitinha,Genoa,5.8,10,4,4,3,3,4,15,26.7,11,5,1,4,4,14,6,0
2318,Vitinha,Paris S-G,8.5,17,9,6,10,1,11,19,57.9,8,7,2,5,3,20,6,1
2319,Daniel Vivian,Athletic Club,10.6,14,11,8,6,0,11,14,78.6,3,9,3,6,12,26,51,0
2320,Dusan Vlahovic,Juventus,10.8,1,1,0,0,1,0,0,0.0,0,4,3,1,1,2,7,1
2321,Vanja Vlahovic,Atalanta,0.3,0,0,0,0,0,0,0,0.0,0,0,0,0,0,0,0,0
2322,Nikola Vlasic,Torino,5.4,18,12,6,8,4,6,11,54.5,5,6,2,4,4,22,3,0
2323,Alessandro Vogliacco,Genoa,7.4,12,3,5,7,0,7,8,87.5,1,11,7,4,9,21,19,0
2324,Kevin Vogt,Union Berlin,11.4,6,3,4,2,0,5,8,62.5,3,12,6,6,6,12,52,0
2325,Mergim Vojvoda,Torino,7.9,12,6,5,5,2,6,13,46.2,7,10,3,7,5,17,17,1
2326,Kevin Volland,Union Berlin,0.1,0,0,0,0,0,0,0,0.0,0,0,0,0,0,0,1,0
2327,Aster Vranckx,Wolfsburg,1.4,3,2,1,2,0,1,1,100.0,0,2,1,1,3,6,4,0
2328,Stefan de Vrij,Inter,5.7,7,4,4,2,1,3,5,60.0,2,5,3,2,3,10,18,0
2329,Ibrahima Wadji,Saint-Étienne,1.2,4,4,1,2,1,3,7,42.9,4,0,0,0,0,4,0,0
2330,Robert Wagner,St. Pauli,4.0,7,2,1,6,0,3,10,30.0,7,6,0,6,1,8,9,0
2331,Elye Wahi,Marseille,5.8,0,0,0,0,0,0,3,0.0,3,1,0,1,1,1,0,0
2332,Hauke Wahl,St. Pauli,12.0,15,10,9,5,1,8,10,80.0,2,10,5,5,10,25,47,3
2333,Kyle Walker,Manchester City,7.2,13,7,5,5,3,11,19,57.9,8,8,2,6,3,16,7,1
2334,Kyle Walker-Peters,Southampton,10.9,17,12,10,5,2,8,17,47.1,9,14,6,8,8,25,28,0
2335,Christian Walton,Ipswich Town,1.0,0,0,0,0,0,0,1,0.0,1,0,0,0,0,0,0,0
2336,Sebastian Walukiewicz,Torino,7.9,10,6,6,3,1,6,11,54.5,5,11,2,9,11,21,29,0
2337,Sebastian Walukiewicz,Empoli,2.0,1,0,1,0,0,0,1,0.0,1,3,3,0,1,2,15,0
2338,Aaron Wan-Bissaka,West Ham,11.1,23,17,11,10,2,10,13,76.9,3,10,3,7,20,43,38,0
2340,Paul Wanner,Heidenheim,9.5,21,12,9,12,0,8,17,47.1,9,5,0,5,1,22,7,0
2341,James Ward-Prowse,West Ham,0.2,1,0,1,0,0,1,1,100.0,0,1,0,1,0,1,0,0
2342,James Ward-Prowse,Nott'ham Forest,4.2,4,1,1,3,0,2,2,100.0,0,3,2,1,5,9,6,0
2343,Kjell-Arik Watjen,Dortmund,0.0,0,0,0,0,0,0,0,0.0,0,0,0,0,0,0,2,0
2344,Ollie Watkins,Aston Villa,11.2,3,2,0,2,1,0,4,0.0,4,7,1,6,2,5,3,0
2345,Timothy Weah,Juventus,6.1,7,4,2,3,2,1,3,33.3,2,6,0,6,4,11,5,0
2346,Adam Webster,Brighton,0.9,0,0,0,0,0,0,2,0.0,2,4,3,1,1,1,3,1
2347,Julian Weigl,Gladbach,11.5,21,6,15,4,2,12,15,80.0,3,16,8,8,25,46,25,0
2348,Timon Weiner,Holstein Kiel,12.0,0,0,0,0,0,0,0,0.0,0,0,0,0,0,0,4,3
2349,Nelson Weiper,Mainz 05,0.5,1,1,1,0,0,0,0,0.0,0,1,0,1,0,1,0,0
2350,Mitchell Weiser,Werder Bremen,10.9,18,11,4,12,2,9,15,60.0,6,9,0,9,4,22,20,1
2351,Noah Weisshaupt,Freiburg,0.9,0,0,0,0,0,0,1,0.0,1,0,0,0,0,0,1,0
2352,Danny Welbeck,Brighton,12.1,11,6,3,7,1,3,10,30.0,7,11,1,10,4,15,8,0
2353,Timo Werner,Tottenham,3.7,2,2,1,1,0,1,6,16.7,5,10,1,9,1,3,3,0
2354,Adam Wharton,Crystal Palace,6.9,18,10,9,9,0,9,26,34.6,17,5,0,5,10,28,13,0
2355,Ben White,Arsenal,7.7,10,6,8,1,1,9,21,42.9,12,6,5,1,11,21,23,0
2356,Silvan Widmer,Mainz 05,1.7,4,2,1,2,1,2,3,66.7,1,1,0,1,2,6,8,0
2357,Mats Wieffer,Brighton,3.1,12,6,2,8,2,3,8,37.5,5,8,1,7,3,15,9,2
2358,Mateusz Wieteska,Cagliari,1.2,1,0,0,1,0,1,1,100.0,0,2,1,1,6,7,4,0
2359,Caleb Wiley,Strasbourg,3.0,1,0,0,1,0,0,1,0.0,1,3,1,2,4,5,5,0
2360,Inaki Williams,Athletic Club,12.4,8,3,2,5,1,6,12,50.0,6,10,1,9,7,15,11,0
2361,Neco Williams,Nott'ham Forest,5.2,17,10,15,2,0,7,13,53.8,6,10,1,9,4,21,20,0
2362,Nico Williams,Athletic Club,10.6,21,12,7,9,5,8,17,47.1,9,8,0,8,3,24,5,0
2363,Joe Willock,Newcastle Utd,5.0,11,7,4,5,2,7,12,58.3,5,11,1,10,2,13,4,0
2364,Callum Wilson,Newcastle Utd,0.4,1,1,0,1,0,0,0,0.0,0,0,0,0,0,1,0,0
2366,Harry Wilson,Fulham,1.6,3,2,2,1,0,1,2,50.0,1,2,0,2,1,4,1,0
2367,Patrick Wimmer,Wolfsburg,5.9,8,5,3,4,1,4,10,40.0,6,8,0,8,8,16,3,0
2368,Jonas Wind,Wolfsburg,5.3,2,2,0,2,0,1,1,100.0,0,3,1,2,1,3,4,0
2369,Harry Winks,Leicester City,9.6,12,7,6,4,2,5,13,38.5,8,10,4,6,4,16,14,0
2370,Florian Wirtz,Leverkusen,10.5,13,8,5,6,2,5,11,45.5,6,13,1,12,7,20,1,0
2371,Yoane Wissa,Brentford,8.1,2,1,0,0,2,0,4,0.0,4,4,1,3,3,5,3,0
2372,Dani de Wit,Bochum,7.3,14,9,6,7,1,8,15,53.3,7,9,3,6,6,20,13,1
2373,Axel Witsel,Atlético Madrid,6.9,10,9,2,7,1,8,10,80.0,2,9,5,4,6,16,24,1
2374,Maximilian Wittek,Bochum,11.2,18,14,8,8,2,14,21,66.7,7,22,5,17,14,32,30,1
2375,Marius Wolf,Augsburg,8.6,12,6,5,4,3,7,17,41.2,10,15,3,12,7,19,21,0
2376,Nick Woltemade,Stuttgart,1.6,1,1,0,1,0,0,0,0.0,0,2,0,2,0,1,1,0
2377,Jeong Woo-yeong,Union Berlin,6.5,2,1,1,1,0,0,2,0.0,2,3,1,2,5,7,1,0
2378,Chris Wood,Nott'ham Forest,11.2,1,1,0,0,1,1,5,20.0,4,2,2,0,2,3,8,0
2379,Christopher Wooh,Rennes,9.5,26,12,15,9,2,14,19,73.7,5,17,7,10,11,37,34,0
2380,Luke Woolfenden,Ipswich Town,4.2,1,1,1,0,0,0,2,0.0,2,8,3,5,8,9,22,0
2381,Granit Xhaka,Leverkusen,12.0,14,8,3,10,1,6,12,50.0,6,11,4,7,3,17,11,0
2382,Lamine Yamal,Barcelona,11.3,20,14,2,9,9,5,10,50.0,5,6,0,6,8,28,1,0
2383,Yehor Yarmoliuk,Brentford,1.9,4,3,1,2,1,1,7,14.3,6,7,3,4,5,9,4,0
2384,Ryan Yates,Nott'ham Forest,11.0,21,12,13,6,2,7,14,50.0,7,12,1,11,14,35,28,1
2385,John Yeboah,Venezia,2.5,3,3,1,1,1,0,6,0.0,6,2,0,2,2,5,0,0
2386,Bertug Yildirim,Getafe,8.2,6,3,0,5,1,1,5,20.0,4,5,1,4,0,6,11,0
2387,Kenan Yildiz,Juventus,11.1,29,17,8,14,7,8,12,66.7,4,11,0,11,2,31,5,0
2388,Ashley Young,Everton,10.5,25,13,13,10,2,15,24,62.5,9,5,1,4,11,36,29,0
2389,Etienne Youte Kinkoue,Le Havre,8.5,5,1,3,2,0,3,6,50.0,3,16,10,6,10,15,51,0
2390,Illia Zabarnyi,Bournemouth,13.0,16,9,8,8,0,8,13,61.5,5,14,5,9,14,30,58,0
2392,Mattia Zaccagni,Lazio,10.3,9,7,1,6,2,3,6,50.0,3,5,0,5,9,18,4,0
2393,Dan-Axel Zagadou,Stuttgart,0.3,0,0,0,0,0,0,0,0.0,0,0,0,0,1,1,1,0
2394,Yoram Zague,Paris S-G,1.8,4,3,2,1,1,2,3,66.7,1,2,0,2,2,6,2,0
2395,Wilfried Zaha,Lyon,0.8,1,1,1,0,0,1,2,50.0,1,3,0,3,0,1,0,0
2396,Warren Zaire-Emery,Paris S-G,9.6,23,10,3,12,8,12,21,57.1,9,18,1,17,6,29,13,1
2397,Miha Zajc,Toulouse,1.5,1,1,0,0,1,1,2,50.0,1,0,0,0,1,2,2,0
2398,Denis Zakaria,Monaco,9.3,12,8,5,5,2,7,11,63.6,4,10,4,6,14,26,22,0
2399,Nicola Zalewski,Roma,5.5,7,5,2,2,3,2,7,28.6,5,5,1,4,3,10,6,2
2400,Andre-Frank Zambo Anguissa,Napoli,13.9,23,15,5,15,3,7,15,46.7,8,8,2,6,21,44,12,0
2401,Francesco Zampano,Venezia,11.0,19,13,10,7,2,8,16,50.0,8,11,0,11,5,24,15,2
2402,Nicolo Zaniolo,Atalanta,2.0,0,0,0,0,0,0,0,0.0,0,0,0,0,0,0,0,0
2403,Alessandro Zanoli,Genoa,7.1,12,8,5,5,2,4,5,80.0,1,7,2,5,2,14,18,0
2404,Duvan Zapata,Torino,6.5,7,5,2,0,5,0,3,0.0,3,2,1,1,2,9,7,0
2405,Gabriele Zappa,Cagliari,13.5,18,10,9,8,1,8,13,61.5,5,20,11,9,8,26,36,0
2406,Davide Zappacosta,Atalanta,7.8,6,4,3,2,1,6,13,46.2,7,8,1,7,2,8,7,0
2407,Bryan Zaragoza,Osasuna,11.7,11,8,8,2,1,4,16,25.0,12,7,0,7,0,11,8,0
2408,Anass Zaroury,Lens,5.2,6,5,0,4,2,2,8,25.0,6,4,0,4,0,6,1,0
2409,Oier Zarraga,Udinese,5.0,8,4,3,5,0,4,13,30.8,9,2,1,1,1,9,3,0
2410,Jordan Zemura,Udinese,7.3,13,4,5,5,3,7,12,58.3,5,9,2,7,9,22,14,0
2411,Robin Zentner,Mainz 05,12.0,0,0,0,0,0,0,0,0.0,0,0,0,0,0,0,16,2
2412,Alessio Zerbin,Napoli,0.0,1,1,1,0,0,1,1,100.0,0,0,0,0,0,1,0,0
2413,Kevin Zeroli,Milan,0.1,1,1,0,1,0,0,0,0.0,0,0,0,0,0,1,0,0
2414,Cedric Zesiger,Wolfsburg,5.8,13,8,6,5,2,6,12,50.0,6,6,5,1,3,16,28,0
2415,Michael Zetterer,Werder Bremen,12.0,0,0,0,0,0,0,0,0.0,0,0,0,0,1,1,3,4
2416,Nathan Zeze,Nantes,9.0,23,12,12,11,0,14,20,70.0,6,17,8,9,12,35,70,0
2418,Edon Zhegrova,Lille,9.5,4,2,3,0,1,2,7,28.6,5,7,0,7,3,7,1,0
2419,Piotr Zielinski,Inter,3.3,5,5,2,2,1,2,7,28.6,5,1,0,1,0,5,1,0
2420,Oleksandr Zinchenko,Arsenal,1.9,1,0,1,0,0,0,1,0.0,1,4,0,4,2,3,5,0
2421,Joshua Zirkzee,Manchester Utd,6.1,2,0,2,0,0,2,2,100.0,0,7,2,5,2,4,1,0
2422,Luc Zogbe,Brest,2.4,9,7,4,3,2,5,7,71.4,2,2,0,2,2,11,6,0
2423,Nadir Zortea,Cagliari,8.1,11,4,5,5,1,6,12,50.0,6,1,0,1,4,15,16,0
2424,Aristide Zossou,Auxerre,0.1,0,0,0,0,0,0,0,0.0,0,0,0,0,0,0,0,0
2425,Yanis Zouaoui,Le Havre,1.8,2,2,1,1,0,1,1,100.0,0,1,0,1,2,4,4,0
2426,Igor Zubeldia,Real Sociedad,12.4,15,11,9,5,1,7,14,50.0,7,19,12,7,12,27,46,2
2427,Martin Zubimendi,Real Sociedad,14.5,39,23,15,17,7,12,19,63.2,7,18,6,12,16,55,32,1
2428,Martin Odegaard,Arsenal,5.5,9,5,3,5,1,1,6,16.7,5,2,0,2,1,10,1,0
2429,Milan Duric,Monza,11.2,1,1,0,1,0,0,2,0.0,2,6,0,6,2,3,12,0
